"true","meld","down"
13.5335655251943,12.52473418106,13.4299236336908
13.4968863694797,12.6345575328117,13.4236954032129
12.6265311012964,12.701519252626,13.4107644344479
11.872032620012,12.7159018820419,13.3777281216449
12.3709427918053,12.6588273553687,13.2967191453911
12.5372439403926,12.6069609071519,12.9676105612542
11.6339250930538,12.5082774755028,12.7317852677926
12.1199632725261,12.8403958541023,13.2867594379557
11.2465065202191,13.0586433752393,13.7859534839352
11.7823831170216,12.7415715405076,13.5496851637947
10.1071051767199,12.3040482109857,11.9337242653557
10.0343446730505,11.8870056187451,11.8887401747707
11.1013077323923,11.602333074237,11.8649919695563
11.6611961084733,11.5072233233192,11.8592765146034
13.8785648666939,11.5819834974981,11.8578931013588
14.7129881882696,11.709859092366,11.967649161455
13.3046944430125,11.7981401217773,11.9765601236577
12.9601775316566,11.789951526056,11.9923433221692
13.6943409402486,11.6364454048568,12.0292004402147
12.7679700909195,11.394380229304,12.0827590317527
11.9679438176727,11.0955077110371,10.1020295585994
11.5216000212596,10.7357085245324,10.2166281202844
10.2517847120523,10.2484448505634,10.3057129733532
8.90958325293337,9.43797823969298,10.0676041788504
8.04364708346999,8.78217957197261,9.96261279708538
7.40217917737247,8.25724124507107,8.11379762127607
7.41761811521267,7.9407384849403,8.09846007754491
7.37672639972448,7.79545634581741,8.10140950436184
8.35010634752677,7.7543631841124,8.11446770144546
9.09942801290008,7.82372219209847,8.1260155111853
8.96217465647719,7.97214254468235,9.07578213452609
9.75358200350948,8.18285486813043,9.09545117717077
10.5057085594877,8.45095181074015,9.11825504761486
10.3082080818194,8.77379754666348,9.14637051690558
10.4391435901999,9.11577577972865,9.18646660495328
10.408858895551,9.40842943876826,10.4565330047337
10.2998912664004,9.65515322574277,10.5016746897928
9.01467846598247,9.72575425284868,10.509540941189
8.76226506809282,9.54812161632547,10.4694442267306
9.28917236776844,9.32929426616143,10.4299742170648
10.0700918375082,9.17218578948641,9.34969579516123
9.77178744336144,8.97223925517204,9.33404058740449
9.8789650684928,8.79832472206638,9.32685617425481
9.71077904140044,8.67107951060554,9.32550101333641
10.1547518631889,8.57453565650805,9.32670872106074
9.83572944948472,8.50852560002102,9.3230042649842
9.39614145235842,8.47896833038215,9.32524135163183
8.4289657739082,8.58154923745388,9.32785658320024
7.56982714360188,8.75617715995194,9.33033594545769
8.08531215006541,8.97492427209294,9.33236599618705
13.6225961975236,12.7165395452515,13.3974582819219
13.0220958651958,12.8632634956684,13.4067075722108
12.4911098609359,12.9497693085142,13.4109300175503
13.0364255427956,12.9501380391623,13.3845311415181
13.7517629019739,12.8569153734186,13.2866247808334
13.410243103983,12.7112173256552,12.8687959282861
12.0288810176828,12.4942639880624,12.4518027019966
12.860114274009,12.8332777027986,13.1703269282016
13.1599111626468,13.0393036820408,13.7381188967534
13.169850157967,12.6872113256542,13.4861449319125
11.705100179039,12.2305980848679,11.9164349824343
11.0555573940684,11.7797150867642,11.8753733983993
11.1739276467721,11.486316505562,11.870756083433
11.2655408030994,11.3975632892242,11.8705442598212
12.324519206395,11.4858341290432,11.867845768791
13.1814202220928,11.6664843789316,11.9735394279673
12.4948400752719,11.7906952708864,11.9755364040998
11.5374937347244,11.7644178146546,11.9875102563276
11.7995630553377,11.6120675368907,12.011950471943
11.8422697271547,11.3198454778776,12.051193670253
11.1324326041837,10.9294630378195,10.0675304392165
11.0028220020541,10.5046978072898,10.1901553536819
10.5518695320158,9.9816075832092,10.2642794745352
8.2883096531817,9.16258775512089,10.025887867225
7.5130899319686,8.42746245731377,9.86210409240288
7.35393131061994,7.94577298110047,8.04629663546384
6.35977892517181,7.65448447486548,8.04670789771477
7.47732799613113,7.55843926695333,8.06760449190021
8.1510604709692,7.55762002170622,8.08865896342777
8.21145045370792,7.68550716730712,8.11251353310736
8.68680106365334,7.8690509703735,9.06566590532201
9.05021628500453,8.1360305609458,9.0925536514062
9.63492689548145,8.45469426453019,9.11995226559711
9.00639115663673,8.82747349725847,9.15677714392934
9.45039673952051,9.31209561093337,9.21690663477527
10.0040229540867,9.72412172483128,10.5320646603481
10.9749365461325,10.0659692138029,10.6217996130877
9.56410833036945,10.0804161399532,10.6191763154483
8.64174541983791,9.77866488957749,10.5366258297517
8.45365412183504,9.46419359688227,10.468168444963
9.21120556292261,9.13138806858087,9.35573174697591
9.42851744672698,8.89239495582957,9.33776498181093
8.89335791690153,8.70320249118709,9.33003402349161
8.84730009311553,8.55914517567761,9.32918110731642
9.09488066306643,8.46400109293151,9.33069796597778
9.57737265620752,8.42921139480648,9.32811862189402
9.12770873514392,8.42601546952922,9.33035840866142
8.45743081278887,8.53053951955412,9.33257406733209
7.79202033456926,8.67443255852,9.33371055096478
8.15067519573014,8.93152840340987,9.33501351260501
13.6417881779817,12.9145725011569,13.3348286098084
12.7976787205738,13.0867829636017,13.3645917172974
12.6824247912026,13.2116744528549,13.4181088267731
13.0174755863853,13.2258013851924,13.4230510683259
13.091644279312,13.1358923766412,13.3682562974111
13.0775831906575,12.9976484812306,12.9961903785664
13.0682658622261,12.8437372583857,12.810533616747
13.7141068839846,12.9202831671993,13.0616468191256
13.4533483889401,12.8638335948455,13.2508562156849
13.0498509862417,12.5523852132714,13.303860541935
11.7954807715758,12.0923929983529,11.8346015697502
11.7239452329102,11.6737793153943,11.8560754423206
11.0385790343092,11.3914706827794,11.8790466041354
11.1305828761398,11.308819743216,11.8910299981441
11.6710104927766,11.3934424006898,11.8848976041951
11.5434894966706,11.5664673669857,11.9847905855501
10.9916242729962,11.7039482941605,11.9748686269052
9.87038291397247,11.6936224918308,11.9747217743092
10.3939650715038,11.5038693588697,11.9805688868078
11.3302132084203,11.1532799674631,11.9970062259932
10.7538182192555,10.6343447717702,9.9472708217475
10.2443429712439,10.1277721145113,9.99240755276516
9.82562398462557,9.44606817299851,9.89749851565741
8.32868029061613,8.75198791729478,9.75803223768155
7.50987308601685,8.12939473392466,9.67134503420736
7.47023000581538,7.70102760177926,7.91618153869644
6.94136354525488,7.51241445681547,7.95975723299483
7.30774373529122,7.48167313620093,8.01556556625672
8.25804770205152,7.54589902625073,8.05809023170677
8.30110419548283,7.71633389776529,8.09286841014514
8.58402021689837,7.95423734703974,9.05366740768386
7.99694385378962,8.23902162516217,9.08480221104867
7.30886272979671,8.59156682379938,9.11782141976522
7.21211627213345,9.02090087225983,9.16324170443378
8.57729583138355,9.51093502984251,9.22597494828037
10.3754042544268,10.0594625619606,10.5903068075315
11.0259135524771,10.5666707323737,10.8092337646837
10.1465296243281,10.5885062880397,10.8193419783531
9.24567383670514,10.047738100126,10.6056157265222
8.65968509062477,9.53439811573945,10.4721806981772
8.42245665280793,9.16080147861513,9.35534155035515
8.44757932178402,8.87005063181789,9.33436115674589
8.53246434831942,8.66940734166247,9.33129285267419
8.57921111643651,8.55583167622617,9.33419779968061
8.86410368263571,8.47383229831018,9.33696396223874
9.13346797757718,8.47297277019858,9.33601871779658
8.79422516804505,8.55039546877588,9.33948842779578
8.38405728014797,8.6403311678071,9.33960242906823
8.13155797028566,8.83177287036608,9.34057404151566
8.31037462553559,9.02630245599244,9.33945315061052
13.4616171411127,13.095342631772,13.2308809669801
13.4272455841943,13.3035763364591,13.3140275686964
12.6614428075368,13.4907961823258,13.4280119309718
13.4861736767232,13.5644531888142,13.5014663650076
12.9370203702891,13.4754582446212,13.5390899913977
12.6032704673089,13.3617922786829,13.1865885557519
13.9575306412437,13.2271133308342,13.0667007979804
13.8842706812612,13.0073612211865,12.9950109869508
12.5999069022657,12.7672035379289,12.9904366741569
12.9794569696091,12.3732680962689,13.0871079731938
12.3942325594631,11.9368250617667,11.7299396437733
12.3163806924415,11.5510548230383,11.8359438876699
11.8574919155349,11.3331304221514,11.9183830134978
10.4816129939747,11.2564858635465,11.9311095326115
10.2379476176413,11.280627420115,11.918204627939
10.4838192446934,11.4169655166362,11.9962662284919
10.329521338781,11.5291207905254,11.9757354967214
10.0279865611474,11.519095478157,11.9608935164977
10.8234625015305,11.3273816469319,11.941722211519
10.9209397503309,10.9228679719322,11.9184330585934
10.3619343730395,10.372407892041,9.84242951137674
9.86544979795419,9.73329115355258,9.72588071950007
9.40670121783399,9.08522194247666,9.59409622717669
8.52238711599476,8.40043353732325,9.384721992281
8.30408391406269,7.87704098940617,9.29013184148271
8.41098156419805,7.59765548633152,7.72455155345718
7.77714802223925,7.55173592130204,7.86430311476457
7.12841808110453,7.60050463560243,7.95222531601291
7.87493691551785,7.7461318372093,8.02303478916213
9.36907290378585,7.94735597174175,8.07108605405748
8.4588845206671,8.19915218889706,9.03812254692284
7.84495869232732,8.49122966817126,9.0735152837267
6.50848733273378,8.834955460362,9.11028910750166
7.7897446273158,9.24378455232307,9.15471699269641
9.71301443879821,9.70270234737901,9.21048166463869
10.1851933448905,10.1966357873536,10.5550253636335
11.4914903897469,10.6089470356825,10.6982430934217
10.9538116271781,10.5333702611867,10.6721650809123
9.6156955425544,10.0546758548693,10.5212734425056
8.90347853561221,9.56438647570469,10.4191178537585
8.90342187680004,9.1813005137326,9.32714938689694
8.03836213787988,8.91417133788599,9.32323385699373
7.81742088873438,8.72650360889235,9.33209944298341
7.97716202603163,8.64408327943406,9.34098349213161
8.76731988587833,8.65838290227061,9.34956292824786
9.50923206891689,8.73524090460158,9.34996171183017
9.1374853142718,8.83339615025818,9.35244913232939
8.55691423247332,8.96154828677379,9.35246356299072
9.03619397538742,9.09451385346478,9.34951547370534
9.35288134708848,9.26298776911459,9.34636601074909
13.143065264918,13.2022963092965,13.1468142986537
14.0200504294813,13.5300303602936,13.2608003564323
13.5881666265449,13.8275665948845,13.450689663425
13.2278950211388,13.9607542291996,13.6201970630432
13.800019730404,13.8782694917131,13.7644067213449
13.1663836178303,13.7887566309361,13.3642112170137
14.400448524901,13.5233996386384,13.1437832208712
14.1594722167478,13.165157731095,12.9315613992543
12.4132216760765,12.6327994778848,12.641092849276
12.4377470482913,12.2024480122777,12.7867504651062
12.4598856543779,11.7994894780834,11.6219892123347
12.308296766589,11.4540154974592,11.8323003037346
12.2278428427479,11.3007303897203,11.9830548060606
10.5133493884742,11.1765670684784,12.0100263450408
9.99331865668951,11.160169231816,11.9628008846216
10.5915975123422,11.2098153499956,12.0087743597348
11.0330869871508,11.3236634049795,11.9760931006786
10.7541322420353,11.3079597302034,11.9468980599249
10.756041506624,11.1057740879549,11.9103064376241
10.9510507603005,10.7164323249776,11.8600300144471
10.6582024832594,10.2026326288619,9.73704848648894
9.9688296072021,9.58138603870198,9.59816170403908
8.91778971755449,8.93597319534278,9.30411771181019
8.69431056078174,8.2167957644132,8.94331365559301
7.92508732615245,7.76549284362874,8.77072297006305
8.07187813302233,7.71037635044633,7.55919525095473
7.09207562558474,7.73986491718857,7.75962590974174
6.84103177133739,7.88657202411971,7.89524863574326
7.29896008088436,8.11137436045893,7.98881341107471
9.00244687589828,8.32316580017563,8.0495263112391
8.69624516574238,8.56182551741848,9.02202112122796
7.98894977031739,8.83427817327237,9.06108043163066
7.24423412578554,9.14467387043448,9.09662627445878
7.89573615475557,9.50330058765759,9.13416835675708
9.75768284580293,9.88154671447887,9.17831355114713
10.2926759397277,10.2129404200012,10.4607817399295
11.4574005951357,10.4228640586633,10.505359752249
10.6683507406266,10.3143464159519,10.4630200079397
9.5905224148409,10.0150369845975,10.3917023454627
9.42361404193832,9.61425257600211,10.329960082076
9.25584571529875,9.26748360510267,9.28284313726605
8.74707127502627,8.99665525414429,9.30980439960717
8.32970905450164,8.87990961227148,9.3353626107145
7.59993407618376,8.86044827619953,9.354119659206
8.08515834999086,8.99741623184051,9.36978183763868
8.75732846146606,9.14441710009256,9.37196041542101
9.66443787365956,9.34935308657873,9.37533881595576
10.1072150532948,9.4949340272004,9.37256069547544
9.17583766175528,9.54876113372277,9.36304764954921
8.81661109037948,9.63824222395102,9.35449609528765
13.6558144067412,13.3990726472596,14.0930559452448
13.8731206390126,13.7726695008615,14.144259145277
14.172623168901,14.181988002337,14.3215292199943
14.0317908195423,14.4247181999518,14.5695411707175
14.8010499268248,14.5186460031747,14.7169461565703
13.771548659591,14.29425184878,13.6183417994956
14.5559584543813,13.9008033266549,13.3795899825596
14.1305158329166,13.2783763970224,13.1105277324741
12.1902280254919,12.6482507573069,12.8153987646886
11.4297772602689,12.1154464582208,12.9166870186012
11.7029285234851,11.6201307066812,10.6879150497874
11.3238331871813,11.316636211242,10.9347265139461
11.3547486083824,11.2821904387527,11.2281572589122
10.3470108696721,10.9980939027065,11.1782621443215
9.74484914475111,10.8803875356456,11.0942989841551
10.2580102516509,10.9527645712169,11.2767762042189
9.60461108962066,11.0664421737549,11.2383745686791
9.86711595805211,11.0993968522635,11.2071187416888
10.671706432576,10.9556209649167,11.1670741645803
11.8568824483563,10.6080492702885,11.1010433084503
11.197071100064,10.1956154259464,9.56716331872096
10.8334280334181,9.60737358214154,9.38408408436509
9.13262701526328,8.96425837497525,9.08346198598287
8.02334819280415,8.33571601085932,8.54314603988152
7.84695553823992,7.94650139460111,8.30410117256726
7.84917231024227,7.92694574941733,8.36191912364312
7.17250236984667,8.04607399409652,8.6447210083317
6.98725497981362,8.25436979805914,8.83483167226264
7.35051350797409,8.49477410759042,8.95407886962591
8.70577845866818,8.75428588941829,9.03304098617871
9.05380173835966,8.99962441493182,10.3582388541326
8.12530694371875,9.24454801322643,10.4085140537672
7.93361252107579,9.50701558854739,10.4484417176683
9.26770681585128,9.790394485284,10.4817093809659
9.8302359138905,10.0313836895585,10.5065539908277
10.5650390870911,10.2635820258438,10.748611398199
11.2387165746082,10.3413855531355,10.7384678648749
10.2250862322581,10.24021808252,10.6711711794019
9.30173093268456,10.0237152346864,10.5959457708155
9.14724378585464,9.73658395734305,10.5516828944453
10.1808404719528,9.45475933029974,10.4116391793429
9.94049575252116,9.26132657091648,10.5038903619127
8.98318771140343,9.16371233819601,10.557106782871
7.99359703243695,9.22280433154998,10.5919844033162
8.02152592239778,9.47038391086135,10.6138672417875
8.90251364502519,9.80962082359595,11.5190527213638
10.0620671478278,10.0912238403053,11.524938664216
10.7184708894996,10.2118314466397,11.5127182010658
9.89851711268457,10.1800018273986,11.4872185439352
9.16757169815853,10.0680581211947,11.4586149175786
13.8120325161897,13.464168773538,14.1141486194441
14.2198021417504,13.8619859704381,14.0096261215119
14.5107520665546,14.4058113476393,14.2587499676906
15.0210523457781,14.825265133876,14.5552704362799
16.1072650465372,14.9342757873827,14.7356524042246
14.9170853907255,14.6700587511136,13.6087651236332
14.8840533988488,14.0823684193784,13.3614761920932
13.4020940326301,13.2980617904735,13.0846317485841
11.9822263664936,12.6366354263077,12.9350342719178
11.3247310665587,12.0483323223111,12.8869619731238
11.4432613035928,11.4825271648979,10.5775547961741
11.284139093411,11.0832153736452,10.7930515660523
10.2024948657545,10.8509624783823,11.0109936071111
10.2696169822969,10.6542234299066,11.0842726390302
9.83508153803828,10.5946300911398,11.0637881079877
9.82273199080589,10.6917824162728,11.2583602515666
9.30084326496432,10.8518626936564,11.2337151327075
9.53082333278105,10.909226311144,11.2056977107773
10.7549338615084,10.8361612711332,11.1662418463926
12.0758023384257,10.6061194212971,11.1046365426337
11.4778200232299,10.261705567525,9.58155712421485
10.6192890951704,9.77613793594711,9.43185230959979
9.29110974119967,9.21486531621723,9.18669481701846
8.46150229318886,8.69780056958888,8.91727021983164
8.19400532965921,8.34930098814801,8.84684198502923
8.12244418758166,8.24560815622873,8.39907439473301
8.01049846595692,8.34586184264022,8.66042857388855
8.12985452455742,8.5136490789589,8.80794341091609
8.16893139212752,8.8296689403393,8.91888890400003
9.2264003599447,9.11735051792461,9.00772307435908
9.22324669403705,9.38672852476041,10.3403752628387
9.66824983605216,9.6320231141902,10.3943068575727
9.79844532581973,9.84928727945567,10.4360892280607
9.90599050304371,10.0473320157968,10.4636698050119
10.5541157679129,10.2109342731805,10.4818056440101
11.4415993853949,10.301583042973,10.6969349681955
11.3724126187686,10.3230765347131,10.66118185845
10.4206872594749,10.2378957145101,10.5702930195274
10.5895775901004,10.133157617862,10.3729806580439
10.2614343121129,9.95463736773505,10.3242741119749
10.8430050646838,9.87189570887519,10.3951452526408
10.4247230644548,9.75747971272829,10.5573514841512
9.47562580367036,9.68275666955202,10.6172039585909
9.72068726176477,9.75453000082112,10.634126789712
9.79734472387181,10.1015173332494,10.6636685817093
9.66239551880509,10.5764632747251,11.5884551845452
10.7361064716116,10.9522632453851,11.6033468113324
10.7949724488736,10.9834545087084,11.5708449509685
10.165123491785,10.763893153076,11.5157209167279
10.0982415586592,10.5423528281333,11.4728009293928
13.5294088562045,13.3564790133971,14.1121706400608
13.8517772265549,13.7358612226724,13.9765511198289
14.9404062145363,14.3845742911439,14.2472087647297
15.7102609964281,15.0141531186141,14.6261917874826
16.3205370658419,15.1275232168632,14.7085102904527
15.406837770478,14.7791494294406,13.5967854378057
14.8613877773061,14.0021598798231,13.260513241417
12.9993579824164,13.1659049808678,12.948533835896
11.9390474906993,12.4861897130893,12.6733915367127
11.6252775978076,11.9192746825036,12.5769556982265
11.2148053116734,11.3642582848328,10.3638604878481
10.6648001073651,10.8745729281693,10.6150081452382
9.79340911326438,10.5333815048949,10.8408084017812
10.3574383891603,10.3487147423652,10.952993390164
10.7284525796756,10.3239903380341,10.9948330683779
10.1374829507369,10.5397125565864,11.2366625632599
10.4698891703016,10.7298084435051,11.2311487081295
11.0765408583355,10.8292162048857,11.2150486425617
11.6747689360773,10.8085667438458,11.1856846034672
12.5008619349409,10.6328058639159,11.1346727932473
11.1004272758763,10.3297752694875,9.61337892038925
10.9292253587063,9.92350103007354,9.5005198063911
9.41559439442731,9.45561715561076,9.34915631729808
8.19344757164795,9.024520240589,9.2269562485393
8.17551220156267,8.65591467071576,9.13639327644324
8.85149493360936,8.50464901566935,8.59997158971754
9.16215696568513,8.4746623650902,8.65696709807685
9.09937475543226,8.68497584172114,8.76036572903208
9.3310133866543,9.02866598223332,8.87598496956896
9.1566617921395,9.38746506649316,8.98173564607116
9.40088398469077,9.69633703606399,10.3241134295345
10.3633539774098,9.94923469212234,10.3856830022281
10.3979877239102,10.1311298269724,10.4291285471362
10.1473702161597,10.2602821502944,10.4570939690116
10.3861313873198,10.3469321654265,10.4705172703153
10.5709088860969,10.3699706505728,10.6816819591964
10.9800613705378,10.3228595212562,10.6436500337427
10.1828630841235,10.2577200084274,10.5510539310408
9.92054423250396,10.1722702318994,10.3682248567383
10.0740319762726,10.1769154620203,10.3261459937298
10.0843860103848,10.2322243763291,10.4530184217336
10.783076384502,10.4517643324065,10.7077705254558
11.3255093305487,10.2124636901592,10.6654649218274
10.869168141695,10.3160478352954,10.6749599964024
10.5782498290547,10.6657570018829,10.7046473926958
10.7999902434421,11.2897945448549,11.6928241847083
11.3701500893633,11.5977265795958,11.6712322091254
11.6764972686037,11.5216465778906,11.6057184202535
10.3316483509422,11.174137174323,11.5285010296959
10.8518143352008,10.8264645083144,11.4734054764077
12.3845764192932,13.0535103001533,14.2393599378158
12.7764593229784,13.5741745429238,14.2735575979607
14.3222381249056,14.1380968413453,14.4472266851741
14.9999238776402,14.6651504036498,14.7047078293098
15.0282791999436,14.9543675441728,14.9285340354533
13.8477071679513,14.434968637541,13.5616996094719
13.8246367079759,13.7311848943945,13.1628021359636
13.4620793179316,12.811531209109,12.6279354193104
12.8527277141864,12.1496225579698,12.1913893215538
11.637962103953,11.8039097650327,11.9581012304628
11.1223621456365,11.3077112870324,9.95181544030762
10.2490927719792,10.7769540047247,10.4590860447695
9.68576937093822,10.3773557708114,10.7274810140395
10.3894140727647,10.2357069779552,10.882959605534
10.1402346906993,10.2667874863167,10.9509782944008
10.1714330260091,10.4824225020595,11.2199733238041
10.8306024993179,10.7269844003185,11.2366968899498
11.8286457631012,10.8529127039147,11.2366628227408
11.5261915272183,10.8458243078723,11.2212752474657
12.2231492624897,10.6902318395517,11.1841336100062
10.4612645957459,10.4366728400089,9.68062655124696
9.10948810674078,10.0759044682901,9.60575404238211
9.23834973159173,9.64320057387394,9.50299837936112
8.65142155005987,9.23621814787309,9.41155117194959
9.24727923272331,8.87169105008822,9.32818296685376
9.7867316758839,8.57591397562623,8.64796892242835
9.53833484797963,8.43142268197928,8.5863039536354
8.84360773372932,8.68223923513967,8.66878539690271
9.72646278418439,9.10913614581316,8.81111500500755
9.20560814462007,9.58816108082223,8.95711049768121
9.93313359988683,9.95742937986502,10.3162216958692
11.5683394803131,10.2252774287613,10.3892523468784
10.9638163737403,10.3952967379156,10.4351818159462
10.2863976862179,10.4681582795173,10.4679053507632
9.92414310412475,10.4660186651214,10.4821643816775
9.85772532343284,10.3854468246367,10.6989319860547
10.4363032248943,10.2958487756249,10.6736245616114
9.96524541573011,10.2234590249213,10.6170912074356
9.19106140306904,10.2049768705274,10.5601899333217
9.4256438071446,10.2728067723726,10.558611685233
8.88633539700838,10.4433910652795,10.4905294369657
10.6113736926416,10.6607925616734,10.681916149058
11.0239218830496,10.6312001961012,10.68080382336
9.9640907848717,10.6783131459837,10.670238447881
10.1326503706622,11.0255679091284,10.7016647120756
11.7753160655073,11.605433104645,11.6897964521216
12.1953298996839,11.706003538961,11.6279624804088
12.5064278338685,11.5361333234157,11.5550218603798
11.2123088593535,11.251264961682,11.4982807148364
10.7876059679395,10.9823654768385,11.4596275209538
11.4807035573864,12.5439802592681,14.3329157283656
11.7849569198942,12.9752277013466,14.3771362029787
13.0692251348477,13.4944846294482,14.5189402502824
13.7185198509753,13.8445189342813,14.641923572267
12.9127063355881,14.0033557447798,14.7154671041345
12.242342272078,13.6832015451948,13.5093200647945
13.4363297938863,13.0650934255723,13.105322116114
12.7315539885277,12.3646481965634,12.6206568469068
11.8192918690127,11.7351751020272,12.1599741614024
12.1764816630418,11.5335797508918,12.1709200690655
11.1423318865942,11.2500272128969,10.0675321295227
10.3876985271853,10.8219151209997,10.4674230691482
10.4979348939429,10.5099351227489,10.7121403947193
10.8921116152168,10.3906421278598,10.8535359115442
10.4593117852921,10.4660960916109,10.9389265242275
10.0542122183815,10.6790270262579,11.2268425147593
10.3640031997112,10.897238002812,11.2641182345097
11.3600402969316,11.005336945629,11.2775847734192
11.8747445300029,10.967040599555,11.2744417577098
11.2057512258085,10.810994976047,11.2534052340024
10.5460077279255,10.542900805047,9.75963529715378
8.73766964004983,10.1729258452351,9.69817278750987
8.16137340713395,9.76699322831476,9.61969608221673
8.5922872910497,9.36265205194937,9.52994771620824
9.52285406895872,8.99458518498439,9.43133274376723
9.88109087574423,8.66989570751286,8.70082501669432
9.23534750817141,8.44563671065575,8.49906859150526
8.24668476221397,8.64859353887943,8.5025398591418
9.67725353799787,9.28351767568582,8.79997512171872
10.0495121954175,9.79251308435018,8.94842391718004
10.6479806003973,10.2361074318663,10.3251882062627
11.8063816909217,10.5281569087233,10.4011937086807
11.3253109487794,10.6622827860703,10.4518730599086
10.7471337357145,10.6854314165825,10.4894944397183
9.81915823893317,10.6172372360849,10.5167719243767
10.4182702825695,10.4431282044622,10.7433223294272
10.6132698744716,10.2782598660346,10.7394358432625
10.5636181250144,10.1735028501367,10.7157091573231
9.68110378609927,10.1605466789081,10.6899297603399
9.94734385784341,10.278321622099,10.7030415218234
9.20941577935668,10.503747171832,10.5464693641301
9.93272179849936,10.7208658250584,10.6123191982944
10.8102217508625,10.8515834045642,10.6293355436038
10.7137823881281,10.9764562916886,10.633172006847
10.7999763147893,11.2243542654489,10.6505261940562
12.0167014664972,11.4575239397717,11.5553543005917
12.1816308922526,11.5333533058351,11.5390642645406
11.4959264167864,11.4041091998479,11.4953210692973
11.8268480038611,11.1952388873675,11.4581114139998
11.5456234552556,11.0053912525048,11.4341342662743
11.4262074593414,11.8884105335445,11.3360060376599
12.4858283922143,12.1305471203802,11.3678978048695
12.0581753586164,12.4490474828077,11.4193586507074
12.9533677985845,12.7248993994938,11.4731611202248
11.839860102514,12.8039314476966,11.461924204794
10.7505203892583,12.6588258814056,11.4996535506344
11.8218524687465,12.2563737637507,11.284979381268
11.5129267747952,11.833355799008,11.0449536479066
11.5034068092539,11.5077881627384,10.8420803459002
12.1137500438252,11.3264370890855,10.8643841304806
11.3325823899024,11.2325337089023,11.5457405355636
10.602798151606,11.0365455330961,11.7638617929253
11.2629288689078,10.9003769520896,11.9412293227598
10.7198889536921,10.8128027239493,12.0624805037674
10.6996108152364,10.8865157183229,12.1540204007513
10.6349815705116,11.0610617991415,12.0282518439001
11.3829468679765,11.2583928318136,12.0871138280997
11.3390987974748,11.2751355400932,12.1132556326344
11.5659047179924,11.2070521064365,12.1237237205402
11.7278731791959,10.9878044558548,12.1276236714647
11.4023380272773,10.6693746511025,11.0136547065431
9.90377938985026,10.2848004299663,10.9504683643597
8.17932177696486,9.88298777961236,10.8667859281049
8.38010615498658,9.50755102555886,10.7640823698515
8.99287629386986,9.17844443584252,10.6495764147245
9.00284258202687,8.95299169496575,10.8806764688529
9.45592247819113,8.83050344690801,10.687027522848
8.58319208444926,9.07368214551948,10.7096078922985
9.77389707967272,9.606809038825,10.9450925959452
10.8616446701595,10.1658182631492,11.1221352783852
10.7769282436044,10.6042906467689,12.1670628012102
11.7220764346099,10.9010895698343,12.2561862730292
11.4994550437026,11.0708064316992,12.3264126194789
10.9316890072685,11.0419398753059,12.3807877019054
10.1585959167562,10.8498892442579,12.4258770527095
10.4874297347646,10.5830972307805,11.5812147393605
9.88359651858794,10.3495723690264,11.6041779791323
10.0461569885364,10.2073970078635,11.5939186490682
9.93825566889598,10.1767686264926,11.5665734354844
9.6037317811385,10.3304518683126,11.5525760858235
9.81569818235633,10.6302495174439,12.1760087664311
10.8059985343525,10.9307036869388,12.1774882638132
11.291982488885,11.1316409689392,12.1841216435766
11.7834434029027,11.2875955664624,12.1889245055283
11.0767880327482,11.3702161669076,12.1912709659701
11.552199031199,11.4339961402162,11.8972896686181
11.4701727884521,11.3604594593805,11.8788916706447
10.5959220362782,11.2508466804103,11.8534565354979
11.5064721951769,11.1073379825479,11.828631023025
12.3215519471331,11.0098326687329,11.8177765270185
10.7234549223347,11.2358112419822,11.3454061590854
11.8536158866228,11.3933225670012,11.3678679404206
12.2045289887007,11.487141043292,11.3847932550927
11.8997824876102,11.6420359176703,11.4028718090569
10.6047267794824,11.7197843077358,11.3877398659653
9.7672001568286,11.7191427457248,11.4710002707717
10.724715736072,11.5675283429593,11.3588628975628
10.2875471120593,11.3635355505785,11.2311209877922
11.2197013015971,11.295790958742,11.1574666918583
11.7897775683593,11.2464986009985,11.1424148219321
11.7374248613948,11.3205137615038,11.7831348825378
11.7890071734776,11.3452262708398,11.8823736439638
11.9792829041746,11.3184588697411,11.9961440499924
11.430550917457,11.3221941997639,12.0936629905052
10.6631548695538,11.3933760269212,12.1781075506693
10.5820590467736,11.5279328235119,12.0613971156627
11.8995310593143,11.6808413897306,12.1497271885156
12.0361447970245,11.7007001514724,12.204771941279
11.8028919547604,11.5043572037009,12.2159825521936
11.3293537365627,11.2733261414475,12.2628299754767
10.9443339380553,10.9393273157231,11.1622626190007
10.6163812519899,10.5315324387311,11.0978433063551
9.27568134619721,10.0788503397732,10.9684245650343
8.53696582151271,9.75359776708168,10.8628650620212
9.08981356000267,9.56958857220945,10.7671731962051
8.77069378092995,9.45316587729431,11.0424480100499
9.37244474154325,9.56451299628531,10.9703719888341
9.70567739029091,9.8188022153048,10.9682130401668
10.5509836816983,10.236513952277,11.0724335484975
11.6749365320523,10.7471517324107,11.1943021984711
11.6494669575082,11.1275729639112,12.2176836499235
11.4816667389318,11.4169256989502,12.3003734541034
11.7595442919158,11.5769741110249,12.378416142206
11.5342927354057,11.5838164927468,12.4529807664637
10.5709398395207,11.3045389353806,12.5199662041397
10.7528868121418,10.9838055713893,11.6989249105231
10.3911279944899,10.7056019935299,11.7522613460959
10.0644252062938,10.5639003310447,11.7814345610314
9.90860317694444,10.4000570069087,11.7055556386603
10.5183702922551,10.5206249145118,11.6339170034224
10.2844608906557,10.8463034889438,12.2006590556751
12.2177836065021,11.214762752391,12.1627306734035
12.4473328344743,11.4560981095736,12.1496167990274
11.906878573526,11.541604895343,12.1452220585229
11.3738503537529,11.5509569909116,12.1438792045238
10.9126014088408,11.4234024798259,11.8393183926678
11.0298802088595,11.3188418446642,11.8211137961745
10.3011068210807,11.1940124047439,11.7910072457853
10.5672694208728,11.0805972752211,11.7749137706122
11.2372684472178,11.0446798090666,11.770903434418
10.566728396925,10.8316833647106,11.3449057558139
11.6935273007845,10.765724614754,11.3541542695652
11.9799527746188,10.7988582406563,11.3650384746056
11.4519420768003,10.8803541734735,11.3651301810263
10.3771889367408,10.9900989477181,11.3555145283317
9.45083119817265,11.0365112243466,11.4676548611654
9.50382672078864,11.0532827764438,11.409929731364
10.7432479780041,11.0482860318799,11.3412100981474
11.8874490731479,11.1268747065289,11.3098569914716
12.402176079286,11.2857521792707,11.3025437495641
11.9916306053377,11.4556274636509,11.9324805406397
12.0090690757628,11.6441104548449,11.9804496626836
12.4724219381419,11.7275599438202,12.0538028353585
11.7379419626089,11.7665209739299,12.1096118757046
10.5302888530224,11.8169233796213,12.182091324072
10.4881618187188,11.9342106752443,12.0827004559981
12.2837847390091,12.113361559074,12.2309429082843
12.3508542555694,12.0405581615663,12.260365815305
12.1365314423698,11.7503730521395,12.2470819257715
11.275655898234,11.5855743355658,12.4439079442417
10.7152037104448,11.3139414841904,11.4359190483202
10.6670122469426,10.8403131258621,11.215059016575
10.3975611665226,10.3930751010289,11.0462713043667
9.78949153905729,10.1046803117222,10.9334558347145
9.65731983518003,10.040242487157,10.8510814285743
9.87301367978567,10.1383180905005,11.1737534345044
10.0654494020408,10.3513102245135,11.1400049287114
10.375987117739,10.6617695960678,11.1376714256498
11.9028884609919,11.048942531656,11.2002986656574
12.306439998086,11.4168082171008,11.2620500115952
12.3102042836207,11.7527727072769,12.2732539257425
12.4243203566553,12.008651960241,12.3533266213166
12.3234088530548,12.2397117745557,12.4470239842341
12.6074874583147,12.2960999749289,12.5672096907583
11.3359547228854,11.9385717421659,12.6313471108686
11.1646233131045,11.5661741365986,11.8579490673256
10.7423740576319,11.4731371801493,12.0214683711837
10.7313417552495,11.2586449791883,12.0348752371993
10.8312924754028,10.9782652332418,11.8907145302396
11.3033010990517,10.8221733768634,11.7000946409551
11.6960266597083,11.1312176362639,12.221796141696
12.7328007316356,11.4699571427326,12.1503057680842
12.8656440035938,11.6976280193005,12.11763205872
12.0888307150369,11.7599812732573,12.1097460018733
12.5231610413269,11.687446609364,12.1084669559724
11.3740865303239,11.4784936502701,11.798513634089
11.1277517474507,11.3038946933117,11.7654599929868
10.7864196183485,11.2003775577624,11.7225162335224
10.682045541004,11.1604689917783,11.6957349779334
11.7970566779552,11.1782553421515,11.7036858174679
9.62940588372191,10.6585527735109,11.337210034452
11.1924097702443,10.5351036900365,11.3399067288013
10.4864521316532,10.5176323240611,11.3420061712474
10.8179518415198,10.5093787172365,11.3410937746418
10.0887584728083,10.5546616984892,11.3323113344484
9.63701240521766,10.6319228617018,11.462265253719
10.257546194987,10.7252668672335,11.4404151983524
11.400396312547,10.8602373230352,11.4157915196981
12.9050938496302,11.0667088600671,11.3966319519306
13.6676527571626,11.3619394262072,11.3974911125297
12.7541393268308,11.6849110881524,12.0197804909539
12.0678089469618,11.9452349971186,12.0488079630994
12.4718105812944,12.092072700035,12.0853596218687
11.5646464759818,12.1388919499224,12.1212745918393
11.0747040825361,12.1131097393958,12.1650099759854
11.3042437390748,12.0350289715721,11.9898338127983
11.586640388318,12.0472686555165,12.0253477136815
11.689534016915,11.8936143747827,11.9459870328351
12.1594221095987,11.7229869474142,12.1086998408578
11.5482074975709,11.6451552382119,12.3522931848187
11.6935691340863,11.5619862233447,11.4879545691637
11.6673485690666,11.1108981622866,11.2186254216091
11.6379890656641,10.7862722521307,11.0709702515079
11.6150231988455,10.6218017538025,10.9618071712202
10.459947790949,10.6609107127428,10.9028137281711
10.7824753481401,10.8742701321101,11.2510230370807
11.1823242324054,11.1952555194369,11.2350592717492
11.1345325557375,11.5516369760513,11.2406985408276
12.3199484862072,11.9172324753997,11.2767600571866
12.9012044985081,12.2350975233841,11.3283855696452
13.294421563747,12.4632548553213,12.3279581834281
13.4215566345216,12.6031611193139,12.4029460823495
12.2108760052436,12.7166737647687,12.4911241217296
11.9873865043954,12.6646117864981,12.6046510875629
12.1366209439199,12.2965395505413,12.7004729365368
11.9302371260568,12.0825705934875,11.9939895453877
11.9041975561718,12.1187174847528,12.264084186352
11.275840871925,12.1370818514736,12.4976217666506
11.993593426807,11.4682290067102,12.0456918924667
11.4403032337903,11.2626644352159,11.8002404735397
10.9377084811209,11.3600394471469,12.2283440425521
11.397918941198,11.6525150590771,12.1123284497572
11.9281820111983,11.8812368662491,12.063950084316
12.1840969454508,11.942649884696,12.0810830284166
11.9390828576398,11.7848910473326,12.0900168410489
11.9251732007889,11.5556078837118,11.7781013166271
11.8340626671011,11.3719594376556,11.7246779863575
11.0296891966034,11.3178910662938,11.6539057919806
10.9566032342682,11.3707523039783,11.5902919298003
11.5591119503728,11.4328562928263,11.6051327565786
10.0616282964291,10.6568404215991,11.3216271760612
10.9270847302137,10.5630664678996,11.3204024181389
9.38003677813906,10.5071670321801,11.3167709468241
9.35623205453736,10.44796387822,11.3165613609263
10.1245700726114,10.4534633604317,11.3155677607119
9.69794992321215,10.4985749334686,11.4615839426975
10.3817710628882,10.6330886927183,11.4553204686762
10.991833747332,10.8286878489947,11.4491842125655
11.6726881180737,11.1432626010209,11.4470027776842
13.7847534199495,11.5297948692649,11.4514780806642
13.8865032287818,11.9476117727503,12.063808393395
13.3806647959485,12.2660613807205,12.0833902509928
13.0573381909928,12.4184848032708,12.1041012223191
12.4789236769698,12.4107016402279,12.1219376763531
11.1512891641509,12.2455820761211,12.1303497233737
10.7348034089191,12.0167579282789,11.9240313925841
11.399069045223,11.7864736552617,11.8667611609355
11.5901566447765,11.5536608018198,11.6771447367007
12.7546529268328,11.506233093663,11.9360393780943
12.3218339433005,11.5422914862321,12.1647137451015
11.439590433862,11.4974099982874,11.1592504471105
12.2857159675645,11.3347559490219,11.105470960467
12.659671785964,11.2068574880411,11.0334289993862
12.0925940320867,11.1814620644044,10.9708597066856
11.426534390279,11.3032787340186,10.9219229656279
12.2210706809139,11.618194779492,11.2907213527738
12.2402670974793,12.0300179239286,11.2859437001255
11.5496574899836,12.4228147695666,11.301322228311
13.0264247961477,12.7786141387318,11.3299871387236
13.6284172626516,13.0432887063432,11.3787466800498
13.7617720647303,13.1574124106198,12.3830275074189
12.1315262855687,13.1748234046203,12.4559223103375
11.0216552954119,13.0505237213388,12.5253532089126
11.2217658527317,12.806562854734,12.6052037951589
12.0599325142251,12.4666024340026,12.7201645474737
12.0235728119321,12.2310923995112,12.0096307414853
12.8436605422095,12.2406554145589,12.2789281130461
12.9631853427548,12.3076339744235,12.552622928282
11.8945890100287,11.6019891322131,12.0778732011359
10.3049188432352,11.362365073303,11.7854187779428
10.1375777812397,11.455783365846,12.2068603521954
11.678620947164,11.7112135085674,12.0365910252472
11.9146651840831,11.9574788626717,11.9868634224667
11.6795447522635,12.0208863890796,12.0824961626732
11.5516574527884,11.8667930451341,12.1088169913371
11.9970449458098,11.6325908010752,11.7901559406105
12.1361882631862,11.4924450175904,11.7187270681577
11.155457651572,11.5551398292662,11.5536711260903
11.4150841690857,11.711944278518,11.3984397771226
11.734843972987,11.7996822918044,11.4866136729115
11.4323114689661,10.7753596775826,11.0472389018431
11.933581654094,10.735545700539,11.0294328469406
10.4122440786418,10.6838671013508,11.0209098047608
9.33954867139245,10.6386535159977,11.0235161031447
9.20215250607198,10.5703654235652,11.029058060666
9.6108233047925,10.5733339341639,11.306505464768
9.57898325704619,10.6854208620328,11.3182286815382
11.3495386597993,10.8883502549528,11.3268085371929
12.2439548806964,11.2509133890054,11.3325747745916
13.6685214061633,11.6999274004015,11.3417640463234
13.761801123949,12.1470226992915,12.7182542029763
13.2452763030583,12.531507573412,12.7306460330131
12.8304411998732,12.6752042382087,12.740982709049
12.6866886476281,12.6011155094186,12.7467710155943
11.324140743758,12.3263012895435,12.738483001294
10.8157711291139,11.9201113160962,11.7595355054719
11.4310573421933,11.5897896199932,11.7030082553976
10.9577910489138,11.3913933353728,11.6550238014012
12.1508937875412,11.3708766688694,11.7451539063612
12.6761701849739,11.4758226857875,11.8829681831917
11.8667255773471,11.5741877576473,12.3100382238822
11.9715885847054,11.5796925774458,12.3237322499959
12.5805396957557,11.5989246148465,12.2885674624867
12.1679037736554,11.6548888949813,12.2446075299873
12.13765659784,11.8502278907429,12.215693868497
11.6358682109997,12.2570638579709,13.9167669565031
12.419796012641,12.7507876699623,13.9294739653376
13.5073086273504,13.2044432887182,13.9471298465278
14.4588322652135,13.5336318851408,13.9864959543359
14.4852995266726,13.7565227654845,14.0529113059746
13.731828194367,13.7925744595727,13.9566565468143
12.0543122703945,13.6796833408277,14.053498259337
11.5799493224994,13.3917110810315,14.1133222056812
11.7489017093656,12.9572204236718,14.1624404936661
11.336192807177,12.3897888880223,14.2182327678152
11.8015920921104,11.9824626415825,11.6557145663616
12.7397100687726,11.7430981376971,11.768732711828
12.2602234737521,11.5632548007272,11.8316062832531
11.2843724215811,11.1777647586136,11.6289991607367
9.37192226619727,11.0577410141688,11.4541986670092
9.04236329788277,11.2377295589731,12.1106266739129
10.7275558318149,11.5939026108794,12.0081381296721
12.0927046138768,11.9427798585724,12.0437646782669
12.1856060557287,12.1016137925884,12.1325036113335
12.4868322587329,11.9828048744,12.1625496151546
12.4633169630595,11.738359079759,13.2414844835628
11.7523333828296,11.6656256806624,13.1420204546888
11.967015800359,11.8567140147062,12.9809918047143
12.3082753437787,12.1856180492742,12.5613556540481
12.5125489481177,12.3211447815126,12.7104231217806
11.1536485809758,10.8702565939832,11.0194966194671
11.9535252138295,10.885682714707,10.9884610359696
10.7231695986822,10.8543424842597,10.9643556474975
10.0886919059778,10.7807323358512,10.9632280180426
8.69388474785161,10.7192663790009,10.9856107276549
8.84892601327551,10.681937759019,11.2820940854206
9.57704660241587,10.7704568691729,11.3080284323
11.5240545508619,10.9954442816031,11.3264700565489
12.5950186648958,11.3595892892664,11.3426406871084
13.6551930287417,11.8071636294829,11.3563712272838
13.8573235211876,12.292300835674,12.7356468635646
12.4683908806664,12.6607760446922,12.7447933564471
11.6377400565731,12.7447634544031,12.7495303295395
12.6242195047584,12.6644194371909,12.7494076575276
12.3184415855876,12.3104861412947,12.7360130725637
11.3092780933292,11.8639857102341,11.7620287547365
10.6271801194248,11.4799237871509,11.7278455973682
9.90645127268582,11.3162343427166,11.7054029015618
12.2442045066898,11.348359286344,11.7246850728843
12.9550495881786,11.4871299760613,11.790376560609
12.5773620523474,11.6585661008909,12.2125288418015
11.7199980331867,11.7641211715474,12.2435311157151
11.9545599173921,11.8347360309848,12.2360447124636
11.9769004150935,11.9597925361668,12.2065793241984
11.3892289271089,12.2262585772373,12.1940495375052
12.3018463925969,12.6875885672569,13.9127357906474
13.2455138686733,13.1796175895096,13.9288973615206
14.3802302420352,13.6428206757152,13.954735975437
14.8641517055266,14.0618323632766,13.9994039210991
14.9400921334914,14.2546880932045,14.0647044779811
14.4304740760077,14.2537705940631,13.9957215965825
13.1107259847829,14.1684174438688,14.1969108142125
13.0493134000518,13.7676740225837,14.2400001272856
13.0803900140778,13.044128136872,14.1651376463504
12.207655863698,12.2807633635147,14.1484680999202
11.1771013815931,11.6907721795591,11.5362420370185
11.7310451320224,11.2242559108979,11.5702421307114
11.2356272640713,10.9039990251387,11.5733991853538
10.5255478884127,10.6295925494488,11.4601138294746
8.91778378166146,10.672380082415,11.3349886690941
8.96478857240491,10.9491060540524,12.0473513639696
10.2934575729433,11.4005137047184,12.0292058195094
11.4217433859545,11.9284899142974,12.1416053423367
12.5919568649916,12.260289219569,12.3078128085673
12.8141533308241,12.1480227745427,12.2780603585689
12.2727629992096,11.9408681564404,13.3666389220432
11.5176721969681,11.9371747456472,13.2994831470414
11.9289994542836,12.2294947155665,13.1860512088739
12.6584813053648,12.6636908724677,13.1966951475293
13.6624992088788,12.9023244464263,13.2047621057956
11.7184976033418,10.8857680013293,10.9716859716042
12.3849225924075,10.9053844638742,10.9112747377863
11.2240870169988,10.8882212702216,10.8645180514887
10.137199524678,10.842989284668,10.8756813715029
9.20620755820097,10.7936113392121,10.9232128618539
9.53258137413226,10.7611832899819,11.2358703613079
10.1944804847793,10.814080949319,11.2843113192793
11.3654089466243,11.0243447273901,11.3234222931704
12.4441895778548,11.3365272738139,11.3472380758814
12.729881319157,11.7913564453457,11.3643029242621
12.8326616617011,12.244853437065,12.7458246223558
12.4095708122636,12.5883689889776,12.7545576121572
11.7727287608159,12.671549491122,12.7577161283657
12.4940599578897,12.5636358865602,12.7556019335705
12.7895293543918,12.2583921659362,12.7471023595861
11.4369764156004,11.8180990898278,11.7783752609046
10.8293002333626,11.5076602724133,11.7526306485604
10.6643375630359,11.3934322503702,11.7221790909224
11.6237444421436,11.4768654948564,11.6723306771975
12.6398963453279,11.5839136144682,11.7228654787989
12.8042067263549,11.7139352124794,12.1563382257917
11.548367555814,11.815918768427,12.1972944180296
11.3477680469947,11.890234186758,12.2012976682989
12.6948913514299,11.9588219218231,12.1854101330679
12.1439077615242,12.2324643427483,12.1532134479262
13.1627020196666,12.7614338872846,13.8990288038791
14.0007132699267,13.3299747322925,13.9252298756002
13.9842111214067,13.8340150461037,13.9453557596953
15.0008535253265,14.20214292987,13.9736010078508
15.1548164900987,14.4104719762598,14.0358328212874
15.3461598899743,14.4033232335849,13.965893139317
14.3698575628365,14.2628394349509,14.1323858880552
13.4729071087731,13.8329823308875,14.1706318956555
13.2454873302521,13.0340817938506,14.0808366480497
11.8152162585397,12.2298632237548,14.0728832322206
11.0346791991151,11.476247495524,11.4351544632465
11.3433715290791,10.8922333519703,11.4469095312971
10.2019212908345,10.4273970313006,11.4115034523264
9.99774796690393,10.21185465109,11.3335354232213
9.76440032827397,10.267261634631,11.213785204578
10.4476466608762,10.5850600104191,11.8876980615006
11.5302222246392,11.1672035394397,11.8747117842661
11.7026341396211,11.8419340543444,12.0833008229315
12.4744366548893,12.3170038608138,12.3654028824332
12.8176351429321,12.2763214072476,12.3566271782404
12.0967206116747,12.1842439713842,13.4929369212471
11.6137135479242,12.3261950986431,13.4979664119691
12.6376661429876,12.8263788182222,13.6168684952391
13.5430873279355,13.4486749467918,13.8324175147943
14.406790691305,13.7124278412541,13.8735221024864
11.9389557825285,10.7787970310877,10.9332374926171
12.703860519414,10.7107547928691,10.8346735239674
11.9061432406043,10.7125254263173,10.6879469407053
10.6275145741996,10.6903413403935,10.7257400714981
9.64074561036432,10.6804154703347,10.8150654309424
9.46555042155659,10.6880167488051,11.1812639649086
10.8393740515112,10.7776067437064,11.2643944497351
11.8610575775448,10.9654521062853,11.3152509099583
12.1845913222591,11.2528819210896,11.3481762258175
11.9440706338923,11.6174176329119,11.3688552515575
12.2624638178897,12.0164226883097,12.753244712549
12.7553273543213,12.2597900574173,12.7622717857372
12.4152558819205,12.3743527549169,12.7672233531694
12.9123953695429,12.3139791700572,12.7670050865282
12.5186824058106,12.083857786355,12.760114045947
11.4877223906506,11.8367111398019,11.7973142668049
11.2574945221129,11.5957410069963,11.7766624999589
11.1802382686785,11.5269317233432,11.7470590265068
10.9738665742589,11.5759992743912,11.71665619386
11.8700338806408,11.6404991451098,11.7371604536092
12.4988486624948,11.6654084473935,12.1415605952527
11.7620263569065,11.6982047759415,12.1801208534523
11.9435389562594,11.7367360493481,12.188526350909
11.8113064871465,11.819800036598,12.1833664338036
11.4354269108263,12.1434727434417,12.1801583406583
12.5581701998933,12.5944454733277,13.9022267109526
13.1856606239732,13.1293057030854,13.9086919796962
14.092117996778,13.6781865413085,13.9207939208075
14.5248702665113,14.0315081224961,13.9328964426606
14.3112758315566,14.2278302910011,13.9576632845319
14.3720672870752,14.1946355248182,13.8124487636485
14.5328933509729,14.0174278599228,13.8915861041949
13.6364407263378,13.6003716948859,13.9157513826108
13.791550395905,13.0632595748673,13.9576404519652
12.7171141723099,12.3122720534392,13.9795509198278
11.544738794519,11.492940852524,11.3727932758276
11.5298309380756,10.8029640193591,11.3772769277551
9.71880230342675,10.2798885559385,11.3420808208204
9.52942982162391,9.99187715412345,11.2520523324385
10.292587154141,10.0016350790353,11.1082281441883
11.1926086406253,10.3193305338573,11.7016551924562
11.4407827711507,10.8858678101573,11.582386305066
11.965334764783,11.6038138325629,11.8471970606495
12.7612486904733,12.1390207330251,12.2158424518718
12.4661964040316,12.4232163880555,12.435007985361
11.2502475915273,12.4641582152341,13.5851895325834
11.5857117517171,12.7406786047595,13.6288069012187
13.0358556097815,13.3660650325898,13.8610218048394
14.3172419362726,14.3022107373392,14.5468091087638
15.0617866905639,14.4480641284036,14.4390999039406
11.7163895354609,10.4536588795267,10.8849734505333
11.3865760092303,10.4005798029102,10.7496394047287
10.8897786955603,10.3327787879331,10.54061221333
10.1503725361216,10.3347783444436,10.4199235135093
9.21588913947725,10.4088818345011,10.7041507811175
8.25985682886662,10.4843643295549,11.140854516265
9.43760741703775,10.609408743949,11.2501898215489
10.9902242598039,10.7856111517464,11.3126242631096
11.4746760717088,11.0143106287428,11.3514919080643
11.0587793793027,11.2696932698341,11.3745555423542
11.1626938689789,11.5431181387422,12.7603847876924
11.9153367634895,11.713344642023,12.7709603987284
11.8694444155701,11.831186045716,12.7762036371553
11.7177868336499,11.8866595451067,12.7781981707473
11.7248588975444,11.8504740176343,12.7747870928702
11.7355725221187,11.8071345899015,11.8171558837225
11.8062749332571,11.7810852033521,11.804494691368
11.5812748253342,11.7355128624065,11.7860861679542
11.1435303304965,11.7067907431544,11.7719679693888
11.4884372514413,11.63682765246,11.7875499782541
11.9781183284209,11.5032786457618,12.1603507268953
11.4102472979466,11.3859107881287,12.1821294118685
10.856415822528,11.3244913897449,12.1900402493097
11.0595815102311,11.4214715045294,12.1904457166459
9.96609509086817,11.7090093223951,12.1895885825064
11.2354392989208,12.1370016791973,13.8950567434748
12.0987546156207,12.6947026497597,13.8963886297847
12.9965502990167,13.1920593699475,13.8826550280798
12.6311080104057,13.5904858009883,13.8638933700449
12.7521303089199,13.7918859699938,13.8375487796205
13.2374127771426,13.8041470912296,13.6253050804973
13.872885329643,13.6584119359774,13.627281399845
14.4874911695474,13.476556206067,13.6834543915235
14.3391617472283,13.1186273185087,13.7859994568824
13.8268321550969,12.5801873392671,13.897995171818
12.5177988488642,11.8240604820913,11.3608825698072
11.1695227068393,11.0553893494099,11.3855482253977
9.76471310003123,10.375442918161,11.3329347736805
9.7919818914435,9.98292311161402,11.2325583485607
10.1443336021912,9.84737157709696,11.0516646465379
11.3376341940346,10.1111943791225,11.5481392013923
10.8105077895902,10.6808324254351,11.0621756105123
11.6955162293134,11.5363963985438,11.664203674389
12.1290494111645,12.2465073260675,12.3531224576509
11.8046423216989,12.6957072549255,12.68822607925
11.2036480829342,12.8243892222212,13.6904255686284
11.1485784822242,13.0409969893643,13.5940636163165
12.6404938046886,13.6524248420401,13.8715088234795
14.2839201419353,14.2989217648425,14.2691273591938
15.3731748179004,14.3385586846765,14.1933939844572
11.0409802372044,10.0464073749808,9.36664837006859
9.98930893671431,9.96039260769593,9.23061927717095
9.41330020631608,9.92077063128278,9.08921986070581
9.70365105162811,9.93992116069448,9.04885719781779
9.16370541963368,10.0455134469934,9.22858164760695
8.75800278947627,10.1822053603366,9.87461223450002
10.1160392738238,10.3382775556618,9.95495972643727
10.0740320642014,10.491213082878,10.0173398177017
10.4276712919865,10.6551383368398,10.0496837204754
10.6853174325438,10.8306170447287,10.0700769757536
10.8693542247585,10.9377995443377,10.6299364721559
10.0543951119807,11.0511473841099,10.6393000163325
10.1594895199429,11.1995631902332,10.6458730312572
10.5181021512504,11.3911256411945,10.6504531739391
10.5967559001492,11.6282825671176,10.6520075586417
12.5265836017868,11.8260835933985,12.3377827725828
12.2449487675399,11.9747548245626,12.3328037771655
12.2263988121689,11.9749461784996,12.3243252262097
11.4876987712248,11.8473856556111,12.3183486003037
10.873314928248,11.5815248025405,12.3204379394647
10.650926245965,11.23890450735,10.270601928396
10.9384763164335,10.9500200833814,10.2765572829072
9.75002631047158,10.7524924962458,10.2781004343652
9.87662121982282,10.7553755268535,10.2785541150251
9.56729400044988,11.0052099273837,10.2765434988308
10.2442663982885,11.4224813801316,11.3598471551232
11.0483754007561,11.9460753516692,11.34815847853
11.5603377576845,12.4461689919097,11.3200525417234
12.2560034093951,12.8805337854686,11.2702611826791
12.8706729736999,13.1584344027697,11.201372951965
13.4379470368431,13.2756151947464,13.0595008992892
13.5742653552042,13.200577158871,12.9896782571733
13.8667573714832,13.1934472607847,13.057645625743
13.8762278982628,13.2404956951164,13.2951542575159
13.9122148218885,13.0638170923274,13.5820888280819
13.4625973978919,12.4043484028113,11.8857516244582
11.8928821769916,11.5950075946608,11.9602342747645
9.52517324718142,10.7685639367186,11.8889338512572
9.32587812027428,10.107900421307,11.7599408826924
9.86879595412567,9.8838893565251,11.6082949119564
11.4490644304051,10.080435864366,11.1904583664685
11.0986222794449,10.7166478771099,11.1658749824049
12.0974380023793,11.5781825401529,11.5425346588538
13.2089693202753,12.6485123830781,12.5124382325875
12.0199201606245,12.993040726833,12.4928144404748
11.9032575789787,12.9994854720284,13.7422254032754
11.660932050288,13.2179825747971,13.5842093879337
12.4927920466341,13.5451078415552,13.6937979063097
13.8113890187331,13.8573243279732,13.8443017375182
15.0297223834055,13.906173706697,13.8586101343535
10.2140083112006,9.65899889618896,9.40756062886559
9.46800585040186,9.54675681046842,9.32723169582541
8.60120769689431,9.49513835136938,9.27120403028139
8.60264512680767,9.53352125399794,9.25993316694676
9.89847739813717,9.64197376799659,9.33603962179609
9.56099274708825,9.81140293967833,9.91626845119323
10.0213807109444,9.98012678962619,9.98535362962198
10.1788984665648,10.1184417615625,10.0321650464814
10.7851677971427,10.2430672491144,10.0596881554336
11.1641871146563,10.299810611064,10.0779896406133
10.9885856169145,10.3346292625402,10.6375482930038
10.2908522050215,10.4191220326682,10.6471732453758
9.26657927335525,10.5716552860375,10.6551176624541
10.0532737623063,10.8959090380065,10.6614674035504
10.1530688569649,11.3889688649938,10.6674159280444
13.094461823894,11.8129417646932,12.3602574278819
13.5864226917563,12.0974722369048,12.3604509931037
12.4846835330136,12.132145738377,12.3567540777797
11.1105997526436,11.9112890188288,12.3512655378682
10.1348877984035,11.4859602061116,12.3442818825155
9.88746886432971,10.9459665633427,10.2814944275552
10.3109667382901,10.4328953197148,10.27762072844
10.1481865441162,10.1631519135928,10.275707531816
9.91114095631176,10.0515865452478,10.2716115769923
9.85203685865812,10.2272455967819,10.2683819785548
10.2545021777225,10.6243638536476,11.3461062579087
10.713080584016,11.1176582639131,11.3256005443752
11.4499918867003,11.6275385672571,11.2882118770026
12.3500521707027,12.0814974754528,11.2092696053021
12.6855180970055,12.4273148198212,11.0673378935833
12.8865760129818,12.5431230871374,12.8061459423547
12.3888901167231,12.4951435517481,12.3992879017198
13.1087352495482,12.8512595617478,12.6593985612004
13.9274167495575,13.270560446619,13.1315031228439
13.068277387319,13.3798068009147,13.6102606160757
13.1182509814752,13.0532995515964,12.1394205923268
12.3476319036803,12.291058617753,12.2346750411684
9.75334512761225,11.3158557942331,12.1072610303397
9.56772639142964,10.4233852589849,11.9120187332043
9.97213277750283,10.0093438031212,11.7575284542951
10.4033222275731,10.0507076751579,11.4246760177124
11.7964860014893,10.5395602850817,11.4696729345874
12.315384951549,11.3461614775355,11.7707678362755
12.5817271906521,12.2088254531559,12.2805882459884
13.1857066096352,12.5904737914951,12.0317553190031
13.0630925589174,12.8754616201961,13.4560764354044
12.8413279983233,12.9859941024804,13.0852933584233
13.0705704275109,13.2171537757672,13.3466429676094
13.7867983993309,13.4554674657278,13.4968304812968
15.1610138619008,13.4726178815199,13.5241203164096
9.52468220681659,9.35127203752779,9.45469679297488
8.86497659485786,9.18304800687643,9.42028853856332
8.27733093243197,9.13070491109181,9.38465580062721
8.59028965596488,9.13309000263753,9.3895417912734
9.71579381568205,9.25677163467123,9.42658286497922
9.4782841638555,9.40909343143348,9.97333080529755
9.36300079786418,9.56940690434347,10.01930205108
9.75421149391006,9.69558827918244,10.0501857752157
9.53759800892577,9.77612801964168,10.0725917317786
10.1772195203641,9.80526800464924,10.0877872125482
10.2536275677506,9.79937186407821,10.6457929251349
9.56831703992959,9.86721797272996,10.6561500159839
9.27226157277872,10.1428111405093,10.6654869843507
9.82420856339877,10.5650024406022,10.6745613845942
10.7628868221239,11.1471405584876,10.6840831860399
12.6077948510481,11.7589920043111,12.3862679118279
12.8190220804812,12.1600738637297,12.3916017525329
11.8442177118912,12.195247468042,12.3884118361151
10.863348452076,11.9366387539419,12.3789431620751
10.4540135487661,11.3972172686046,12.3633278387792
9.45236054094907,10.6737291027799,10.2860773916018
9.78778878420152,10.068362249044,10.273927972565
10.6407251464657,9.64622894245976,10.2621416764599
10.4020680373439,9.47961766268464,10.2557277021736
10.4322949826767,9.57092262849727,10.2526591614039
10.3479070083555,9.89583856618771,11.3294792093975
10.2366488532644,10.3558114731925,11.3073067385095
11.9193720254327,10.8387010008152,11.2617996251763
13.1249024268192,11.3226626878261,11.1660418015497
12.3442817874906,11.75374899727,11.0110718898914
12.1994797867112,11.9848675097559,12.6332785124645
11.8766365158788,12.0476426552601,12.1718526762461
12.8479457069434,12.5570533573354,12.4127499899749
14.0687032025585,13.3188752213754,13.0833976694368
12.5297650646256,13.5722605135437,13.7009519103863
13.0552699754622,13.3860147774455,12.3600474366996
13.1022448929595,12.8989174539303,12.9061035886714
10.4128790762332,11.6344544459646,12.3574028750606
9.46895376543486,10.5553264867338,12.0280014319749
9.67600071421573,10.0207079750178,11.8605985884118
9.32280540334136,10.0406050709801,11.5628294686595
9.95262832956754,10.3580631260007,11.5526480746071
11.2395598370117,10.8898199999451,11.6044504967948
11.5620104329143,11.4311253200933,11.5874552296441
12.4524092934875,11.9272872274887,11.5309291794358
12.9402130242487,12.3294248610998,13.2138276029765
12.6159368515707,12.61217814345,13.0650959077526
13.5221456190738,12.850849188182,13.1679378419083
13.4462780059229,13.0430829699332,13.2615598167586
14.5481336378192,13.1429529808253,13.3054084954925
8.64621029316427,9.13172325859717,9.49410566162571
9.01514919212065,8.94265748930866,9.48310002836259
8.34887353443517,8.83925172780018,9.47121063475423
9.21866527696377,8.82480667376604,9.47252436171833
10.5217561498427,8.89188187301408,9.49028354983476
9.62425281711679,9.00857493647902,10.0241339899178
8.8887184003336,9.14961162621272,10.0497378430019
8.88373441017746,9.2576175879701,10.070400663906
9.48120673157572,9.33252291464698,10.0865243156973
9.70190996856356,9.3565067944731,10.0980884255706
10.25392124956,9.42238749816643,10.6555416281218
9.28132096505557,9.55978876863499,10.6655340148287
9.07135990902032,9.86938093419143,10.6767409662136
10.43688791104,10.3655706201577,10.6890095028744
11.4916583114511,11.0210699341737,10.7035076550633
12.0733772812413,11.7089182803756,12.4166180714073
11.6131239148648,12.149255963969,12.4316280718508
12.3307265048391,12.2233093843966,12.430579316468
11.9173681525616,11.9652672374123,12.4131872243697
11.2356624106639,11.3454841830409,12.3844351550194
9.7772859109071,10.5522706116053,10.2867799079472
8.81220327421045,9.86497382359281,10.2552441163515
10.1866297502798,9.40919038357021,10.2345563601632
10.0790170761114,9.16588225801041,10.2254015537812
9.59263830745841,9.14207274530362,10.2234367809703
9.60432246059276,9.32272052665178,11.3084444020716
9.13877922893027,9.7229205918554,11.2903204030335
10.1441690422229,10.1563690505812,11.2498416774838
12.5110709495542,10.6627026531684,11.1610842022276
12.8357382696848,11.1568070176868,11.0006463899123
12.1851050753105,11.5776597726795,12.6681522695667
11.8467262056723,11.8875576911476,12.0970063397419
13.0613636005521,12.475725373675,12.3972734147863
14.2305415403674,13.1287611765679,13.0758857554727
14.0218811610376,13.3315670293269,13.6385859129421
14.4474701424793,13.083913857519,12.2140442966652
13.4785310608535,12.4359502640289,12.4636061247806
11.2682979669253,11.4920802276269,12.3447016695043
9.0885927670987,10.5402528221208,12.0788599626388
9.41757157424022,10.0490319423983,11.9196365677698
9.6673837520273,9.92811569578655,11.5972275810493
9.66618372080955,10.2200545091131,11.564800193821
10.1428629169806,10.6722550653698,11.5578404015672
10.6838948825094,11.1370647002723,11.5193530297977
10.4103862120325,11.6034140444105,11.479414377904
11.7470003040059,11.9980056875131,13.2581906177448
11.714242650796,12.2639254289843,13.1717374288823
12.4361917256926,12.5212147053322,13.1272940931095
13.017526054209,12.7406852527808,13.0916604617189
13.2433271798463,12.8551821121308,13.1034203238969
8.66491545928274,9.04279132140015,9.52948705958481
8.33953032716579,8.83675157864424,9.52159637027848
8.09182913491436,8.68600918843284,9.52171089815998
8.90940838947536,8.63138108578393,9.52739612119314
10.5098054621183,8.63860398900671,9.53811328427381
9.86136738417266,8.7063526594359,10.0640023346181
8.77909060351249,8.79194458389958,10.078023175642
9.08962185600677,8.87110624426704,10.0913033017006
9.82239282386987,8.94358750291779,10.1006548437346
9.78912648656223,9.03372871374286,10.1098029283034
10.502400032067,9.14462715815243,10.6652342632213
10.3774897137297,9.38338631844554,10.674860453885
10.0723079865471,9.7402645182671,10.6871086827712
11.4432348167055,10.3051401449271,10.7042191103286
11.9253998334551,10.9915601465583,10.7293244223192
12.1101258297311,11.6732813849077,12.4617130033841
12.3484415023163,12.1107970269321,12.4890620110627
12.4864080773895,12.2359534046722,12.4936694508244
12.7895614405603,11.9859996212124,12.4657889482712
11.9071664409402,11.3607667842019,12.402324960871
10.4833615379105,10.5854859964454,10.275004041893
9.41217153809324,9.89624376442187,10.2227117261786
9.78803951733905,9.40206463466299,10.1801017909883
9.45275331377189,9.05125995681811,10.1736609113622
9.07770146238842,8.88874762485384,10.1832965701678
8.70821673687477,9.00355262988842,11.2721703395624
7.98287517555376,9.22508792401799,11.2750590981953
8.55054176185888,9.60194428315109,11.25423319979
10.9406955691793,10.0825912499412,11.1955551396065
11.4348648196402,10.6720496704092,11.0685130533017
11.8589486358271,11.2719256945145,12.7968822426179
12.2365593033209,11.7501842878427,12.4716677453786
12.2268623737253,12.3866374279111,12.686627364439
13.3719339984242,12.8526703662282,13.1534495783923
13.4355777174586,12.934925573062,13.5773889934513
14.2307169484372,12.5684233689507,12.0319520221858
12.8036602016616,11.886692414625,12.1412660869625
11.5246065310495,11.1019826976854,12.170260662311
9.45089036008263,10.3556030516117,12.0182952087056
10.466796398938,9.95630712156584,11.9057293592833
10.3497660527234,9.94709087375401,11.6094132129273
9.33724489366006,10.2087755014718,11.5754999280341
10.1870968444241,10.6761241684129,11.5615815173359
10.3227854453353,11.1189661832055,11.5444672235166
9.79703450435253,11.5292406772091,11.5278704301901
11.0834432775675,11.8695076545131,13.3449793077117
11.7537510956963,12.1144796892566,13.2844585370955
11.2867933850324,12.2840812384239,13.192667539779
12.1091540358782,12.5015566272217,12.9914653238244
12.7220616312123,12.6613634707989,12.8494944962699
7.49254408042221,9.07626146944798,9.88973255468876
7.90109374617499,8.8629928123106,9.89220123586732
8.57250023481744,8.7112121016618,9.89592068580766
8.83137062594182,8.6310800473169,9.90331183827122
9.54267788533148,8.59460507228712,9.91312140505781
9.47333936621763,8.59308211530482,9.51016533308428
8.49338232465864,8.57155663969955,9.51682508997869
9.19940485118321,8.62515407595077,9.5235027951926
9.06831745749783,8.70130854503284,9.52785124148757
8.44269044217923,8.8320608027733,9.53223626432273
10.6563208128884,9.05487354712266,10.5324143421347
10.6312459125478,9.37459684847991,10.5408010789366
10.2516881536388,9.80043017869397,10.5545488377478
11.2871969258335,10.3446998960762,10.5743740892333
11.5439864635371,11.0109975295741,10.6042082664366
10.8001483863143,11.6375202730247,12.5126427368538
11.9617622957014,12.1586067461578,12.5800496010811
12.6719567888011,12.3489687487427,12.6188465686781
12.9715386882865,12.1100131932851,12.5496530115704
12.0611801826558,11.4828829390739,12.4306700304945
10.2374823568095,10.7400606315281,10.6811741225881
9.79053690528169,10.1071744386,10.5851169862525
10.0375997381726,9.65256059726256,10.5098940623223
8.38677866713391,9.27317117835953,10.5047132042303
8.21177989360288,9.03308855255868,10.5269432421094
8.88774991403333,8.85647022013675,9.87763254359783
8.01491389848777,8.93342664064402,9.90467489395659
7.90294650966046,9.24291694599136,9.91831010497178
9.43862876067608,9.65234201674862,9.90128939131675
10.7493982115124,10.2848385301845,9.85420734756051
11.5587929335681,11.0221990307517,12.4768446922216
12.4442713611886,11.6715810423911,12.3818428321844
11.8056123350528,12.2935865926358,12.4962271381508
12.7861055298943,12.6508603841063,12.6844896193006
12.2930624499659,12.5805519283847,12.9299915262303
12.1431478264022,12.0851483304341,11.7446602297632
11.5143364976041,11.4169835334045,11.8320658199291
10.9449457187435,10.7960067588152,11.8471887182509
10.0314908945955,10.2392990854773,11.7950372943075
10.0604142855975,9.96628685705586,11.731908694556
9.80424661682957,10.0643487729787,12.4436526630939
9.53111446639393,10.4086015406295,12.4278760250442
10.3233080386754,10.8893997524114,12.433032049878
10.6240107134913,11.3829902417834,12.4446129367219
10.7916923419084,11.8042020497595,12.4650541242594
11.0576019941433,12.079817495007,13.5237553132823
11.3965224584944,12.2100313009568,13.4795514082546
11.3930752119781,12.2571738163741,13.3821335055712
11.828180383785,12.2051641961242,13.2289904807221
12.9249450087618,12.2868843864649,13.1564873537543
7.41907632797293,9.28548460676514,9.91042196649233
8.32131243839405,9.08544822434419,9.91607340072245
9.72380825978926,8.99487014871756,9.92624133964393
9.25683795262893,8.87708493791689,9.93825206451307
8.97189817717263,8.83479506294989,9.95125088413877
8.69795815303596,8.7397950933422,9.54344116288592
8.51866687597146,8.68656640978997,9.54729712479216
8.55664529220407,8.60042307108441,9.54470755913973
9.02945501174186,8.67005512302984,9.54357788395512
8.68586361626767,8.82662425710955,9.54318065909268
9.37198978628531,9.085018146348,10.5407427025525
9.61974813553815,9.4514897583355,10.5472299727129
10.136692688106,9.8938066059255,10.5599947405777
10.3534267099349,10.4170748611496,10.5811670375946
10.7422056834189,11.0016026009798,10.6202571578969
10.3046028710843,11.6175175688941,12.5485041872838
11.3037806237273,12.2215586917393,12.6529541042217
12.9515568641952,12.7184230302851,12.835250064258
13.0198886994573,12.3968336227662,12.627667662735
12.2179683910879,11.7590199386499,12.4323404635222
11.0397679363818,11.053202125426,10.6543616334506
10.1453206727728,10.4434377344761,10.5351449014239
10.256757488602,10.1744253914038,10.3446017932646
9.34192006352213,9.72773033416422,10.3741766198014
8.61174264742625,9.30800214764815,10.4513956607444
8.77208355098346,9.08369909413313,9.81299753632866
7.20248350429553,8.98179801789816,9.88702462321248
7.61461390115318,9.12387353070839,9.93934522890097
9.12728316924489,9.5075121204662,9.9596842491888
10.2324851131583,10.1885097732538,9.96333663018747
11.715070707586,10.9689427836925,12.7206508819921
12.048852522364,11.7202086711367,12.7193033556253
11.8947507757445,12.2628524379615,12.7757984113603
12.324106390993,12.5726018458857,12.8881082300365
12.4247993199833,12.4491059990058,13.0071673726828
11.9512518384421,11.9424484978726,11.7312222009549
10.7083087302719,11.3255426125106,11.7707236307911
10.2906983770518,10.7598447789797,11.7697729050716
9.95678073102391,10.31653856686,11.7430684977794
10.514960350611,10.1824056665511,11.7082136933333
9.68417524006334,10.355071927896,12.443813001916
9.43160884058068,10.7710208097001,12.4469878665939
10.5198744920482,11.3283742934412,12.4819891649873
11.5203492354461,11.9342976752347,12.5556259873386
12.286919248965,12.5008064857204,12.6490799506642
12.5707259558066,12.6974044762456,13.768130142624
12.7291579283792,12.6658756366235,13.7157547483399
12.1928689669059,12.4263127077137,13.5917519632886
12.2508384857357,12.2737862373759,13.4577114074798
12.8163546664742,12.1208755702302,13.3461434549582
8.90241656695889,9.63919569776887,9.92615349818173
9.28521044509947,9.52203211502208,9.93954642067402
10.5585745091015,9.42906520368818,9.95693960668219
10.1986025543025,9.39433397168545,9.97793467897813
9.1530026724599,9.30707974466458,9.99390400302448
9.47327148876618,9.17938606986725,9.58578220748503
9.28813792243968,9.03907710827763,9.58138942527335
8.49002354328384,8.93219855162903,9.57183867784144
8.54080845270859,8.9025340661171,9.56221015440758
9.08311313872842,8.98230354031063,9.55491498731235
9.44475458398179,9.24098523489523,10.5479855954866
9.64379489388959,9.58035346472012,10.5506351342675
9.90413881683296,9.98973394654224,10.5605722063177
10.451571605543,10.4530996864838,10.5806379459647
11.3567480390085,10.9689792768633,10.6166407126498
10.1250264276872,11.5491024807531,12.5452894875036
10.2447963605818,12.1479950236088,12.6618840602578
12.604411997667,12.5909538260145,12.7554467065888
13.243390962723,12.4840066665529,12.5885318139855
12.9833696397448,12.1104119764955,12.3743537110106
11.8965957698012,11.4040219236659,10.6237732512869
10.3349925577282,10.7430288952157,10.5346806025488
10.7476076364489,10.3383012479213,10.4299401043082
10.2486097203202,10.0327619038208,10.3657163832556
9.49133632044864,9.81664207862313,10.3195895690779
10.1307148240324,9.50346278709944,9.71728269441931
9.1860402555012,9.22585729119843,9.87917561531974
8.13904883147405,9.27265768865521,9.96735768539464
9.49366920403497,9.68332250315565,10.0293655391835
10.4856412119814,10.3422928527384,10.0701233424495
11.7584424953681,11.2183626166933,12.9156702798339
11.8767903530636,11.9950239892522,12.9658045372937
11.5176717145651,12.5625340060709,13.0206625723048
12.1685006179583,12.7134931080769,13.0490312768726
12.7724711697983,12.5997468591912,13.1022263394148
12.5813252050365,12.1541656708583,11.782085264921
10.2466091560582,11.5873332630429,11.7863226472695
10.1427739231968,11.0127448393073,11.7573436798582
10.2711660445404,10.6369724362981,11.7219999343289
10.4223043851966,10.5448793162335,11.694683950824
10.4638587273516,10.8022313001735,12.448123263564
10.1656039414852,11.247099588396,12.4728464677055
11.5485829518972,11.874776827299,12.5425591408933
12.629351140412,12.6098438888449,12.6639882461757
13.3642566718671,13.2637596840236,12.8358111084595
13.6359917783989,13.7032365421025,14.1611166393346
13.4662401236245,13.4780501834188,14.0287896992644
12.8205709354932,13.1466074922559,13.8916472134161
12.320899886663,12.6984468767714,13.7191459010927
12.8193809393124,12.2198839401369,13.5233318770767
9.68106934878671,10.1147345554084,9.94207791151559
10.1935568870425,10.0427701040713,9.9595233823033
10.7694051101185,10.0577928695275,9.98787713677037
10.7671782062389,10.1027612323204,10.0256831670454
9.77984821157302,10.0748074934551,10.0560644534265
10.6911356330379,9.95185981520173,9.64942559107009
9.65480518889834,9.73260330869826,9.63195225767425
8.34869582560126,9.5278904430929,9.60831318439113
9.13787949628369,9.33322413814074,9.5812014925224
9.78533432987918,9.33882724172953,9.56589731302186
9.54361032493408,9.47598136258865,10.5530073113
9.484554015397,9.73560014059946,10.5502320561876
9.29467849704237,10.0623603305916,10.554384175279
10.3187452927722,10.4794641023476,10.5706053665647
11.536257501334,10.9259129114107,10.5965631533279
10.7581117870077,11.3854985624377,12.4889639049223
11.1065006521918,11.872444620017,12.5438246422791
12.2045548267436,12.2729378709465,12.5725640079149
12.6864848086305,12.3274223675363,12.4776198380005
12.2006872724325,12.1883470615069,12.2996843769795
11.855295280182,11.6240505109469,10.6027148328586
10.4434517301107,10.987553870951,10.5694496776531
10.4104583173882,10.5226132071867,10.5121055833287
10.3762526930168,10.2800774576739,10.4396439660473
10.1755141222586,10.1892908066958,10.332978510037
10.5592755716043,9.91098774004327,9.73862450126893
10.0931391241912,9.60062735906971,9.91415828540324
9.50372570596104,9.64035502926033,10.0264602367708
10.0566688098618,10.0559345420211,10.1075752038878
11.5162967488187,10.769674691374,10.1793736221701
12.5808921956876,11.6741609945952,13.1000328863006
12.8067768817231,12.5206318496314,13.1990080577849
12.5868908431151,13.0814923922674,13.2825958483957
12.3842316049822,13.129941970132,13.2222470589272
12.6929696257818,13.0647545807651,13.2651096986243
12.3921813909768,12.6961782282393,11.9128748217015
11.5495316924317,12.1370270051375,11.8627244871162
10.7114843199466,11.5940781058105,11.7944999873782
10.5254182400323,11.1710635434172,11.7200281587479
10.6068507404464,11.0819807865045,11.6877392675312
11.0984121633581,11.2816587078701,12.4394764948464
11.9310675980415,11.730202898081,12.4762257989573
13.2349072917062,12.3925858712128,12.5817803934027
13.8341307586163,13.1994879433758,12.7747538210877
14.3840584185644,13.9905327365106,13.0665984029869
14.4674640223006,14.5161058508493,14.5560966439249
13.4956123795387,14.2448324850359,14.4076034760312
13.1027693016636,14.0165181513268,14.3220792497026
12.7302387078702,13.3241648680645,13.9855977816131
12.6605628112676,12.6755882131975,13.6872645332057
9.5824081622867,10.58140538199,9.95235076595131
10.184211775589,10.6984760320198,9.9811426479456
11.3024066147191,10.8104987178646,10.0206497552197
11.8467641956137,10.9726162428516,10.0840452717678
11.4420602539768,11.0406185858279,10.1515344966846
11.4447057741111,10.9468089702328,9.75339596674582
10.0535104282762,10.6565264457971,9.71487873688573
8.95971478299516,10.2528630733545,9.64730959516323
8.69839885010655,9.92994508866567,9.60220602907452
9.67538862630075,9.73825260694637,9.57409020552576
9.79425256918569,9.75571188760646,10.5540334650934
8.97509302867429,9.89553821640563,10.5451920038363
8.5056656977699,10.1524857222582,10.5446384347534
9.57305804750769,10.4855451268161,10.5516709379328
11.5698967307773,10.873584124311,10.5679024913065
11.502752625074,11.2825287678497,12.4369265276093
12.2631369470675,11.6811939377965,12.4589080903237
12.5356158194609,12.0060911569106,12.4554324178447
12.4799283682962,12.1085896414323,12.4034010943696
12.1690361724343,12.0563934681831,12.3351884602072
11.9777623310765,11.7361713177571,10.6510295821506
11.4247956236449,11.2360568223099,10.6299399557123
11.435054545193,10.8294473051955,10.6061990510716
11.6250381337686,10.5627895133053,10.5781058067928
10.2644858418021,10.3731018628816,10.5694572680847
9.50826738650336,10.2192438485319,9.90232711594955
9.94288875033569,10.019994142238,10.0147534400079
10.7173936566713,10.1894064234788,10.11282578271
11.902429997465,10.6701488674929,10.2030085399905
12.155630580678,11.3934791199445,10.2935560786186
12.6438787552017,12.2808657388576,13.2726712393797
13.1731899095335,13.0837723553251,13.4358891902392
13.6050693471179,13.5045478862627,13.5290491202373
12.5826308186707,13.5112447028411,13.3708063028893
13.633238682292,13.4582949485388,13.4087511395563
13.5596244954035,13.3157358214136,12.1626999663504
12.1387071628102,12.8077095083058,11.9806141486239
11.066927182841,12.2325679823516,11.8407215877166
10.8385839910991,11.7538637141975,11.7116781121263
12.0399883423818,11.6061166058209,11.6676804908912
12.3508395821248,11.7584736853627,12.4227527745013
12.2761173046435,12.1453876158418,12.4669411349437
13.4131849189422,12.6834759735613,12.5681305677717
15.0412218952301,13.4694198125034,12.7719989359195
15.3552461443964,14.1745034710042,13.0911481810636
14.7246380608582,14.6804830042295,14.7007014594025
14.5928740242377,14.5563808479256,14.5566838924201
14.6415779671361,14.4843452701377,14.5306247522819
12.6928366558701,13.6674499552029,14.0372675241129
12.3774790511245,12.8555476695881,13.6475602519923
10.2552140658814,11.0843346160163,12.2172318997449
10.6155279909213,11.3042423635501,12.2574674512181
11.3790469404566,11.5143936376793,12.3191959080549
12.7692041155736,11.8117943706208,12.443158193409
12.7482952146508,11.9945957121106,12.5952246151159
12.5185773247892,11.9840535092415,12.3589955408515
11.0774478063619,11.4693056527303,12.1393468388516
9.78448866807704,10.9282989067503,12.0093739169573
8.89157131724263,10.4939802717651,11.9388176716301
9.77777139349112,10.1893584469868,11.8950463730206
9.99258793932546,10.0470562602208,10.8497578828967
9.13479100368104,10.0472724703886,10.8315741602122
8.79123848310251,10.2053445441449,10.8210630509941
9.35264743458077,10.4813203097713,10.8196135953751
11.4742121737009,10.837896904457,10.8255741520436
12.1089465577331,11.2423287984337,12.3531216387584
12.0789771094247,11.6260222500805,12.3689722608286
13.0996372219815,11.9249335484407,12.3722705567865
13.0792236257698,12.099561098457,12.3603487272436
12.3677163554906,12.1243726652963,12.3299132480394
12.6647779277767,11.9215329972911,12.6331825519911
11.8939420535991,11.6228354076917,12.6249273788007
12.4389205015154,11.3042023786583,12.6163394236714
12.5394174836337,11.0761631476748,12.6178358177727
11.3869664407796,10.8904476964205,12.6450818265809
9.93858464981224,10.7224251312633,12.9726589738113
10.4577010826813,10.6828988402275,13.0777646270896
11.3845131693251,10.9433756938211,13.1957570435639
11.9858081939137,11.4457086278756,13.3190752745467
12.4768324717909,12.1894435041941,13.4652141138646
13.2945327508292,12.8402086506746,13.6037551774808
13.4739532016868,13.3354327004788,13.6680042311251
13.614255680073,13.3520875987876,13.6258904050674
13.5243449855276,13.3765417211085,13.5704381255149
14.3299252610421,13.8399946773173,13.9666909573837
13.8966518002394,13.8750986811691,13.7935817021992
12.2053782046247,13.3210702886203,13.5021777341767
12.0094427852161,12.6939588695506,13.0031027445328
12.9541440283895,12.2981782368755,12.8583372693317
13.7707053783865,12.1035049693446,12.8079405124649
13.1412500706746,12.1189279894662,12.4958158838521
12.1338609094307,12.3515414266933,12.5292985171264
12.6915447250588,12.8228375965149,12.6111442600042
14.2482091859047,13.3266050656542,12.7727710077753
14.5786577657227,13.8574832603391,13.0218275199035
14.7722102265245,14.3563937014382,13.9820368369452
14.5879051596629,14.4740681389928,14.1316361497788
13.7673771971038,13.951007435754,13.3694149090106
12.5360339385558,13.3859031428013,13.0193330300191
12.6764962047864,12.8112535922943,12.7412844758265
9.76980081448111,11.4402408238785,12.2227093858651
10.5651660907106,11.6973745231207,12.2550968043782
11.2044724449906,11.9379669929589,12.3223980802173
12.7131307055097,12.242806833207,12.4116873152929
12.8331175569198,12.4472682131843,12.552240911536
12.6258506577856,12.4244621807133,12.3001004170605
12.1614798799143,11.9433768789919,12.1168290606404
11.2456162443623,11.4493867237042,12.0132739440815
9.96353807557506,10.9316630814451,11.9414840768391
10.5885717599286,10.525469862769,11.8919859471832
10.7390041823676,10.2429972318594,10.8399207423626
9.76321991037735,10.174946748432,10.8132181456032
9.29858862758044,10.2543695531859,10.7923244415908
10.2419824782638,10.4942932158158,10.7748981144089
11.3591680235884,10.8501293480827,10.7765584264756
11.5020480932932,11.2515091446536,12.2953832406895
12.3800575135094,11.6453451993522,12.3187350171767
12.2200365754338,11.9699049111731,12.3407913167728
12.4556865313689,12.1636766588738,12.3474294982347
12.3349997350107,12.2313987475815,12.343009877537
13.2010074630056,12.1441518679732,12.6698763806136
12.6104270841539,12.0151466831599,12.6764887441828
12.4599987776807,11.8411330810391,12.6912835465417
12.317003887197,11.6765932159683,12.7251205189604
12.2232955953577,11.5252754974779,12.7792697055197
11.5071953037857,11.4364173810017,13.1368686564122
9.98175345550715,11.5175586248079,13.2482113666198
11.4818271041382,11.8236409459371,13.3702096350391
12.0635744596642,12.4030419881375,13.528048744036
12.3917230441668,13.0828343604862,13.7166919621902
14.0106489309038,13.6134914165536,13.8940268342092
14.0201169549502,13.6894746660003,13.8823583044148
13.2807084842597,13.0219465116323,13.6514662490661
12.8949035856289,12.8506828835424,13.6078504611044
13.344769617876,13.1832508161433,13.8307659311418
13.715318520193,13.3801205085231,13.5876884513822
13.3694610714367,13.3051974529671,13.3321154943716
12.8854536154008,12.8631198880144,12.9186303920949
13.8025473794328,12.4371270941572,12.8124561309293
14.191197556626,12.2396546557887,12.7660936549753
13.3475333214183,12.2559907991765,12.4576302647752
12.2035602272047,12.320653407078,12.4657993696478
12.3977862694773,12.565557654712,12.5106877613534
13.5428891255171,12.8903216711276,12.5903996092776
14.0994273859419,13.1857006309752,12.7303701369119
13.7020541680152,13.2931578736791,12.9422816312049
13.6232271594322,13.4542522745514,13.4012287762497
13.1108915665676,13.1146572176731,12.9055681388506
12.2300850511743,12.883332073375,12.7402465954974
12.5201330986675,12.4867769964353,12.5679177270381
10.1379652585787,11.5290739075642,12.218851167561
10.6501193658485,11.7764490613135,12.2495395029845
11.8094090994366,12.1104667029401,12.2979785870721
12.917083015352,12.3395864433294,12.3678977359108
12.7755061714741,12.4567118150823,12.4332150142522
12.8439626373366,12.3695780077039,12.0898135725552
12.8629323275126,12.0360173188403,12.0503616088716
12.1594543191699,11.5879228666307,11.9866831483865
11.4156479712202,11.1282992599597,11.9262583588973
10.9188710965679,10.6895601705141,11.8856719499649
11.0894687973746,10.4084554493843,10.8297088509533
10.7912468128916,10.2515837125445,10.7868891309877
10.4310326859567,10.3471237995546,10.7479286547913
10.5612410339983,10.5366189428158,10.7148183953164
11.2663824975973,10.8885115772245,10.6992030761756
11.3207306041092,11.3069400987334,12.2246043988839
12.5293662693287,11.7157775503773,12.2699415369113
11.9739549604419,12.0262808296048,12.30823400818
11.23222336279,12.2564463887331,12.335207260789
11.890210352215,12.3812360109329,12.3527334229197
12.2896763285529,12.418669563516,12.6955844031273
12.7825405898977,12.3920208533999,12.7171822870854
12.267278857681,12.3202507750612,12.74477528971
12.2453444107888,12.2275285269294,12.7960158624399
12.4760085786433,12.1891791392362,12.8886111581791
12.0251981040261,12.2265364594928,13.3052759083133
11.3966503777613,12.4186047055186,13.448521184414
12.9329499164903,12.7570532385787,13.5701005824569
13.2341251394612,13.2762714326672,13.7450555472237
13.2367824115025,13.8020695570522,14.0524381042078
14.3892764855251,14.0439344819306,14.2120812262237
13.7961668736564,13.2742013829548,13.9098763738252
12.513572075399,12.4967189439467,13.6987767145376
12.1066836255854,12.147305240628,13.5978104256814
12.2858780260479,12.2062139671586,13.6220788820496
12.1360700438556,12.4840777065233,13.2347502149922
12.4498500887236,12.566537540711,13.0886323269986
11.7425910361713,12.4862983676468,12.9070988770174
12.8543536530516,12.2577858801257,12.7779672790775
13.4155266940926,12.0861412075862,12.7345445158543
12.8422341092242,12.0631903894644,12.4135029590342
12.3428294642011,12.0812578787021,12.4013765383485
11.9005002610911,12.1446721844083,12.3975721588461
11.1160183864826,12.2000750469056,12.3929530277193
12.0152698557421,12.2173521982278,12.3673315420389
12.880390195124,12.1992009935181,12.527028347546
12.5376590272957,12.1636266865399,12.4989052298646
13.0156843477003,12.1474835668427,12.5627835680504
12.1506342724861,12.0979774241838,12.5851761222003
11.6915887882424,11.9440942979695,12.5425569461446
11.2892193348999,11.3900150510974,12.2132572367728
10.8972546991488,11.6459041838045,12.2408577691712
12.2229683727507,11.8471593445279,12.2716487502035
12.8755425932052,12.0556592652478,12.3146099155278
13.0599126689843,12.1682091723991,12.3496262701867
13.3251420018657,12.1024327885243,12.0024763762977
13.746156024964,11.8733673512604,11.9809843108908
11.9813202811681,11.5306793252601,11.9526816226425
10.8748740951158,11.1616846817954,11.918260729094
10.1778387780874,10.8078244709519,11.8836927962035
9.90580217982716,10.5139702461537,10.8238069264741
10.4912312529085,10.3651278919379,10.7710500640367
10.9236040605519,10.4195763538753,10.6873744801238
11.4519744012582,10.6314678282746,10.6034124790636
11.279580079053,10.994781674181,10.575787886685
11.9177684577734,11.4163643951872,12.1196553634124
12.4916011840556,11.8312501702759,12.2165884204779
12.1574554175708,12.1575567033587,12.2885011523241
10.723099587651,12.3797752226505,12.3380327338155
11.3400233789136,12.5151326080638,12.3609605199529
12.0536753597321,12.6041681627491,12.7143330841569
12.062907120363,12.6404557378346,12.7392433551818
12.18404510115,12.665749787493,12.7796131877354
12.0598101322444,12.6885633704089,12.8494687987578
11.8954965780854,12.7815684662529,12.9796912491286
12.2673090366634,12.9724864007915,13.4531274309181
12.7910121210483,13.2997232835981,13.7375741383254
14.2662226887798,13.4650174463447,13.7516104131991
14.7350239149664,13.8351648962647,13.9403718306181
14.1281718615448,13.9253751928708,14.1092515509014
13.4787464468689,13.5540735896393,14.1203145682774
13.272394969741,12.5927240786312,13.9249785562512
11.7718515475891,11.6646797715241,13.6934887742085
10.1839809189295,11.2002464786972,13.5527591841808
10.9120735370323,11.1902466671073,13.4643512519478
10.1359153227087,11.5469306737939,13.0592704868108
10.8694610442775,11.8067383138774,12.9557703271009
11.5669561637861,11.8776058375396,12.8341845931765
11.7598937246003,11.8750422267726,12.7569060977354
12.2127146113929,11.7984820668727,12.7089110405503
11.7970502702207,11.7118794077213,12.3732603291141
10.8787219889578,11.587154512182,12.3327506546078
10.7217515602932,11.5046621679832,12.2882380565511
10.2257742657616,11.3876329926408,12.2220931860084
10.8175243944694,11.2718958298891,12.1573464316396
11.3112965782123,11.1868044577289,12.3497690980562
10.8282701242603,11.203523858778,12.3699123784708
10.7191228580268,11.2843355599427,12.4483727418253
11.1110954828002,11.353508956125,12.5007627791709
10.8889225079735,11.3515131394848,12.5119963666132
12.0230445655363,11.0277896778454,12.2077118886251
11.1957404475613,11.2067309253826,12.2279847658139
12.5977654246675,11.3885826912729,12.2509075813295
12.681347382676,11.536625823191,12.2788362251378
13.1010356912841,11.6634932579852,12.3032235686227
13.9223832102551,11.6777223205694,11.9570875538293
12.7113462562685,11.5862997300261,11.9559020460854
10.7210271277369,11.4093993229922,11.9461090722044
10.0651879708719,11.1243284974663,11.9256506794783
9.97927381360007,10.8616951170083,11.8998308680124
9.40917392634908,10.6049932296944,10.8361085337434
10.1117312496745,10.4996015765441,10.7655151277872
10.6434931274496,10.60337821311,10.6478466036719
11.4534940643409,10.8104650960849,10.4280363622957
11.3496821238236,11.167955405637,10.3544219438107
11.267663260022,11.6026846711652,11.9988937227469
11.5987155992911,12.0063400350034,12.1866231820457
12.0430886880549,12.3027757150551,12.2936898829334
11.0537720936509,12.5095857307157,12.3472932979454
11.4833409436085,12.6156578966788,12.3768000172894
12.3413073375714,12.6911925571475,12.7273513796999
12.0586560021745,12.744526123133,12.7522037887848
12.3001964039638,12.8339684410144,12.7944015106556
12.4180212759374,12.9310211340924,12.8661757893647
11.6121399192277,13.1426366596477,13.0075733066806
13.3488457847293,13.5204642237227,13.5661336338179
14.1456069926106,14.0230590187238,14.0448279923446
13.940846418314,13.8446414580266,13.8187683762548
13.9704073092157,13.7232565796348,13.8453610237854
13.3285686227835,13.5955561069008,14.0589585857021
12.0830341691778,12.92112159387,14.1798694657712
11.5058982225559,11.888442175763,14.0079888806736
10.7903355584626,10.9197806654237,13.7154172250614
9.51325070282989,10.4005051473617,13.5135931648007
9.75442087873575,10.3917890939442,13.393544675788
9.7465312701218,10.7456233387604,12.9542325378389
10.7571846949279,11.1353812968122,12.8816866971301
11.5962536743279,11.3811843955667,12.8066604392708
11.2151786274095,11.4389484261445,12.7409914362718
10.3533415333228,11.3760280525495,12.6900954339914
10.7361083919706,11.2058862043755,12.3330192611437
9.93710127672376,11.0024117305336,12.2709199807461
10.0972026518921,10.7458187408864,12.1755302597527
9.7911541892003,10.4820822595805,12.0357305346036
10.5131998132395,10.2857964744244,11.9287885163634
10.5890001691805,10.2255925364785,12.1341180053746
9.98603685399784,10.2904822675102,12.2033336795813
10.1022587456387,10.5097102858108,12.3533104259139
10.8730462374278,10.7039001642058,12.4435606753061
11.4941191759857,10.8225498568358,12.4910308531804
12.124558272841,10.6130147571554,10.4261418868942
11.2520391073229,10.655525691155,10.4385771302232
11.083405262773,10.8044501698351,10.455812441708
11.8879101383117,10.9417080917876,10.4737587298408
13.0089816884406,11.0962173674601,10.494181536896
13.3268489020296,11.2037270113704,11.6202523445273
11.7028658878299,11.2468638369531,11.6330512417413
10.0195315065467,11.2020674679363,11.6381390876031
10.4911412285806,11.0881292242208,11.6375377661792
9.94726459016612,10.8985454754892,11.6168807220253
9.54172445912288,10.7583189093089,12.2578012257779
10.6339788041964,10.7185187347482,12.1787998917608
11.7271776097784,10.8213634445941,12.0079384847419
12.4014924449447,11.0976239142661,11.6460530857219
11.2514627566299,11.4651926208949,11.4707277470788
11.5465826210316,11.9635536228574,13.0888731717688
12.2075475491236,12.3115894446732,13.2918516244549
12.4766275153232,12.5406544042917,13.4046531532423
11.4654711140231,12.6345621349973,13.4492690015087
12.609568680192,12.6540229856648,13.4661275137548
12.4838409406129,12.6718819274491,12.6441427092517
12.2114156444057,12.6834547127001,12.66032022558
12.9751698078326,12.786481171795,12.693683007556
12.9372566646953,12.9481423433996,12.758389242985
12.4376184245104,13.1839200686047,12.8367195721891
13.6253452086188,13.5065266049369,13.614774357747
13.9558598496133,13.7432320067715,13.8003064042084
13.7085759408385,13.7376814309852,13.821410537526
13.6237621705785,13.5812023887944,13.9210589653409
12.5323286976722,13.2380893799541,14.3224119473986
11.6756788076752,12.5557334591452,12.0287706583873
11.2647270977578,11.3953661697947,11.7414716071437
10.7883099246125,10.363810559818,11.3832424994498
9.79415762442984,9.82041955368319,11.1659707372423
9.86612515757649,9.86169150001076,11.0411110846501
10.3213428864451,10.2372180161369,11.5575525012986
11.5301655066408,10.6658974922416,11.4981585711738
10.9125437788487,10.9877918733499,11.4524147419393
10.3590244708689,11.1290389768065,11.4106935156178
9.21923715455788,11.0494127628239,11.3648728739627
9.83281568998811,10.7538793101463,9.80464352690106
9.62301723133188,10.4261629446984,9.73758612916304
8.7634871709084,10.0452424534226,9.62407008695433
9.20021150950607,9.60696886109096,9.44151774432497
9.32236422666098,9.26559547263569,9.18676259172307
10.049856222125,9.26629122778234,8.95043216873505
10.4670786435105,9.51691862500353,9.22345000621247
10.3482074837261,9.81891917592766,9.37071209123234
10.4626657666562,10.1169762759096,9.46861557532276
11.6511217492547,10.4120631978237,9.5377307651923
10.2819663946484,10.2134403776275,10.421473296448
9.50817391148708,10.2037526512277,10.4331246703309
10.1353156173366,10.26871678242,10.4483721575005
11.2621049159386,10.4137031476074,10.467067034179
12.2801880552525,10.5816413622512,10.489214693819
11.9731493236324,10.7999406750616,11.6255480439901
11.4713865037123,10.989149581423,11.6578526825715
9.81184737259729,11.0855180755366,11.6818915000593
9.81067255515499,11.1264966250509,11.7002563554536
9.68671829724367,11.1101664343012,11.705415145528
9.36940535232407,11.0359934630575,12.367798962947
11.4387759511727,11.0544924867276,12.3138803410404
11.5313367005279,11.337653494383,12.2852001240171
12.4052568756002,11.6558630566457,12.1252152291424
12.3901703199125,12.135556238149,12.1037995257119
12.4491976520328,12.5122858872686,13.45004380387
12.6992938671535,12.8048635884732,13.5138228239803
13.8061102163456,12.8317644443585,13.5134593072932
13.3503017660839,12.7792020926071,13.5081239040636
13.4198598219606,12.6767358255007,13.4969458741587
12.5974650189397,12.5788972481766,12.6558635520703
12.2851369624679,12.530800220953,12.661837237387
13.3577511980126,12.5634731230325,12.6800135901272
12.8973884276931,12.7038417049734,12.7099002282794
12.0815020641163,12.9344363710966,12.7393485927944
12.9834909471412,13.1740693636334,13.4104493737556
14.0369495274217,13.3361533506047,13.3889233187987
13.1172228357919,13.3673166521489,13.4403203569055
13.0850663854728,13.1840570627285,13.6863136214152
13.1275662144665,12.8258956841447,14.1575400333999
12.4984337670785,12.2116223461334,12.1407046563268
11.68392065911,10.999920802456,11.6599978426744
11.2890453507834,9.99159785882921,11.3314735253644
9.80943356302829,9.510511472417,11.1139937455457
9.47263931585879,9.59893169374538,10.9933159913285
10.3137701930752,9.99570116837643,11.5217583596472
11.0596310038022,10.5142881864519,11.4715704693736
10.9610045463028,10.8520027671224,11.4428636078209
9.60370945233856,11.0045891698955,11.4127960586235
8.69671023765359,10.8833482899591,11.36503327998
8.45677766188246,10.5433889978357,9.79987016653089
8.96816937036047,10.0232511962835,9.71077766455765
8.81081389490436,9.47439109811787,9.57210310857149
9.35332481604762,9.00334926895646,9.37782389019243
9.23598103824374,8.57740165746979,8.98077675015618
8.43224055822202,8.57024213748355,8.75488641049905
8.96263684362195,8.89717631205447,9.12513504054212
9.30588189890179,9.32308450115623,9.33412650452591
9.9456882702156,9.70776071037885,9.44810207804159
11.1881957365144,10.029239044138,9.51827916072094
9.15981872262357,9.89484632816476,10.4167322232618
8.77199201232042,9.83120008782831,10.4267930599501
9.21257792963834,9.87219349775731,10.4428319054777
10.8949839834866,9.99551353317644,10.4663437145672
11.5507121198908,10.210582937108,10.4931243826667
12.0603708291092,10.5176632903752,11.6456948142872
11.5223406172346,10.8412797703576,11.7024102231675
10.3747975373953,11.1244020004962,11.7649894962708
10.6020652895461,11.3613257335842,11.8272476023089
11.0473875302815,11.4013990063378,11.8330262929511
10.0087438640684,11.4135171865414,12.5143615754033
10.8763455896334,11.4928762104507,12.4881963765524
11.7142197813192,11.7648457809259,12.4921130164065
12.1004062475291,12.2848401280357,12.6349398252756
12.9323249007964,12.8495207506703,12.7939723469786
13.4785512594155,13.1600795733821,13.837024315161
12.986834118183,13.3154576909586,13.7631088884194
13.4408234045378,13.2087305488698,13.6683001172098
12.9167423517071,12.9740704709897,13.5909545110955
12.4986161946401,12.6655555439923,13.5287740946221
12.5251808646265,12.4184728644956,12.6647127793678
12.2661382605008,12.2774987485414,12.6577004057214
12.5403784169621,12.2201680677228,12.6610499283476
12.0572534598023,12.2646824869547,12.6665888923107
12.0346368789589,12.4582977096924,12.6651062319578
12.5054832670771,12.6651568362046,13.234591081891
13.2298565176249,12.8032541589482,13.1210380033486
12.3142468827561,12.7802172590382,12.9845413506522
12.688782755123,12.601958820976,13.1717916573151
13.5925699536429,12.2652701834112,13.7097402813859
12.5137465416125,11.5790808531169,11.4748701277425
11.559073508861,10.726955549404,11.454465259937
10.0423112759922,9.93106813301845,11.1941471193309
8.9903141062258,9.52934445604288,11.0251419108082
8.81343224373957,9.67011850133009,10.9262777331399
9.95117368753791,10.0864579267123,11.4695041956173
10.8718859651757,10.6356616482584,11.4530471123112
11.8667342838124,10.9864173465149,11.4482466570242
10.668503735944,11.1590732391239,11.4349284403254
9.41274684218027,11.0148219119308,11.3918707407317
8.73300909795609,10.5401611125408,9.80736460952107
8.59425766215951,9.92162826930326,9.6973848676651
9.50952191846297,9.29234354217638,9.56562778689067
9.42823458471345,8.70722648681796,9.38742146946388
8.79916049702342,8.36835104955582,9.22750756626416
7.90489467997146,8.3463683021343,9.01793482101805
7.87083144010796,8.60460377401255,9.16610027824051
8.55792234228859,8.98257710502285,9.32565071258212
9.19655968706731,9.4251107350178,9.43802903301696
10.9110306742816,9.80073727862276,9.5100309298772
7.60681504197075,9.71347085798312,10.4093574805435
7.60794711529028,9.62200433080966,10.4201521059725
8.77437797710662,9.63551143156691,10.4359695062831
10.4012754559477,9.73984247865714,10.4623932358034
11.0478516178025,9.97955960970342,10.4996651736917
11.959748673756,10.3516656559877,11.6725385976837
11.9116514916005,10.7639749133851,11.7549100713541
11.0621537863064,11.2228296791365,11.8707540740178
11.6314468435794,11.6415504621786,11.9950143736336
11.5200272519502,11.8919935861156,12.0648603164378
11.9803503864443,11.9076617638431,12.7300426985005
12.2529274888743,11.9377224146998,12.6644195852316
12.3656582392061,12.217673715457,12.7251767740715
12.5806443264012,12.8677882451338,13.089807502912
13.5066544971333,13.5229652795208,13.3667178089803
14.5543596540304,13.7558640593355,14.2094801899396
13.5821149438123,13.8619428634284,14.0460163761628
13.1372349891501,13.4896404092564,13.7991158484379
12.7330882589614,13.0020941806473,13.6266444346874
12.00914651668,12.5577628995218,13.5410961788584
12.4532113700556,12.1846209149497,12.6619590069511
12.0379181175169,11.9102572833045,12.6462027739873
11.6501075494011,11.769193069143,12.6460514636717
11.6331083508105,11.7398259621585,12.6488532070057
11.4482735039149,11.84100341706,12.6341351372169
11.7749718393695,12.0282249490038,13.2116441441851
12.0435640530449,12.2320543064513,13.0639660108596
12.1142202377721,12.199084207165,12.5515613519681
12.8195989284556,12.138565451217,12.7278669925442
13.5855341991079,11.9134212952455,13.4768016894025
11.7587288563039,11.2629215826678,11.1782679708216
9.69315384753308,10.5513271700424,11.1518811813469
8.67207103451678,10.0875753357891,11.0172085683939
8.71020016814734,9.90451558301102,10.8927054112453
9.29794973742963,10.0768569815667,10.826325121575
11.0368132534097,10.4640570918935,11.4127121447041
11.5442807373106,10.9349847332079,11.4377898072429
11.9175767742662,11.3740530421506,11.4740883152562
12.0439357749105,11.5546574469783,11.4962269790118
11.2771755467874,11.3983683491366,11.4586259309482
10.0097585443838,10.7823508749975,9.82552515133128
10.3308012139637,10.0828944345443,9.70088776662312
9.86736524198102,9.36045633835121,9.55702972733095
9.44349930776247,8.72478066116079,9.4233154692813
9.33689292822592,8.35372225903517,9.3312438226914
8.1253290888902,8.29551095736755,9.11823138577603
7.72859653857798,8.48426596490846,9.21426240379751
8.42211463464559,8.8604224336451,9.33421124280298
8.49677265467617,9.26364505962057,9.43436596837014
9.57722023772573,9.68116022338907,9.50494686624937
6.82734674218548,9.67843236548281,10.3971139938943
7.05066549753375,9.58863978802737,10.4051063406555
9.08689020795719,9.5640016996681,10.4239637931585
10.2271444950667,9.66256470476431,10.4543779331334
10.2917826410927,9.87811681341304,10.5012117800353
10.5782483958259,10.2630506089789,11.6972761738596
11.1241174694216,10.777410198265,11.834337615899
10.5802681171769,11.4043566330552,12.0315973849246
11.7009383754601,12.0607846220967,12.2918894251031
12.5724263049006,12.5021326004964,12.4789961250682
12.7317295508323,12.3203065750463,12.9158886464943
12.5249869756161,12.255241686039,12.782663988361
12.2294098727158,12.4499496737316,12.7930010213886
11.8719557204397,12.9171352442801,12.9428057795
12.931982831261,13.5121564870684,13.0362631202729
14.5935590856389,14.0105785147294,14.3545135561785
14.4575835976381,14.1952213911084,14.2830917990258
13.7125188831936,13.6348921087146,13.871720417804
12.9636713845352,13.014847493951,13.6535814990995
11.8916787869781,12.3940046486157,13.526805978493
11.5465109638515,11.9110621405434,12.6412309537312
11.8639198017987,11.5229183129096,12.6265555366141
11.5310606087507,11.2730900958293,12.6365931188952
11.4674496154041,11.1444540081626,12.6498578078632
11.119143476715,11.1337017977515,12.6733014236309
10.6508395306019,11.323168388807,13.2927082827633
11.0312728296345,11.6605391991538,13.3402442324249
11.6794521589861,12.0420314973218,13.4481806326288
12.8323653320681,12.1963988560372,13.8095970958396
13.0044656782575,12.0065558629317,13.9332895746862
11.5319874738903,11.428075056592,11.1637136953241
9.49596447097617,10.9728676078917,11.014863469432
8.9016450331603,10.6040319550152,10.8629524362843
10.2741004257528,10.5660692189482,10.7371987059858
10.2989228946202,10.6880388490178,10.7093173516265
11.7291200565466,11.0057258316747,11.3431760380525
11.4300574327618,11.3829177259964,11.4238467615299
11.9935256846244,11.8321612530721,11.5110058480743
12.4722140671906,12.0662335689872,11.5815221455077
11.9874406281953,11.8750916573493,11.5273072757907
10.9544311604536,11.2645667613764,9.86478294352046
11.163687843255,10.4597990453791,9.69426593695783
9.78564987008568,9.64939721898092,9.50756145486774
8.91052351034215,8.98274416020543,9.35643121800077
9.62699650256759,8.55884573724658,9.26330628248308
8.55658118186463,8.44502380322648,9.07997605577178
8.40469581820416,8.58363495062856,9.20090305480216
8.1374619308766,8.87678493832483,9.3222752095571
8.54350626527736,9.26362288713293,9.42801328393817
9.25401293755361,9.68690282372509,9.50366422860881
7.10218440918491,9.77011177435314,10.2153866130365
7.75576962815111,9.6720739332127,10.2145734622457
9.36599753684716,9.64051969520585,10.2307935105851
10.6420998999708,9.7068986474953,10.268889256694
10.0756333658244,9.87296046880543,10.327079427245
10.0100556438851,10.1869327850668,11.6737623316592
10.6504121959331,10.6979611901769,11.8230202954233
10.6198191998678,11.431438157107,12.0832251712143
12.2071144159275,12.3754025915706,12.6533709474523
13.2238713907505,12.959350835684,12.9393909907382
12.7202771648112,12.5894975867391,13.8443780172357
12.233820094291,12.3867134706047,13.5463966148274
12.31228962294,12.4591785045264,13.4652697107121
12.0731321325377,12.8006882726125,13.5000727930282
13.0365005594478,13.279147172745,13.5411467276709
13.9206631318642,13.7048547946851,13.719737737483
14.1116684395088,13.8516493804289,13.6715727517774
13.5018089085691,13.4146413122381,13.4231277078311
12.0498522267951,12.8507570144197,13.2406410916078
11.5423519298437,12.1607018696751,13.111282738092
11.3787237908111,11.5884663948474,10.7626839327721
10.7443748330703,11.1262544579408,10.7689093241412
10.8436514853052,10.7717829844545,10.794007244964
10.5268133746946,10.5555727374576,10.828244467525
10.0423299090239,10.5067486360026,10.8755690794445
9.58177490590366,10.6281068833244,11.4647076968384
10.32163379507,11.0745760849563,11.6095980850267
11.8114109856815,11.7603143338886,11.9281808135696
12.5865244739133,12.3337352649365,12.3820397458812
12.74921706358,12.077945832497,12.0205898470889
10.930463494859,11.8182022911198,12.837977120414
10.6710127587547,11.4645254663658,12.5750492900538
10.5960199074555,11.3253133866883,12.3408178718292
11.0399716682993,11.3589204235205,12.0663824382945
11.2905586133698,11.3838296647208,12.130163768384
12.6754322007217,11.5274503459711,12.2660562112219
11.9832342119452,11.8012911937078,12.4039994614756
11.8262111845875,12.2233107306915,12.5525497553743
12.6342536662006,12.6125417763659,12.7552571001867
12.9112614220765,12.4848218087374,12.7212542638426
12.623320865159,11.7720757048683,11.5494244828154
11.7113052364329,10.9047504007051,11.2803252231241
10.0299463678668,10.080291469803,10.9792847999325
9.01757904217056,9.36130853745469,10.6759463243259
9.17379850072735,8.85351479782217,10.5094946890475
8.11055484793892,8.68364569712219,9.9394275735018
8.92484063584154,8.79133529704179,10.1521177647969
9.34281168008454,9.08116277571207,10.3502180282423
9.19650387119274,9.44734804687516,10.4941774878034
8.61535045252061,9.85607914872961,10.58590907507
8.74219275372302,9.88505420776279,10.1814565838511
8.64617291361977,9.79174029714768,10.1717720416212
9.55814982715373,9.75918065693263,10.1878733299941
11.1118031640508,9.78486288933169,10.2362411156116
11.1656082982164,9.90902094942938,10.303084476335
10.9844493127296,10.1414251998659,11.6546795085055
11.0074274677009,10.6028726682648,11.8060001263198
11.2302883167739,11.2760253459975,12.0370089736028
12.5156829456339,12.0279874839452,12.3355965948636
13.1918796870421,12.5620305416942,12.5151326418182
13.0649761613115,12.4244131604419,13.6686492672797
12.3353451477793,12.3611173787653,13.4694362880398
12.5489700526705,12.3997049548573,13.3647689398824
12.265122607052,12.6120032437109,13.3383962887188
12.5738613797408,12.9518693076755,13.3395223571749
13.3106301694219,13.3226200700342,13.4981489773516
13.9467196836367,13.4753853767015,13.4451618449197
13.2770018438016,13.234890200562,13.3070647181121
12.6864970626671,12.6288251193459,13.1058535847041
11.9441616694462,11.9089150595653,12.9700475462798
10.6979029150911,11.2973982567027,10.6688696461841
10.2932198074123,10.7878659357558,10.7249485328433
10.5823662726034,10.3881950216157,10.7772119161924
10.3728899231886,10.0832994127928,10.8398686809373
9.53440010739482,9.96396877889246,10.9083173178506
9.77166630075223,10.0604092444874,11.5322237444144
10.1950270534287,10.6018449534667,11.7297464157802
11.8672894224513,11.4747648469832,12.0476110480512
12.2162769572732,12.0918153036242,12.1672849025475
12.4265741220497,12.3276353168046,12.0320369299023
12.6479260849302,12.1879982772724,12.8168834327744
11.83477396026,12.0467140502369,12.5076733526047
11.5834097946965,11.9722832024945,12.2438135027285
11.84639176465,11.9379120192099,12.034590499604
12.0599044278354,11.8693774740847,12.0743052688691
12.4142831453249,11.7837157241901,12.2249892076888
12.0765454515053,11.9749966582333,12.3472022993336
12.0173933070177,12.2861588430104,12.4713328649329
12.730171031389,12.5292406628458,12.560055055009
13.9957124728741,12.4970701555099,12.5362469036679
13.7195969222284,11.9482928968827,11.4516474366606
12.7788472892089,11.3081649168351,11.2031088384828
11.4906196522949,10.5588145484443,10.8915308327565
9.44517777576734,9.83976352750489,10.3793145622673
9.35123269257752,9.26024884394739,9.75167660507599
9.52282859993347,9.11676807942621,9.6512891275949
10.0059210171838,9.25049646525995,10.0518669442019
10.2538725044273,9.49640637437789,10.33201858471
9.66150108979535,9.83134699629139,10.4894286499177
9.40140877173086,10.2091391974631,10.5914727749542
9.09581930760145,9.95923512623948,10.1424842779481
8.72789250638826,9.88744703390508,10.1149377659719
9.60923375633655,9.84494097457857,10.1150464788388
11.5029540295704,9.84768986786563,10.1769573266707
12.3167673711747,9.91734764943985,10.26659030218
12.0123930281961,10.0718245161035,11.6111796801664
10.6563952488162,10.4286697426366,11.7363291154137
11.1229443956689,10.942192149501,11.8715648562806
12.0023582758091,11.601357177828,12.0370373839492
12.3326554182816,12.0720363537859,12.0776756329955
13.4445569540804,12.3029171254219,13.4779374211045
12.5265676959293,12.2961639260128,13.3224855711727
12.3014375512129,12.3684467133592,13.2397338381899
12.1225148393137,12.5198864717585,13.2042176932829
11.1586700248384,12.7447843810908,13.1957012893289
11.9246562838066,12.9808299739654,13.3394213788066
13.4750268806773,13.1308363936818,13.2953827710414
13.2624337480117,13.0929797984268,13.1804858654345
12.3742654447549,12.393201392754,12.8566023647788
11.6570345322645,11.7002914794721,12.7391151776103
10.3093077384709,11.1192984774896,10.5649233988145
9.95209348253118,10.6089556874863,10.679026632997
10.4720396414985,10.1725544003529,10.7654321082799
10.5839607001574,9.79153227720235,10.840430140829
10.1385535261062,9.61222576420614,10.9255791690585
9.64186716045345,9.7117134936584,11.5613272704212
9.75401997022188,10.3100660573491,11.7591966995195
11.002897449701,11.3332512796816,12.1031919183354
12.6388881501952,12.4357866390514,12.4937250549398
12.5045950235514,12.4668103767575,12.039671604888
13.2461094109972,12.4123914801426,12.7344326733703
13.0520979674811,12.3457994361561,12.4375232759441
12.3180990226199,12.2293710991625,12.2354276729453
12.2170241236496,12.0471733589388,12.1081882081236
11.7188813455572,11.906426053215,12.1208379192802
12.565128659923,11.8197958388216,12.1999681641449
12.7809614722314,11.9147587730356,12.2894498552685
11.6023355541103,12.100930309711,12.3625381631802
11.7575949928581,12.3100201930387,12.3974219096218
13.2910405287899,12.3372757541207,12.3590289169248
13.0281517498745,12.1735713704344,11.3895343555846
12.3502195545988,11.7376402001923,11.1935506130083
11.3794070589594,11.1531460892008,10.9128967116971
10.2837313669158,10.5555506435073,10.498671693134
10.1570892918877,10.0477209253592,10.0154624110927
9.97955584619884,9.88804453700418,9.75462406513523
9.81645625893695,9.97793939581089,10.1077313247712
10.6087776060091,10.1742525347612,10.3568715958054
10.2931143667231,10.4442168082502,10.514460826812
10.2416356594411,10.7887654005059,10.6074406875817
9.16885104364008,9.98151849734926,10.1122812369673
8.92650537268985,9.91248172450399,10.0196186040709
9.88266698156452,9.86676598536505,9.99051375612283
12.1123522226089,9.84914072549766,10.1235656693778
11.7080223307828,9.88365349121516,10.2389217917784
10.5573861337472,10.0206956314337,11.5797948053267
9.58226396357423,10.268521570584,11.6749420351229
10.0426475600209,10.7517491648011,11.7711069609034
10.8720474037049,11.3731443322544,11.8568374720759
11.8893244877164,11.8648410848081,11.8663827332383
12.7892229181888,12.2199071343645,13.2605052049568
13.1096378245412,12.4017526968121,13.1802498206633
12.5640361454074,12.513857728467,13.1102685925486
11.8962188527288,12.6112377021334,13.0831652922408
11.6839225599317,12.7074701765228,13.0893361893466
11.7592071318011,12.8666325201972,13.257675463698
12.5558456136314,12.8959159248698,13.1912861198215
12.9597988374237,12.6996814272943,12.9721952856707
12.9094598284902,12.1762567934429,12.4505965275574
11.2480503115551,11.5714898842391,12.2739320894744
10.2111584172286,11.1422044332254,10.4720956830289
9.06350009797452,10.6605193771275,10.6671688036986
9.91896878765601,10.1726708867212,10.7762756638043
10.4802590604316,9.75495171628962,10.8482185251004
10.1397513667604,9.50462939142015,10.9228765735392
9.78692205282581,9.44380694275327,11.5194787601464
9.71119088962964,10.0400274768839,11.7013643766748
10.237635653115,10.8957680813907,11.9401824801258
11.0091623336021,11.765183815246,12.0965281866321
11.4106501827498,12.1746228159006,11.8326368610767
12.5122739268948,12.3097038595917,12.5686487038172
12.9548424996078,12.3281372926478,12.3320774420705
12.0504012700445,12.1326028750762,12.1469304591794
11.8236948527102,11.9372500731436,12.0939604069267
11.9399313651673,11.6830022467842,12.1482693933526
12.0679232512574,11.5404332838324,12.1875806909798
11.9902529829675,11.6075515542087,12.2254462221076
10.5716459850628,11.7878074474488,12.2606877587548
10.3487985970708,12.0155739428967,12.2717383352065
12.133017701542,12.2327590714778,12.2472141413668
12.0855064239618,12.191026048019,11.3022249423006
11.8231976336186,12.0922584967828,11.1841270134124
11.5119702743545,11.761348027003,10.9924743937473
10.6339636984795,11.3748314336194,10.7844657909609
9.44533624978651,11.0022922096301,10.6334213307629
9.38271482410225,10.8145785194515,10.036650461626
10.2830517384994,10.8334871117268,10.2064747802891
10.8254310802316,11.0100661869786,10.3864252299097
11.5904844994819,11.2514741448401,10.5373669450807
11.5239086254725,11.4904094697121,10.6486250736835
9.39490112479683,9.94564032722057,10.1256067551857
9.23097463237219,9.87894372083485,10.0369776213832
9.6622405341604,9.81486723121056,10.0234226004986
11.3540534542329,9.79144476775028,10.1449360822938
10.4162312830872,9.82085864701512,10.2372323525131
9.69841650370626,9.95629748543227,11.5654742422595
9.11828658292406,10.2023839049548,11.6467524318418
9.94108938222676,10.7023245579797,11.7149642704672
10.675688697279,11.3092723137078,11.7662089995106
11.6919736142364,11.9460056905076,11.768227194418
12.473566073685,12.530719621092,13.1625604817612
12.9878349360708,12.8430101766575,13.0636637324802
13.1415446342631,12.8877720087315,12.9697250447263
12.2500197901511,12.8629913268585,12.9519007806707
13.0613524384668,12.846715762353,12.9915787314174
11.9599432538067,12.8639571790348,13.2490067746802
12.6694334906192,12.8900474502772,13.2551917663906
13.1959076220373,12.7922290395375,13.1288401674035
12.557855565808,12.3948550821274,12.6680624997462
11.7361156821103,11.8912484362396,12.4459002945543
11.2969372987704,11.4393182452362,10.5720677628337
9.93379855410349,10.938049998844,10.767579726762
10.1676187088074,10.4071395733031,10.8453296082439
10.8892050710247,9.90594197719516,10.8703944459294
10.7160225427048,9.58627630266579,10.9047912463648
10.6469095838201,9.52795393472868,11.4686500146199
9.57265790889141,9.76805218894177,11.5506764231766
9.17975146865059,10.3299540612537,11.6480535918847
10.0954081930943,10.9305255345457,11.6568107135007
10.8991095244438,11.4718377887548,11.5440041209466
11.7806068131761,11.8848979504814,12.3881991048646
12.259387168181,11.9715481579747,12.2301610727621
12.3140946463963,11.7431036740353,12.1416059191735
11.5229410951285,11.4627838069531,12.1293475606016
11.815656529373,11.2208298608252,12.1417715730383
11.5566446249942,11.1063813707756,12.1430172088869
10.5220358385773,11.1753865464269,12.1521533440682
10.2415869964624,11.3867639302132,12.1560030576272
10.2842109450424,11.7334382507738,12.1547230311027
10.9276112617735,12.0419498865466,12.1347701552928
11.4351289542895,12.3237740384679,11.2536009436443
11.1999357068989,12.4036659489342,11.1773093891539
10.9639782241794,12.3295079798843,11.0814453663978
10.9026035648611,12.1135821401058,10.9728284548234
10.2653656790284,11.8872338569084,10.9159727175929
10.8986823100956,11.6977344978103,10.1562238213345
11.5203568530395,11.7672860934312,10.2440445556782
11.7040297067093,11.9480384456173,10.4046347281386
12.2422548931356,12.166016329854,10.5951818389271
13.4776251279734,12.3422025744673,10.7235147066712
9.42784372448011,9.88191923595215,10.0537890041693
8.80771945167847,9.79662297529766,10.0283531837248
9.27300920235725,9.73688048299397,10.0281392828566
10.3204174155994,9.71199640244551,10.0814909522171
9.21669641215798,9.74865612943663,10.1530155778521
9.58775559001897,9.89665586660454,11.474957635854
10.0384982849049,10.2417311280328,11.5501073738793
10.350092816958,10.7833672786228,11.6211423565977
10.9509151138565,11.4726877070263,11.6614953404418
11.2500312429128,12.2544492317052,11.6635889882915
12.9504137548945,12.9668108622901,13.954742151013
13.5684481761768,13.3360071251863,13.8156638135998
13.6044666113314,13.3503985668214,13.6451149951371
13.3705386750762,13.1871065883046,13.5801544512733
13.9216790584733,13.0616167975245,13.7087829053642
13.1030313139542,12.9823791554125,12.6260760265476
12.6876273213258,13.0466205142427,12.9305927741093
13.0827287736569,13.0262461253003,12.8917678525832
12.8765398972333,12.9999781337575,12.9097263149996
12.6374624172864,12.5371183685477,12.7473748213674
12.6794811894337,11.9554252540728,11.6512490873246
11.3305854504817,11.3779846980271,11.6633381617667
10.8777601059495,10.7495800127437,11.6321153497883
10.9895223719516,10.1756769711076,11.612343015153
11.57951015009,9.79428114051297,11.5835034809301
11.1713532473409,9.6875060141772,10.39276659658
9.53093907804198,9.71009792632732,10.3992058881312
9.08541369733003,10.0626205024267,10.4329390174865
9.69695437337187,10.4158508026342,10.4194352179041
10.4990558384085,10.816586007,10.3531268922002
10.6944354288022,11.0882309442935,10.1048503801986
10.4574063912392,11.1855620413561,10.0128482560703
11.5931065599758,11.0356468795101,9.96446349986387
11.3857764544557,10.7833751160718,9.93716317994726
11.2045950356127,10.5799937296063,9.91897522064825
11.2712116122317,10.5340545393076,10.131397422904
10.5038419963235,10.6082260188525,10.1063517269299
10.1219285477354,10.8680409498673,10.0802664644883
10.5939771437097,11.3360675703329,10.0850339645887
11.1248159062802,11.8377887474258,10.0858823617532
11.5928834774186,12.3727696736001,12.4979274940202
11.776708098427,12.668718116108,12.4687546293713
11.0251346419173,12.7189337239224,12.4060619317117
11.5908644619312,12.6168374986209,12.3325861207521
11.5035232055777,12.4514117489232,12.2756099880667
11.7305802080185,12.4471747017098,13.1579532502324
11.8503359809364,12.5862881256508,13.0802345944961
12.951291063179,12.8189959140468,13.2795973935982
14.3157144247464,13.1434302028963,13.88727147671
14.3876498747749,13.2062414057044,13.9741513733135
10.2606148384691,9.83341326601629,10.0872153802762
9.69370267624127,9.7348600184149,10.0808574684283
9.64412737206551,9.67229820777943,10.0931774500071
9.97000008762599,9.65380446718928,10.126223398305
9.7068153086666,9.73400729478662,10.1805454958239
10.1946328558893,9.91297534715244,11.4989040123834
11.0478636118676,10.3255713491096,11.5867146712234
11.658266435902,10.8832221874269,11.6593252543509
11.4567580787478,11.6629773986569,11.7268018642334
11.3908144206698,12.5391355124925,11.7528468797803
12.2267264087418,13.3314753004668,14.0132558857515
13.2119505694186,13.6946852728477,13.7628366129
14.1911517883527,13.6654350645593,13.4932555414455
14.9558787757938,13.3902116282248,13.3615919396393
14.7186162020674,13.1713490519797,13.5934906172597
13.6107730758085,12.9190740492269,12.6284880863198
13.2520648214106,12.9511327784885,12.9825452636192
12.7946940531528,13.0082831639611,13.1406354881601
13.5168558881483,13.1355336090674,13.3419207959756
13.8159557323789,12.8845688024965,13.2516399266405
13.8140650755912,12.4201741549091,12.0597314778878
11.8381850584587,11.8390101642938,11.9809621315417
11.0795607253094,11.105381337289,11.789475680016
11.9021669317848,10.4522243588943,11.6492678982943
12.0738241772716,10.0039165665459,11.5758143847563
11.8533684146318,9.78136754815554,10.3301939526347
10.0624433802669,9.72969364083827,10.3225796532871
9.19617416325846,9.88426182682888,10.3268764042758
9.7602174593172,10.0398141151603,10.3180465415523
9.96406683687788,10.2453480465668,10.2843185016817
9.35791985827711,10.3602425750933,10.0758128778835
9.21590214882085,10.3966281742515,10.018424126023
9.64044556144728,10.2299788241872,9.97921584793232
9.22849303491156,10.0655514151875,9.92963086820237
9.55889328269891,9.92854706270107,9.87650976819084
10.0336928009481,9.88152485395796,10.0521170903779
9.63201531965541,9.9619312301637,9.96550931266965
9.68579748381356,10.2503627197807,9.89765926344295
10.6750231498221,10.802370684924,9.90677415227106
11.2203062933946,11.4797364921456,9.95357441359521
11.8951222019135,12.1794986887343,12.4065084938667
12.5680770684503,12.6691983095964,12.4251620185655
12.4116590628484,12.8222438203425,12.3938937908755
12.2639300091606,12.7300775145626,12.3217403690161
12.1398699971327,12.651018563382,12.2814688571351
11.6320649517023,12.744709608149,13.1798944682194
12.602134938291,13.0581113721559,13.2981791142773
13.777768956558,13.4639114106189,13.6067668037433
14.9261005201095,13.8319665775861,14.1254329831538
14.8082251027048,13.9046089971462,14.204596275838
9.899899660936,9.81438057182345,10.1167917774038
9.50275507758438,9.71455424893457,10.1208635967448
10.6190430005163,9.65066379200002,10.1318388771712
11.60549898019,9.65742961584378,10.1613994691483
10.8590666608702,9.74679357121511,10.2034306365848
10.860291487479,9.98024794252463,11.5232721623107
11.8251991270367,10.4031393634687,11.6305333237036
12.258231002269,10.9897308332026,11.7427144753193
11.8768453574409,11.7864859384132,11.9027485099422
12.3523961467088,12.6805109572448,11.9329082335167
13.1316376693526,13.4442758941743,14.1626630839622
13.4518009824177,13.7616020008698,13.7139901071899
14.5647313105362,13.6257803827356,13.3306673317038
14.3933798258077,13.2912172472507,13.1295940091572
14.1154856774805,12.9071034494419,13.4053955069524
12.7062066241307,12.5956052485004,12.4738058594847
11.8293700749643,12.3981406903194,12.7756438169923
12.6231859013856,12.3983452658679,12.9734768991705
13.0847800975728,12.4567991724025,13.1046350679418
13.1141388184232,12.5396515269265,13.2500668462164
12.5740655974665,12.5144944002848,12.3845108849873
11.3828696197887,12.0192406069901,12.2292277626715
10.9793193918043,11.2795179720003,11.8580638606592
11.8510649380954,10.6326538859524,11.64604406062
11.7224603605997,10.1623835662495,11.5296645922382
11.9233375153058,9.88906375659408,10.2665177102006
11.0257986878554,9.76641377576013,10.2474775228879
9.76231868906657,9.74204287907873,10.2518751493714
9.37943634932293,9.78159807263386,10.2501122423565
9.499907319752,9.79764722008741,10.2416218879709
8.67977759151222,9.79560243244026,10.0531867909634
8.74402208860231,9.70116526503453,10.017408755197
9.57419382109881,9.57100383502312,9.97470125744701
9.25790605547739,9.44792061817436,9.91909118929725
9.14837463587011,9.3276020976175,9.81884228338771
8.68994818483882,9.26453345847839,9.94979568179309
9.10212448695964,9.31278695312271,9.75986426802053
8.71037307621362,9.57951025924288,9.59706763319999
10.395321203546,10.1655551293629,9.60415652733742
11.413962409978,11.0464843750045,9.79836132458944
12.1419104891285,11.8702421547258,12.287731462249
12.619653018281,12.4084687577372,12.3573819955766
13.0394464751664,12.6531357534632,12.3535518886175
12.5458519405705,12.5670450458607,12.2619090531024
12.0303591681686,12.4190563886309,12.147693951558
12.2446125122032,12.6159064839697,13.1660392676711
12.6347072779995,13.1229262824013,13.4638027208992
13.6943151223062,13.740982021664,13.8821342050267
14.3995662429098,14.2376888465192,14.2379263757853
14.3586986112876,14.3932832894959,14.3991330188452
9.99563571667386,9.85800558067347,10.1338892291959
9.53530234581223,9.75129707031485,10.1414799392061
10.3162940568078,9.71153818891867,10.1544066116887
10.5504122023005,9.73075133061445,10.1792472546831
10.9775077001374,9.84432878767293,10.2153472323281
10.5579040681456,10.0870640095442,11.5380901954986
10.9925479470443,10.4810802145674,11.6403991534702
11.2037856038071,11.0687609523334,11.8052162298773
11.4548002299413,11.816659737692,12.0955214975494
12.7274209073014,12.6379593685102,12.4708052304462
13.5272124489057,13.2936247123851,14.4248174532387
13.3235730192232,13.4878966955955,13.6429632171073
13.6589569817335,13.2211329314706,12.9625081901265
13.5172009137469,12.8136556724832,12.7158942537683
11.7937614333393,12.4516612294706,13.1390071250051
11.4003976700499,12.0151699491537,12.2989071006683
11.2358102732598,11.745755027203,12.5704776102529
11.7982209417746,11.672836972527,12.7510814493659
10.8649672836356,11.7637601134513,12.9031841421223
10.6747145525609,11.8857793430928,13.0225043251778
10.1492629942507,11.9164762564694,12.0194293930097
9.91608123925157,11.6179506583192,11.938886139753
10.5400301929175,11.1078539400214,11.7364596301772
10.5088235825547,10.6319359638323,11.5806368198448
10.5997847291504,10.2248705807548,11.4522058056118
11.1042416936018,9.95693247377988,10.177649023133
10.2726611491194,9.78503386489296,10.1596812584149
9.68067883655451,9.69001219357379,10.1898443536761
8.65457924961117,9.61334228777388,10.2110632681916
8.46782451248407,9.53231917437394,10.2071575467642
8.95825691096972,9.44510725407583,10.0376954011454
8.72275544902631,9.27420049815959,10.008857604801
10.583016946441,9.15098097539232,9.96758611540741
10.131128206878,9.01441448757033,9.89856203823252
9.21110426783037,8.87993700187786,9.77693933348435
8.1082125358721,8.80795501864721,9.85475018337607
8.29924126990179,8.75497048104915,9.53672547456074
8.5263781874154,8.81919479871068,8.94745877341861
10.6078556256227,9.58137430980566,9.24159062143358
12.0293140314918,10.5574566135403,9.61201921108541
12.4414695121709,11.5139070634354,12.2144414973731
13.3780679580264,12.0829599803474,12.3132559299445
13.6378350730016,12.3470596697391,12.3120783158693
12.63097259203,12.1930765628695,12.154907412049
11.765558750176,11.8353759545366,11.8060783049681
12.4603897826982,12.2696612675679,12.9733543851193
13.1956339697012,12.8996551490462,13.3955116401556
13.5772286871315,13.5833755560814,13.7774309188105
13.9596630753754,14.0674818852565,14.0628231733716
14.1391434628589,14.2281521628386,14.1918328094008
9.5166132108188,9.93243079208426,10.1457584338593
7.76240038868848,9.86882801590658,10.1525339435048
8.69370082811577,9.83899827856518,10.1665053171714
9.1536612640676,9.86793783134771,10.1873389365952
9.31950556875046,9.97923620502473,10.2204992898014
9.94735746776411,10.2345757682548,11.5348462415605
9.84382387084266,10.608588807014,11.6174829497177
9.97454718900348,11.1310518064223,11.7581052092643
10.1844150930239,11.7860310213633,11.9724004477398
11.4440971617429,12.4403205232011,12.1634701888323
12.1768892511451,12.9589371538343,14.2193414756341
12.9281451632592,13.0518813157281,13.4311319347541
12.554518634642,12.7460058417221,12.6974717583113
12.3182581750684,12.2936077390738,12.4675665202145
10.7629775079134,11.9868373112987,13.0002025311908
10.3407112278236,11.5754567496288,12.1837016732101
10.2885788797821,11.2882154112886,12.442151858781
10.6729345993821,11.2121837311239,12.6170963648755
9.83913842102693,11.2029715242874,12.7191267468777
9.73102926948362,11.2956495712523,12.7958630888825
9.2535013794468,11.3592540181128,11.7758125230795
8.83181395461173,11.2498367275444,11.7477454793498
9.38609518452515,10.932351890584,11.6266816446238
9.81494607314143,10.5539141360839,11.4936626615709
10.405193396573,10.2355427140211,11.3564265880483
10.0235644974415,10.0118019889266,10.0756779860537
9.6102813329854,9.83092243965796,10.088484117447
9.33880471699373,9.68691880116341,10.148159895362
8.42502707439668,9.56788686158342,10.1805682449159
8.45318848056085,9.4122395901652,10.1926232802915
9.56549205928039,9.26491615828753,10.0276689681117
9.10924714942418,9.10382850368367,10.0054704677651
10.3273716099522,8.939952020584,9.96397184770615
9.88493757687875,8.7955052536416,9.89201773176692
8.30245205351828,8.6872394652088,9.77062495194637
8.60728335639732,8.57429689267352,9.82669945967762
8.68196205339769,8.46551979345102,9.46907941717556
8.39690922428029,8.49437786585461,8.99036008485718
10.5737970108811,9.19821475979837,9.1392516284593
11.9213069376117,10.245731540654,9.68246243943286
12.358105664523,11.1581002903055,12.2265682430103
12.9976960076965,11.7915767084566,12.3455638346209
14.105352425045,12.0257325558445,12.336466719202
13.0560133817749,11.9956945411681,12.259675386045
12.14662696192,11.9203354972021,12.1081539006171
12.5062874987128,12.1344986336032,13.0930106069029
12.6697618496129,12.6229105003639,13.3812257823544
13.1477114146935,13.222811921708,13.7070408548097
13.3611503250607,13.6311272805291,13.8811798032431
13.7156861070793,13.8532993177419,13.9950651204007
