"true","meld","down"
9.08372012885336,10.1001314406612,10.4707349125301
10.0671796390937,10.1395120867602,10.5019207580396
10.0400032494694,10.1794262914041,10.5311300284111
11.196968277885,10.2203805571792,10.5574334151009
10.5948990649841,10.2679805237188,10.5746204376003
10.5973846647589,10.3189064606507,10.5772739422668
10.1823188878387,10.380114388116,10.5355273500512
10.4402712742298,10.440601577953,10.4843972754061
9.10709591347813,10.4556617490905,10.6164917511085
11.2556687206196,10.4853436562431,10.6687529322385
10.3091168600662,10.5183652990867,10.7056992881178
9.96325667855049,10.5486177909046,10.7266375613868
10.7531629875501,10.5877898390448,10.7614614213808
10.3434899711592,10.6377374521875,10.8143523799271
9.84160526934928,10.6908357002277,10.8732381147421
10.5285479662282,10.7552322103302,10.9466521678813
11.2720867883694,10.8271935902778,11.0241692681591
10.3756146614752,10.9315476831582,11.122971996948
9.82430782047362,11.005836593241,11.190004939721
10.4824268089386,11.0417451775678,11.2199868384398
10.1839308808534,11.0294661294559,11.2057774738468
9.4244547643816,11.0437505394951,11.2083453057659
12.9058212688429,11.0693395179442,11.2163945273279
10.7471716768131,11.1064029773989,11.2341478718528
9.66872503849716,11.1490446940349,11.2654570797079
9.76667961440705,11.1988979644487,11.6095319104214
10.6838111872106,11.2604946146691,11.6597869561638
10.8334468297104,11.361510890702,11.7413056941503
11.6127673307126,11.5696343947978,11.8821502587691
12.311318968548,11.9427526783646,12.1093235024038
10.608075680739,11.7887284047176,12.0080364176717
9.84574825752438,11.5765418634399,11.854766489446
11.7986185990156,11.5167978484933,11.7710703955182
12.1838110595212,11.4597647669367,11.6480924320032
12.5185678269132,11.389741234909,11.4880750676243
11.2415795500989,11.3032707341721,11.2944188917073
10.4932934703401,11.4895162985971,11.5944414109273
13.54966587087,11.6281542564492,11.8197702305468
12.8471185718061,11.7186665764485,11.965041400654
9.92966784035762,11.7836323718163,12.0643453891599
11.9437524115015,11.8445745987197,12.1524205910934
11.1793977621422,11.9060785713102,12.2400477571945
10.9781153943029,11.9917445499047,12.345369486799
9.77533721222978,12.127826478474,12.4874040811012
12.3346411409898,12.3057668036321,12.6458397855373
10.6987883446768,12.3910411264819,12.726242660444
13.683845553345,12.3952668897459,12.7338356234319
11.9434048732527,12.2971415672429,12.6648317035495
13.5124971181581,12.3021122095186,12.6568366123186
13.4912125100452,12.3285999957905,12.6601665681018
7.26236922475097,10.0949846130272,10.474448043338
9.75541622262434,10.1328447653062,10.5067555734011
10.3680845001488,10.1735827044784,10.5383458797695
10.5975547863379,10.214914243179,10.5663801809089
9.28310960443289,10.2625965958978,10.5865757051498
11.2144851246445,10.3148323472637,10.5919728295868
9.36547678686567,10.3683677124971,10.5744214389462
9.45205329859652,10.4200261375517,10.5579985280839
11.4543323544931,10.4450804843646,10.6202715301575
10.8847276400698,10.4671809958889,10.6508126178249
11.0866534684535,10.4833697941018,10.6542075799157
10.2913500210748,10.5071465434804,10.6653426643644
11.8683189287879,10.5428797663841,10.6928513888996
11.1172388209734,10.5942667102941,10.7461365664783
10.4324143075841,10.6714821667539,10.8399399908262
10.6340163618621,10.7538060490089,10.9401737488771
12.6681484128094,10.8448872419601,11.0410355625992
11.6891298033605,10.9804526954937,11.168667723039
11.207605372519,11.2829117077385,11.4122170043113
11.9450352716988,11.2505264791022,11.3929325609092
12.502365976422,11.0831752286716,11.2584998335306
12.4641122484425,11.0568436763804,11.2242423742436
10.0913475470212,11.0646097172969,11.2143748194528
9.83765741151006,11.0980473044815,11.2276148638235
9.66105045851892,11.1408100283749,11.2552959046321
10.4444794458522,11.1902901091955,11.5986788153565
11.0275512608747,11.2497815659686,11.6509785138859
11.4657494334061,11.3423867977293,11.7258436229933
10.1916971749008,11.528707173565,11.8576454309955
9.89425041530357,11.8191952045507,12.0389875995329
10.9866307287303,11.7023038990888,11.961279321533
11.9522469671647,11.5872998367751,11.8706074553317
11.3669841826823,11.5158973510664,11.7953782016898
11.8553990244628,11.4802069353643,11.7111984331743
12.1280902755994,11.4473975190162,11.6134593846378
13.1090745282332,11.4235787574809,11.5336506899256
11.9677683810982,11.5168040769984,11.6671352105215
11.2696492210564,11.6367964520421,11.8546499917599
12.6628267317559,11.7161609106864,11.9745376521002
10.4555550625741,11.7832068202341,12.0767014967982
11.747708726375,11.8434607772253,12.1645508162566
10.3290853670182,11.9081634301534,12.2563970372702
11.9940192480902,12.0095884719903,12.3770302777085
12.7291353059389,12.2182314586223,12.5761677362356
11.965725483706,12.6857746852483,12.9496255023336
13.5904355287253,13.0961320373722,13.2710551218059
12.6648731234518,12.5886841460322,12.9034812399376
10.775717814424,12.4493929615014,12.8215206594495
11.5367767063522,12.4276425128788,12.8084470723875
11.5503480315316,12.4223843538196,12.7808624930549
8.95860823003873,10.0899574799655,10.4783999402045
11.6653596667677,10.1282318510276,10.5130087024241
11.2434263325975,10.1706386227059,10.5469301844543
10.0696831719571,10.220993375497,10.5831395451627
9.92537385185524,10.2685067109286,10.6100018989032
12.9889684849948,10.3212468553078,10.6281751572551
10.0923665880548,10.3699746563015,10.6375031849935
9.39767242760354,10.4061852869348,10.6345204815405
10.4834621549099,10.4333877741854,10.638525531391
10.6038047956628,10.4431627956662,10.6284726461384
10.6901692948704,10.4365616415095,10.5925542567037
9.64678389025458,10.4120136140585,10.536045455033
10.2159094112554,10.4123802056648,10.5189025438269
9.94510683783853,10.52667873028,10.6489379014119
10.6152336662635,10.6421493092996,10.7928858659878
11.0337572496862,10.7323938343239,10.908844011541
11.5343816653501,10.8435909104072,11.0342124643695
10.5914714166793,11.0393938110728,11.2132035491837
11.7441709397064,11.4489521169877,11.539989610415
13.3584246562225,11.3208197728529,11.4462736287328
10.7173920981635,11.1358850494918,11.2951773107607
11.41595887607,11.0491893618901,11.2140252636252
9.85856846927198,11.0534263551433,11.198117108885
9.86188262354042,11.0872456337964,11.2104188613808
11.8329984939722,11.128352691042,11.2327882749437
8.76410939609567,11.1799531475081,11.5764851498784
9.55308056799597,11.2389737426895,11.6293576364824
10.6101715926304,11.314419263454,11.6983073561311
10.3193927785488,11.4157585722099,11.7802185219479
12.0891001153906,11.5090855859682,11.8462417170172
11.4607025813586,11.531815110223,11.8584805678535
9.90644161678809,11.5018665795901,11.8283248638775
11.5246448067094,11.4968690818835,11.800509662585
10.4084226569485,11.5043943550753,11.7811603973695
12.7387400093848,11.5089852427194,11.749504815308
11.5982201823111,11.5247716087039,11.7412149659175
11.7548211903525,11.5832513606622,11.8106322599593
11.169621117289,11.6547642487744,11.9063864618235
12.9944031869261,11.7278106829615,12.0133435887246
10.4854072292179,11.785370653224,12.0933157315117
12.1917967228686,11.8436437451574,12.1773181726822
10.7884717629766,11.9113449040149,12.2694035852566
12.839069339189,12.0177034777169,12.3926004907377
12.736500479164,12.2227226790931,12.5771582405266
12.8827237358034,12.7033604898683,12.9488321953295
12.3883049953224,12.959591356088,13.1171315617182
10.4422020120449,12.5833174691868,12.8632084014922
11.1287173983017,12.6044858085083,12.9411897801582
11.7145407141187,12.7838348466953,13.1318217246273
12.7326887895096,12.6000010858136,12.9602837348186
12.1630302361347,10.0851792199643,10.4824389276715
10.2188903390199,10.1263397814755,10.518812116034
9.16564811481934,10.1759191425845,10.5583067677548
8.40878866873675,10.2315966941108,10.5996493617856
11.4377248235954,10.2994584692008,10.6458639811809
9.8884718316857,10.3685549749481,10.6845112973131
11.4754692506632,10.4072174099118,10.6966929762359
11.1832377023583,10.417597150788,10.6848991341346
10.6821426623876,10.4286450185546,10.6623981647097
9.45184672135794,10.433365108969,10.6279651846897
9.4183125322945,10.3724765276615,10.5128123382849
9.51901970990726,10.2363984331538,10.3194607883313
8.8947633482357,10.1525886353875,10.2033879229857
8.73497640038521,10.3758014373923,10.457685817632
10.1515535390535,10.5935696240151,10.7248096731135
9.99393436158532,10.7122679035957,10.8774204369301
13.1379096809712,10.8119768489276,10.9997879991942
11.2578649691488,10.947234819234,11.1345761321549
11.3777174580775,11.091338578538,11.2589290315758
11.3210518338859,11.139724339642,11.2978643506788
11.2312633387586,11.0540086377732,11.2222673356872
11.2607615808481,11.0258217863934,11.1801635788881
9.57445241042359,11.0349716141021,11.1663096616694
10.048986963663,11.0629992227376,11.1706129490929
11.6628041844919,11.1115651863226,11.1978568946374
10.7581693999881,11.1636249062842,11.5413941033432
10.1579625044659,11.2179861374948,11.5961496251653
12.2100858063063,11.2774189711568,11.6565233457737
10.792634699497,11.3384116555591,11.7159810972278
9.81799112528419,11.3979681411597,11.7672621034757
10.4945502777255,11.4386295774209,11.797439213294
12.1735495048017,11.4543692951771,11.8024912963172
11.0667511097697,11.4789227982554,11.8071431281463
11.3582046729417,11.5063501380879,11.8130965315399
12.8204539374195,11.5376406862061,11.8273340088243
10.5442549091276,11.5722559526194,11.851750028948
10.6472080742133,11.61935561097,11.9003317216001
12.5543911136353,11.676374864538,11.9707540544083
12.1536778218117,11.733048204375,12.0418040710047
12.216564059978,11.7878654863822,12.112966999893
11.8683694350625,11.8435335173392,12.1906760880359
10.4917497086162,11.916949541336,12.2830532053433
11.8457923375828,12.0161698413381,12.3891734580912
11.8793101286957,12.1510965162694,12.5007538736229
11.2237326561128,12.3209116539692,12.6010679591702
10.9907182095853,12.3514650058221,12.5651794903414
12.7751726715531,12.3068540423831,12.5023554286607
14.0111846724117,12.826141165276,13.0485414810043
14.4318249225041,13.8203992027082,14.0034138512178
11.7939962287533,12.9086661071959,13.2214260220173
9.7537299570081,10.0871586711839,10.4859241711867
10.4893131319636,10.1294732558767,10.523114345984
8.67509379879536,10.1859433444683,10.5665682465112
10.0605949873095,10.2573715584896,10.6194459309053
11.392157627445,10.3718285990102,10.6956272357195
10.2477104604531,10.497390072302,10.7733364339142
10.902160355564,10.5214213025527,10.7856263199942
11.776079663107,10.4640965859537,10.7392064354262
9.85105394349755,10.4443268913138,10.6956590454775
8.06836975232828,10.4312946935847,10.6406717283106
9.47305204475769,10.3492879641204,10.493565232188
10.1165280906747,10.1690033505362,10.245151694978
9.54639879448571,9.80194927404421,9.79088028456204
9.32984888687256,10.3705337635341,10.4491126863706
11.5956762625092,10.5774279177012,10.7003238488129
11.2830390674576,10.7016036282355,10.8584533702203
11.5218037402048,10.7930907510172,10.9703660628871
10.8544947450522,10.8704335766128,11.0554565865961
11.0400973892994,10.9502553484196,11.130913980605
11.1336738028813,10.9842512556928,11.1596106860236
10.4826112704264,10.9959288503458,11.1565431433239
10.8915532494202,11.0012735803827,11.1376942966415
8.59165782511787,11.0085280021824,11.1172557476872
12.0958903441778,11.024205133631,11.1039107341474
9.92129349502802,11.0571748233141,11.1123561472145
10.8526549654745,11.1326089485564,11.4826655400475
10.8313647197417,11.1986193955535,11.5564737254398
10.9653037193345,11.253083885253,11.6193865432286
11.709042923069,11.3023166911603,11.6737489766595
11.4389418772597,11.3516918205032,11.7210734748311
10.4852065550761,11.3947224840269,11.7598778218697
10.4583408571956,11.4331052911412,11.7891074225457
11.7871617720609,11.4722221147465,11.8195570363251
11.2238846941121,11.5115476403738,11.847311023818
11.4729454398714,11.5530161628333,11.8790457229193
10.5999875929237,11.5962890595336,11.9184738668298
11.9784637073125,11.6422647591719,11.9636202998706
11.1507573620231,11.6894219434732,12.0123292138869
11.7258806842416,11.7374465119321,12.0679971932671
11.462083312709,11.7889502650822,12.1319457499144
10.9464998669324,11.84917251773,12.2056207262357
10.4771738780797,11.9372871851366,12.3017309166657
13.7366267699508,12.0594877651785,12.4189088053642
11.7980295864566,12.2297134301724,12.5496691530395
13.799451462673,12.3342910093472,12.5687728078006
11.4817451646546,12.1238797288849,12.2705560231201
11.7154111785221,11.7737883894022,11.7469952138462
11.3740714948756,12.6923530882195,12.8118236576227
12.9981068571019,13.4599438709929,13.6149592068929
11.4675820562132,12.8528195091979,13.1220590946653
10.8857893655143,10.0874688621941,10.4874733582956
10.7699061058457,10.1338290513191,10.5241232179027
10.5991453999128,10.1954769697753,10.5654181581303
7.4829844302293,10.2954172371442,10.6311967588573
8.19467872670917,10.4585182769864,10.7255850399256
11.0753647920311,10.7823444089069,10.9262098496948
11.0413161674746,10.6841090904756,10.8849894728295
10.632476986983,10.5152923576878,10.7869146495886
10.8379064487745,10.4644138728976,10.7294220675364
9.50490956860034,10.4381326814579,10.6693008776979
8.54609847141713,10.4035301405316,10.5833162386731
7.81896407964133,10.2969008072148,10.4178636723341
10.7705976814424,10.3310415838779,10.4211171146527
10.2190090964039,10.459245549089,10.5654539282407
11.9008444733582,10.6103971966966,10.7455867306423
11.9564528122958,10.7007568228251,10.8520976839345
10.573452499601,10.7800183911122,10.9390281284688
9.78682523636373,10.8391067418679,11.0014429125467
11.3713072442109,10.8914409498667,11.0560426037939
10.3123499894967,10.9278011009878,11.0894751553893
10.4789473417943,10.9548640126547,11.0992135626416
10.2541334253761,10.97633516018,11.0913854732153
11.3750879942701,10.9697573468266,11.0491782850141
10.6240548748338,10.9281731762701,10.9692221217813
10.8817521177937,10.9289327581952,10.9433685359169
12.154639100737,11.0773557887876,11.3966377370935
9.92284661702508,11.1745961023016,11.5112434583492
11.0013407629956,11.241190453063,11.5880456916768
12.4654075806883,11.2913035760522,11.6445983102388
10.4470655190649,11.335301257529,11.6931339503848
9.39992679886887,11.3812510126328,11.738788897629
10.8461312566462,11.4269257279432,11.7841898040007
10.6428626730479,11.4718705981431,11.8283892277667
10.2511487528186,11.5239679806354,11.8763762905297
9.33569457259365,11.5746616748631,11.9237139585232
11.3579901085408,11.6235462056061,11.9714735407312
11.8682951855687,11.6664559365724,12.0121262889784
11.6080212879351,11.7065734468609,12.0497479382306
12.3239780243778,11.7498089918607,12.0923865924431
11.2681834073142,11.7971854815072,12.1464421394033
11.3288159837989,11.8597953581546,12.2167721423409
11.2554106289226,11.9728235321738,12.3275227726713
12.5817986295239,12.1682020891435,12.491848452914
12.1952944146535,12.4201118442587,12.6721991679178
13.1435344813874,12.6820391872434,12.7971795671575
12.4402366691252,12.119070532822,12.2085731482282
14.0204828290366,12.0229181386915,12.0803932734479
11.9475124942345,12.3052125499041,12.4311383186063
12.6935757959069,12.5904341914117,12.7614830466371
13.1857162257434,12.6518185665574,12.8672297671959
8.94091018451333,10.0897325794525,10.4872904540857
9.83698120709944,10.1371288602899,10.5232382218007
9.32811790272208,10.2018003768461,10.559688332355
8.71106967874812,10.3185081669898,10.6041923953151
10.5175143899723,10.4819539632201,10.6588030664962
9.57024120619715,10.7310758347158,10.8552075006021
8.44116679148183,10.6525726133385,10.85970294713
11.768860123651,10.5135541981283,10.7983446393471
10.7225714055851,10.460877744091,10.7534771529782
10.278683745838,10.4583563293193,10.7228106729475
9.68915895330873,10.4622690070513,10.6867213369972
9.06407506679781,10.4522531747692,10.6359102706856
9.40469682692133,10.484537236909,10.6431337770399
10.8516288115245,10.5701229190572,10.726007758518
11.1057788346372,10.6393664055748,10.7961766644578
10.2157917278686,10.715045812671,10.8746815503025
10.2012118661143,10.7793008702653,10.9173291855298
10.6302487201466,10.8370778033028,10.9447436639673
10.8514161443468,10.8715983904557,11.0003661533624
9.6655634025409,10.909397158693,11.0455760965663
8.81785242995829,10.9422565657853,11.0652350153393
10.5068794250336,10.9647933801978,11.0589051804698
10.2992776977931,10.9582065809216,11.0127547352063
10.5108488395432,10.8724570175995,10.8834484316695
10.7297689982605,10.8598433630451,10.8478478387881
9.4521827304221,11.0684267988708,11.3705006264409
10.3413869948676,11.1699551309698,11.4884596875934
11.0856317398079,11.2340155554427,11.5599711951968
11.7106076891903,11.2860966360006,11.6175249583654
12.6827207463913,11.3298031218658,11.6690570497202
10.2822935439822,11.3761005310616,11.7196209982533
9.69489894848934,11.4255235831302,11.7741681639396
11.6417668921999,11.4821316996797,11.8373846070512
14.1146367438418,11.5520805964408,11.9096206505722
12.1083061238757,11.6248655404152,11.9801966332219
10.459122972845,11.6934736509078,12.0455418409142
11.891185413833,11.7140996373244,12.0714149761345
11.0325679824443,11.7374862573037,12.091995783597
10.8909911940721,11.7713061146333,12.1215637871379
11.8144457556392,11.8093746482553,12.1590232047829
11.934274808188,11.8671135289441,12.2191515542114
12.4106166645616,11.9500559831643,12.3017563887478
11.8801495020948,12.1094446423066,12.4390083213756
12.152462953857,12.3629828133734,12.6232522296076
11.834954329354,12.5904703632161,12.7226780026926
13.6503476379774,12.1639602896544,12.2445043718775
11.8914824607076,12.0163493097263,12.0667196076187
12.246791185466,12.2537842026799,12.3945024121137
12.6936874740331,12.5685225224341,12.6196571632802
12.2595250359505,12.5413021117511,12.6567656538306
10.4082163995962,10.093177111403,10.4869524586889
9.15008971445073,10.1386978836175,10.5187639592082
8.97158334538762,10.2061051423653,10.547263475064
11.0009083541979,10.3158890728294,10.5660891248123
10.5444157614437,10.5194865603364,10.5462951129254
9.3177389226918,10.5138008435342,10.6944520029888
10.4513747737043,10.4944416531713,10.7679367710375
10.9184871501411,10.4554810552634,10.7722559062827
11.3574185569622,10.4494063580373,10.7688032444797
11.7862568433289,10.4659393353753,10.7653942345598
12.6255470851669,10.491281319703,10.7595581747332
11.6703537728963,10.522897452475,10.7625596245238
11.5479116261521,10.5646026368648,10.7782757669936
10.3034415019207,10.6148334546228,10.8112566485054
10.8766194332607,10.6722941501593,10.8577578787009
10.8540781040331,10.7262386523811,10.8922550696225
9.80078460287413,10.7815256367693,10.895171036807
10.8516450557658,10.846265926594,10.8518579963984
11.1374806019583,10.8568943174697,10.9362045256171
10.0197186447359,10.9019859458426,11.0095567622525
9.56466162708622,10.948223118637,11.0519793954839
10.1426244511036,10.9659384887946,11.0437294859551
9.19128114816071,10.9657985655321,11.0095500816428
10.2028491517923,10.9678998356673,10.9784854776293
8.96736391900274,10.9927336762341,10.987345595625
10.3426380689472,11.0902389919685,11.3836288541434
12.9968437261633,11.1711505666193,11.4729690685384
11.414517578914,11.2313827859307,11.53628839991
10.0711493862701,11.2796104595589,11.5850192421678
11.7480322434408,11.3237159714975,11.636200671604
11.1741240057281,11.3725420829468,11.6923773807127
8.89157284549664,11.4302419239854,11.7631621985336
10.1705284399126,11.4999416980973,11.8439293692963
10.7554485121073,11.6137143016886,11.95732683288
12.500404181823,11.7921215963338,12.1095773880048
13.6198481500228,11.8728404158383,12.1867499976407
11.8327051839145,11.8372433951289,12.1768890527816
10.7294002631629,11.8023860239736,12.1534445588228
11.2020415563223,11.8057874445949,12.1549676115858
9.73930355395572,11.8229877142521,12.1705424686664
12.4919967988415,11.8627371890945,12.210553599735
11.6425861833882,11.9255743263988,12.2702623467642
10.7623075109372,12.0372373301819,12.368973321503
10.7470141578889,12.173451179718,12.4677431620094
12.2433970246869,12.210554006129,12.4528761717547
12.035284220941,12.1275865891879,12.3344656219616
12.8496317471387,12.0947012231411,12.2655346703803
10.333982614861,12.2023971117012,12.3702785770125
10.505875398182,12.3351050398094,12.4401037070511
12.6037984075512,12.3203440754966,12.441232734623
10.0114530697765,10.0909483581788,10.4854910100928
10.6694137784835,10.1352096145066,10.5173979143745
8.57010793384909,10.1899240469925,10.5465566050373
8.4138528412745,10.2710271778066,10.5695043871369
11.3604902357932,10.3594064251341,10.6010292646815
9.38390424379885,10.387985899516,10.67319164906
10.4813787197949,10.4036241294386,10.7231088217972
10.0042380224785,10.4163291395105,10.7626410633028
10.6956798543605,10.4386018854533,10.7836997969164
10.9143396597677,10.472494733179,10.8023731076632
10.2699963994311,10.5087647183939,10.8151605862933
10.6670086900979,10.5549373895815,10.8372448250139
9.30862585621154,10.6010153141766,10.8578242923869
10.4320539662637,10.65304644894,10.8868537948971
11.9342417402972,10.6975877008844,10.9072366618872
10.4252151612326,10.7343496161248,10.9092944304066
11.8728891697697,10.7594418471579,10.8824475261917
11.6712699645893,10.7696524175654,10.8376852183992
11.628804850127,10.7926885314572,10.8624677297097
10.856086707375,10.8716657767699,10.9538626972056
10.2166850382028,11.000034024931,11.0930645698732
7.68035781208149,10.9618283683461,11.0321702944369
8.92848123694829,10.896806446896,10.9281661584131
9.81667683947399,10.9363892739468,10.9394177743201
11.7226444097787,11.0154126628274,11.0076515867925
12.7519228789025,11.0997630540929,11.3869800763398
10.7056892084121,11.1698300163873,11.452207858408
10.0789270044575,11.2226615211651,11.5014654104286
10.304380029123,11.2674904346539,11.5378340344838
11.0783783938532,11.3112330514619,11.5826191176648
11.2950882666657,11.3638272132029,11.6468740228767
10.5622195405029,11.4279504095758,11.7308239460951
9.46630338413812,11.5260145969325,11.8464820142359
10.9146358019769,11.6843208758627,11.9982149329877
10.0363679276639,11.9392225605236,12.2123104488981
10.0669906548566,12.3265244433519,12.5116551068269
11.2085690710475,12.0419328889093,12.3232824465687
11.9199514292265,11.9027367913368,12.2248499004992
10.8291509088182,11.8643688920137,12.1935849857443
10.8360201222252,11.8631480669262,12.1917992301019
13.3689683034735,11.8699280709583,12.2014131839466
13.0034100123228,11.9030779354496,12.2365342497982
11.7327832610066,11.9699356709775,12.2952323244754
12.3496809148231,12.0427023436723,12.353350889495
11.6823692291344,12.0796094000832,12.3710502277061
11.2844116479803,12.0867217882632,12.3478161411637
11.1739754054195,12.1243819169129,12.3603669899614
12.789560239751,12.1914671384416,12.3942911868454
12.6207889496061,12.2625048798222,12.4066475175891
12.1975603060127,12.2340265626395,12.2633943837318
10.445779865005,10.0858167847942,10.4837157498194
12.1410113250991,10.1279400882516,10.5158298075838
10.829110399616,10.176492889732,10.5477319586328
11.0908228285587,10.2349047492843,10.5796625812701
7.5150627442513,10.2897869423666,10.6221177979456
9.95880181567493,10.3354987631275,10.675441678605
11.3346393851665,10.3644438934282,10.7246738999308
9.91355831929791,10.3967342715523,10.7697063837354
11.6089938416988,10.4335055430171,10.8055814515107
9.99163655635202,10.4759025295549,10.8359331608138
10.8286857202472,10.5228000083863,10.8685283827082
9.73692051287053,10.5739322400058,10.896763143158
8.60568283829084,10.6360429853501,10.927357404257
11.8569694301556,10.6934449046749,10.9553034401461
10.0021118923635,10.7463959007034,10.9685081275839
10.9023161388042,10.756264484995,10.9419834539823
9.94613574897402,10.7273984721412,10.8615735137127
10.3273560860245,10.7049049748116,10.7923729734971
11.3123953441448,10.6437078270227,10.692380147339
10.5520602383834,10.9907399728733,11.0459008914665
10.5538649156935,11.1663845808168,11.2427720654961
9.87684255808724,10.9523085063046,11.01749106941
10.403414822237,10.6621569041673,10.6675123112077
12.0773266959513,10.7341478436038,10.7127804620521
10.2943388621097,10.9906239996042,10.9731701407785
11.6320667666229,11.1022662642748,11.3769959171705
11.6516779740205,11.1644760421451,11.42650507273
11.3602687983145,11.2055178342536,11.4410599054474
11.2651552136741,11.2416991159778,11.4527322935418
11.4508875043056,11.2769431524525,11.4727141848168
11.6031794100208,11.3451207797632,11.5713473495323
12.3909081126878,11.4137498189332,11.6711296651911
9.70636397177146,11.5111934268895,11.8004940405095
11.5684814695786,11.7036686266583,11.9877313071283
11.4048933089382,12.0684740794648,12.2912579476278
12.822528900111,12.4514674329863,12.5885380552597
10.6447544007383,12.0893777347124,12.3420815205446
11.0474480621586,11.9849949866419,12.2621559380521
11.8102364234479,12.0024845387133,12.2569728997007
11.6809647629194,11.9543191720774,12.2214355999855
12.176629887659,11.9001564656333,12.1937246308498
12.7707583127985,11.8936408814497,12.2022941816136
12.5888710007728,11.930566402579,12.2429315870823
12.0561083131804,11.9864484218436,12.2928251131
11.6164629205958,12.0387795058924,12.3355602407217
11.5281776661472,12.0757402711723,12.3582039301515
10.9585179631436,12.1482450617554,12.4110484031683
11.3488975223342,12.2276203294302,12.4517800438478
12.9953381778634,12.3378930732325,12.4996339931808
12.3471836041199,12.4257258295406,12.4947413340124
11.2093026375676,10.0830705336785,10.4789894279984
10.3737314737797,10.1210214669667,10.5118119478229
10.7206321414515,10.1643951944975,10.5456424804761
10.322853761129,10.2120018415171,10.584748646978
11.1855411810762,10.2614094680153,10.6293990138435
11.4282913104457,10.3080306644253,10.680243142508
10.5594629507646,10.3481437555028,10.7344752706312
10.8924077556065,10.3902766029334,10.7867567861587
10.4101955852311,10.4366545049165,10.8364982532015
10.1533729409406,10.4849470359037,10.8810664258388
9.55362618829097,10.5357714771832,10.921036846149
9.14453864179763,10.5936145669913,10.9572059923435
11.6769950983674,10.6695945851708,10.995282389264
11.5399232185244,10.7816104107545,11.0428971714589
11.1907804272062,10.8644405080211,11.0629537102837
10.8758576747467,10.8100485894658,10.9958643816828
10.6441727903183,10.7500602539642,10.9027631386161
9.12856719471282,10.6220658498721,10.714333422318
10.0914454828127,10.2907513866897,10.2852523842753
10.3338085813261,10.9949738307451,11.0049879477927
11.8036605784089,11.5581418725695,11.6148016981728
9.11393269521274,11.0564660169986,11.1314679387107
10.3821211514222,10.6563427707067,10.6661957713135
13.747808681391,10.7640682677901,10.7457431010687
11.8309239712624,10.9932319956479,10.9722842891145
10.2905253988986,11.1016089084596,11.3664482960193
12.2571913953712,11.1600272300186,11.398230795853
11.4407451312084,11.1765315778302,11.3573404800478
12.2755041021649,11.15629347381,11.2446782311227
11.0985400767874,11.2095510600922,11.2784890398465
11.5004802894139,11.3338464733697,11.4692176366029
10.9867229267241,11.372998405537,11.5633264562997
9.82742515015991,11.4826022035645,11.7304292713508
12.0502469397592,11.6221816527341,11.9047395156581
11.102706617568,11.811222219204,12.0834391588786
13.5075547055447,11.9504044015556,12.2093719562326
11.2846879579992,11.9393227516331,12.2055216324924
10.0298295043826,12.0768004042591,12.2786283489336
12.4840140021445,12.4264419016762,12.4661307541938
12.9241402782127,12.0315023261894,12.2087137913657
11.8627833153279,11.8833118010192,12.1267657632046
12.6599193671763,11.8739632521874,12.148406042577
11.1539897359349,11.9165734107586,12.2058511936497
13.486930975378,11.9699884107742,12.2627413391274
11.4292619714581,12.0264595989281,12.3191396058016
11.8643058701659,12.0830439733964,12.3735825790473
10.9962442486485,12.161831437548,12.4417070058319
11.1075289760014,12.3147283439527,12.5584202819845
12.4563586321493,12.6216574009224,12.7821172912447
13.205555204767,12.7554922917446,12.8577093101607
9.56441666676653,10.0814447026647,10.469163329257
10.5431841961013,10.1154724335154,10.5009220059576
10.5936115307765,10.1556619804215,10.5361772986567
10.4222155026112,10.2002957471768,10.5785761736095
10.9535817953195,10.2476541800846,10.6268146503838
11.5274977233645,10.2956428226534,10.6844978426953
9.92957490833209,10.3421599280797,10.7467201165743
11.3643983485557,10.3947741764753,10.814526583465
10.9477829128745,10.4495887436048,10.8789447172033
11.5425747782693,10.5064105769744,10.9411087813484
11.2985801194952,10.5598136835244,10.9902344309248
8.88446148986222,10.6215563873474,11.032453528577
9.76879333476609,10.7179488710005,11.0765529447933
13.0936741084914,10.8699132518314,11.136987099646
11.3289325376786,11.1680840042918,11.2486297771687
11.0853259892429,10.9083937797646,11.0874463703517
9.80698709299996,10.8085198070787,10.973695094091
9.1479493565989,10.741563149086,10.8807897751446
9.85526740449455,10.7512223747781,10.8547676879828
11.2180535242666,10.9328514985984,11.027625240404
11.3471049666758,11.1204061954431,11.231377782818
10.8245627357313,11.0705821522975,11.1648513718533
10.8712885278413,10.9405003736181,10.9913883104668
11.7425081141007,10.9596214027198,10.9714525555528
11.3444087682504,11.0432210281608,11.0302042864944
9.21433327492707,11.114425720483,11.3725393151233
9.91596034029429,11.1575012804424,11.3791966239334
11.6801879393277,11.1939497541361,11.3558896743871
11.376281424603,11.2746422821373,11.3204831797651
10.4864739112735,11.5108711928902,11.5369182715243
11.179637691678,11.339209162368,11.3666569880605
10.3636166524989,11.2975475263883,11.3787217380449
11.3706656537903,11.4550124098935,11.6735098183253
10.8432457518125,11.5651856112626,11.8300513265169
11.0739274789191,11.6670608609764,11.9422592109694
11.837576670293,11.757226465156,12.0271810900086
9.53358699333467,11.8649105635727,12.1075063038949
10.8444252136734,12.0115672773129,12.1872411947248
10.420338487795,12.0766831349571,12.1710304480528
12.6306719749704,11.8664025702955,11.9927161210612
12.9167453727214,11.8060569449812,11.9808086922678
11.8554164994916,11.8493969875618,12.0831743592122
11.7644681900982,11.9097222304479,12.1679067333988
14.3390282187617,11.9733176373041,12.2464185244673
12.1197227777587,12.0457498890714,12.321971702123
11.3201051686232,12.1195304946347,12.3958349504898
10.3663314755511,12.2052364525241,12.4764039963157
9.70413378198578,12.3167478412098,12.5777338791975
11.6922232536366,12.5618466663748,12.7695976301775
12.1781454482887,12.7366065179777,12.8882137020556
10.4465317007036,10.0806977059998,10.4538148177832
10.6591442958614,10.1104190976551,10.4795967414263
9.41288762876273,10.1494968908412,10.5158002871777
10.1645204918235,10.1921625356471,10.5566982664058
11.6064692837014,10.2366401280425,10.6133707831147
10.5296100631881,10.2889926695229,10.6854601272757
11.1687717771649,10.3438361700342,10.7596983496375
11.7547774862466,10.4064501445659,10.8468987467639
10.948075959529,10.4748889235672,10.9341928627012
9.91485879351368,10.5622539326939,11.0364555859988
10.4324120893622,10.6209134218648,11.0969130236541
10.848494825141,10.6880805761175,11.145753556994
11.0244316733447,10.743461630258,11.158481026535
9.36764682191506,10.9108540107582,11.2111175122857
9.72256263221835,11.0619835980169,11.2456925668075
10.4332275884862,10.8915973390354,11.1260305274878
10.5758216675826,10.8311136490758,11.0535036994262
8.60559004603525,10.8073230184931,11.001520432962
10.6226565475172,10.8166287770916,10.9805319154376
12.1774046150285,10.9188859421238,11.0697701437985
12.5429659629278,11.0110341708323,11.1554449380359
10.7242181441499,11.0231744544781,11.1366428163293
10.7431151601081,11.0320718802333,11.1072767592538
9.99634239701376,11.0433819675567,11.0769636407527
10.6212787341497,11.0902432627405,11.0887080863131
11.8544126888884,11.1262026988953,11.3836969495329
13.0073710865995,11.1433578973895,11.344161275792
12.1940748363861,11.1870919000562,11.3253031140866
9.2700952413901,11.2994750243558,11.3684072024873
11.9247242727199,11.7630227496287,11.8254023433392
11.2886386177048,11.5166599989339,11.6001709738744
12.4401989421447,11.3767769405466,11.5113852226165
10.0346510717686,11.4443294343693,11.6434698526797
11.0751613397495,11.5254203231976,11.7674815514923
11.3774514279783,11.5875031950332,11.8353461585597
10.1842998317961,11.6665113944655,11.8991330841833
10.0925646333908,11.8021261154026,11.9959005008002
12.2462973179546,12.0717082015457,12.1718220673047
12.3376698934541,12.0235215775433,12.081231598305
11.5352873069132,11.6129184458917,11.6082503508781
12.4242011291502,11.7657309725569,11.9056468500926
13.0365578333954,11.8405988597414,12.0433540494457
13.5164544083698,11.9149781460248,12.1518926134238
12.4975935473887,11.9902334900731,12.240572197804
11.6147804701222,12.1115314693029,12.3514526371049
12.848925754304,12.2038260679164,12.4405455885949
10.0874691978564,12.2689340555901,12.5122370297923
12.476647790423,12.3303454578872,12.5780704006059
12.1109825337621,12.3967928946686,12.6403687242003
11.7110837364321,12.4088150523198,12.6410281853961
10.0831775641242,10.0780271225504,10.4338894815743
12.2319921298435,10.0967064189195,10.4414047005108
10.3295488251244,10.1268310517592,10.4629463329732
10.1781250523215,10.1669943909645,10.5046002910801
8.95170343092991,10.2195873331744,10.5780297180747
10.7735280362624,10.2808053859777,10.6710227788155
10.3785764165014,10.3468925203767,10.7688078450544
11.1581579167958,10.4379832031939,10.900242259868
10.8102349277188,10.5447389303859,11.0360182587661
8.64329706022193,10.6596155017643,11.1675633385273
11.0155475416021,10.7790668525441,11.2814356317446
10.4876093749132,10.8368586638441,11.3253471500722
10.1453814217734,10.8299003806551,11.2890553937792
10.6469875419973,10.8266840393487,11.2334551625389
10.3475047032262,10.8389962866309,11.1892724422171
9.75164407764995,10.8290420416373,11.1409169211339
11.0102665501451,10.8086860672975,11.0911908415023
10.6323235558553,10.8215661024567,11.0663453537159
9.8588359283881,10.8602577945731,11.0711961738158
11.2069795651364,10.9154231392032,11.1006215519865
12.199178390674,10.9639079301504,11.1224834071178
9.73795832962422,11.0029199463881,11.1313848704849
10.2744910966003,11.04024713572,11.1317234329755
12.3559307499596,11.071475472959,11.1220198010147
10.5553097729681,11.1080585777556,11.1155769400063
8.85815684576066,11.1230314880386,11.3737139817067
12.1909165120675,11.0984661743603,11.2684276821757
10.522527983775,11.0797989975721,11.1725002299286
10.8157526918745,11.2356536511129,11.3507548970867
10.9498649808801,11.4341148578883,11.5890969286553
12.5545341566317,11.4376723784033,11.6155887935515
14.3280602407705,11.4233362902424,11.6284301877454
10.284881518605,11.4555830941188,11.6751651449718
10.5649211195925,11.5037495825595,11.7233254310449
10.7378984578429,11.5500383134735,11.7544649492531
11.7273042236344,11.5929818735075,11.7606389638805
10.7786534795441,11.6436673869174,11.7743052854558
12.247475132905,11.7926016632166,11.8851481472541
12.71475133546,11.8492220054268,11.8990632360666
12.103265840793,11.7938616142282,11.8643579722647
11.6602584926376,11.7901518370065,11.9244404418203
12.246069418109,11.8549123472299,12.0419809562281
14.40922706683,11.9173260229249,12.133978695537
12.42531363379,12.0052227592013,12.2329087643557
11.4069635198599,12.1614803823198,12.3661527740153
12.735688027043,12.466063286733,12.5840115160197
11.5539777567217,12.4874252038358,12.6265899549437
10.9378511561833,12.3091348744145,12.5427340989036
9.86100320325316,12.2964669001809,12.5439544888361
9.7088492337524,12.32383571686,12.5585641261153
10.3548732151638,10.0561921216126,10.3837717164919
9.43009410154687,10.0643147491484,10.37531504731
10.5298818586285,10.0715651204787,10.3637438423196
9.71263768478063,10.1082414182368,10.4033011754449
9.29444453903296,10.1753812871371,10.4980638117947
9.30185787165119,10.2614671730611,10.6325068511366
11.2309574338341,10.3549758353961,10.7832605010582
8.65967011690077,10.4698065428399,10.9466865621775
9.85936179209731,10.6568370727621,11.1583571262287
11.9377977424864,10.8984139343428,11.3977046963991
10.8889901051619,11.2181108055094,11.6779079209743
10.6728813685121,11.2503493193859,11.7007598096598
9.77984013490189,10.9229538027246,11.421136498728
9.0888598554958,10.8197854132676,11.2894350259448
10.5527708381992,10.7918024882755,11.211537346936
8.70328531907199,10.7877259581189,11.15676479985
10.0201850418999,10.7981189406194,11.1211417059532
10.6893061791326,10.8257600093035,11.1015495524282
11.1595602779991,10.8648979174057,11.1015138261872
12.1591888660836,10.9067209131793,11.1081440293508
9.98061239912901,10.9527581755319,11.1242891530708
9.41136103035939,10.9959285261366,11.1360389727095
10.8605968747461,11.0408022051115,11.1457959709989
12.7453492003171,11.0912415371941,11.155509890086
10.5011621513641,11.1426966858623,11.1576964892166
11.7260536297188,11.1648976752613,11.4214724538686
12.1488794467286,11.1268660798894,11.2913924148071
10.8654473214312,10.9984649422358,11.0492823683686
10.682058637802,11.172038180693,11.300946651956
9.03348802470113,11.3236324832677,11.5170246711688
10.6986591776096,11.3963226669973,11.6173962130182
8.88676268738914,11.4225784556361,11.6536204503594
10.4230745868568,11.4589555587686,11.6881561018819
9.51850875259924,11.4954807096978,11.6982592392989
12.2121850468446,11.5215596428299,11.6628468945598
11.486389096621,11.5159523381068,11.5714174162014
12.2029512850607,11.4728634741941,11.5450794061066
10.8918667949029,11.2636139968834,11.270746204551
12.2158645868559,11.9195232320334,11.9553663784098
11.5180775298047,11.9721931258935,12.0792095824896
12.9652493290744,11.8822721292238,12.0460488211425
11.3336614263661,11.8614794464337,12.0412707877347
12.1181484300346,11.9119350430667,12.1092016212617
12.8829980661321,11.9924456577176,12.1999160195853
12.8746031132138,12.1199838592761,12.3181941009938
10.6468438693033,12.4092856224551,12.5300498011483
11.465442332959,12.4030247314812,12.5548376958166
11.392054726293,12.2747100865712,12.4950187366561
11.463725133971,12.2531097043211,12.4899354896603
11.1605086008415,12.2818568222004,12.5041782218085
9.07680164796922,10.0337567325106,10.3441684535009
8.7249228645445,9.97343206015298,10.2341310096298
9.90457384873154,9.89447937285223,10.1148491528439
9.14094074723504,9.95640019124546,10.1854386217249
10.1570279271686,10.0597269729179,10.3270957912637
9.24783173544885,10.2252933272714,10.5724003449217
11.5934748616869,10.3556154316927,10.7769113208309
10.0499849642263,10.51004769356,10.9879174760201
10.8228288558007,10.8445600678908,11.3248536505823
11.0465254269474,11.363073016561,11.7794069425937
9.14177624774261,12.3286912337212,12.5590132190008
10.9876134551253,11.821953190589,12.182675483156
11.0434715880882,11.1883537801311,11.66743236073
8.62363845606537,10.8771871874917,11.3772258465946
10.4393341560235,10.7886998148597,11.2496149698283
9.562591380436,10.7799982912022,11.1836100591864
11.5515744928922,10.7967728669784,11.1445469206868
11.1949354704516,10.8276939668372,11.1222032689009
12.1739897974297,10.8632621348079,11.1132267399751
10.4151628857906,10.9045722975221,11.1132604859194
9.86482344433408,10.9491541544267,11.1220387813538
11.2629466277896,10.9947722079435,11.1381091412948
11.2618107806814,11.0455733344416,11.1561312118763
10.8257122684964,11.1078681331052,11.1767409307198
10.3970329029754,11.183570239734,11.1978132282912
11.8425163962334,11.2872849951721,11.5239273219894
13.1718784599216,11.2693125361639,11.4618147444221
10.4979674053015,11.2084791161634,11.3811559091894
10.3902996518651,11.2267640258226,11.4108706526369
11.5939217556177,11.314459849432,11.5381053630702
10.6830762696134,11.3748582020142,11.6137372258181
11.3289383269406,11.4164303351577,11.6606494729145
10.8783710954537,11.4542505405588,11.6864660008297
12.502417712164,11.4920262934394,11.6938870396696
11.7317625828418,11.5084036209181,11.6396326428021
11.156633335806,11.5011572201028,11.5525983950207
11.0735816383003,11.4432169612051,11.5033108868757
10.8653093696769,11.2294585802641,11.2475253385526
12.1385066896801,11.8473271288959,11.9193633430961
11.7778115929176,11.919434392213,12.0585542528197
11.590427851025,11.8654313751809,12.0268059620042
11.3905668961927,11.8551125770651,12.0247680704033
9.8863694526238,11.8837502352351,12.0536313749827
10.7998430917949,11.9572666330589,12.1363122278749
12.2130921000075,12.0541534338671,12.2472043438321
12.0260754152721,12.1676488809991,12.3594020617707
11.10498743036,12.2045632822937,12.4099213222588
10.2098413375159,12.208069538047,12.4284881488729
10.4284104208812,12.2277515976969,12.4496800428924
11.0881055013957,12.2617842729809,12.4713402904786
9.77583002340322,9.99962976664185,10.2919438754488
10.5946025145006,9.88387253983077,10.1096950090829
9.42589596187293,9.63394197095913,9.77302614221772
9.8810554417272,9.59320085152362,9.71910789627405
8.48222531413177,9.90179436611131,10.1226818689189
10.0007242511826,10.1631062776523,10.4876582113262
10.8350550931251,10.3428518038028,10.7562673243661
10.8071863995162,10.5257642586651,11.0034496452169
11.1150844995208,10.8566734791453,11.344026587894
10.48590347148,11.6077128367482,11.9615966428507
12.9432866649588,12.7291560758952,12.8265150896302
10.6150027921262,11.8266301780445,12.1953750250802
10.2004882592605,11.1259531733007,11.6426036453523
10.1196693603757,10.8596796965531,11.3934554002795
10.8112147325608,10.7928447288524,11.2809857625848
10.773272795477,10.7943353255179,11.219429200017
11.00787601171,10.8029219314638,11.170011403264
10.2230450185575,10.8289807198554,11.1384799871015
10.1367543488159,10.8633411747816,11.1153422868468
10.7866170435594,10.9009545519828,11.1064301556724
9.55030057295322,10.9452184088455,11.1133907687375
10.85624265189,10.9948112290605,11.1317486648796
11.1503556828332,11.052770577565,11.1580612332593
11.8583596918475,11.1201854929575,11.1865455640921
12.2623249511523,11.2521568532446,11.2463189311478
11.779031007312,11.520383174094,11.6640326731086
10.8802326227444,11.4568951454719,11.6083126204077
9.70516583930764,11.2959515753814,11.5020949895688
9.67308273037684,11.2866151865388,11.5157524926605
9.17934008848023,11.3198527817405,11.5626767751734
10.1470837010293,11.3678358765386,11.6168138414164
10.8531456993199,11.4113808918182,11.6609798315738
13.168075841659,11.4545519533418,11.6928997998613
11.2496798850723,11.4926816598142,11.7067569694117
11.452125674284,11.5176989304132,11.6916646343423
11.5917372686292,11.5326704493005,11.6637609873096
9.27035813190154,11.5309335947487,11.6488665872031
13.719161178073,11.5591899112901,11.6703070871242
12.9423624177746,11.6833069159052,11.8069807578888
11.783808811648,11.8239635273673,11.9758980720864
10.9116431704609,11.8146961839219,11.9642419608075
11.2629685778357,11.7795558410955,11.9066064978641
10.4935657876311,11.7699238596511,11.8784072624027
11.3206365818032,11.8993647168593,12.037368108643
13.2146614570874,11.9929510353626,12.1622670245612
11.4459877920313,12.0722839089264,12.2691124856016
12.1962767356632,12.1233711149072,12.3360625890844
12.1827980369218,12.1658731423509,12.3833128044574
11.2818510983304,12.2024355175103,12.4169146841338
12.5899524783572,12.2522253102136,12.4485294593291
10.2116448690147,9.99303454825481,10.2882275246105
10.5494530633218,9.87407398531773,10.0965955006412
9.21637950106257,9.56837733588287,9.69143713225586
8.83806085335783,9.27423363171775,9.31350241800511
11.1186978516424,9.82831028034168,10.0339389361129
8.97166283672358,10.1819799579945,10.509811371033
10.7991931674281,10.3312734101798,10.7503728625324
10.9976680522158,10.4824905870112,10.9719944541423
11.2020164225192,10.6970437874303,11.2254553934143
10.785173457075,11.1256989285389,11.6082651519517
12.5983721165943,11.3954108353719,11.8412255599661
10.9448066646938,11.3234356576372,11.8063135030412
9.84365606967999,10.9557219116335,11.5141872024367
10.0458200078728,10.8606281046261,11.4050363249238
10.9924951222663,10.8419778801602,11.3347114676961
8.39485576725394,10.8362343422176,11.2711834064105
11.6625275905891,10.8282915928244,11.2047931350721
10.4210835875866,10.836460942301,11.1504334253991
10.4419049170561,10.8585257675366,11.1084273717184
11.0011324342824,10.8878179741781,11.0810029647499
11.5142214176136,10.9309650858468,11.0851005333069
12.5356486793159,10.9838236008927,11.1076678571409
11.0888224428918,11.0451330067202,11.1425825997895
11.2307430459699,11.1262705832711,11.1859633058378
11.094645877204,11.2735173400149,11.2535143770214
11.7953770816094,11.4978115028597,11.654281083431
11.7772424828441,11.4572704651899,11.6133592496313
10.4317658883919,11.3255920928182,11.5422807499498
10.6884423847947,11.2839092013489,11.5204437015173
11.9138234711831,11.3153936736428,11.5608718611537
12.4563768208128,11.3623421449632,11.6116582525412
11.8137145072784,11.4091684380098,11.6571932572053
11.2703085227883,11.4536533980801,11.6938669876519
11.1737685688595,11.4953537487349,11.7199432843383
10.9308910581532,11.530205314625,11.7347998489575
11.1893809589833,11.5641269257517,11.7472540759617
12.1860369788028,11.5953229840377,11.7597374537163
13.3786273628585,11.640340703789,11.7911146945245
11.4374528959308,11.7151899880299,11.8673469744299
10.7513764671741,11.7819603108653,11.9289734916391
13.3560778626775,11.7897096987181,11.9213689428429
12.8902350258213,11.6859930207459,11.7586883114204
11.4758967986152,11.5415426398878,11.5382374589925
11.8918023845096,11.8444432148702,11.9302440225908
11.5441443071468,11.967558012054,12.1101297605852
11.8933333625862,12.0370332638515,12.2198776928281
14.0158712081014,12.0915577502021,12.2959104694933
11.195235947844,12.1408359181275,12.3529986297703
11.2211076362017,12.1873660969468,12.395438928042
13.6060416141802,12.2438896157164,12.4320808133889
11.6984694635364,10.012836228939,10.3260360644535
10.7303466639057,9.95988343521462,10.218982085218
10.9611370922127,9.85783235644058,10.0608653310234
8.5539691667897,9.90527504201678,10.1186571888116
9.56504431006689,10.0407180144338,10.3075402953806
10.1686206104309,10.2187416996422,10.5687729606076
10.1626650126103,10.3473417447499,10.7791379375505
8.90404366593968,10.456554081325,10.9575081771407
11.3998595038532,10.6079093772602,11.1486986774292
10.0159062196209,10.8022019526398,11.3483425587078
11.4690714703732,10.8911865658156,11.4523631802223
10.1655754121107,10.937077969082,11.4971031077266
11.0323620464326,10.8777792221434,11.4424053581311
9.49168141871235,10.9424791635407,11.459672576786
10.7461237405515,11.0340138821995,11.4770107268419
10.082152891389,10.9476334645812,11.3607961838729
9.67669823030461,10.8660945431149,11.2382803489547
9.56782163525486,10.8437825616341,11.1538540621616
11.7188495013028,10.8429087997484,11.0816392122742
12.0698988319646,10.8496250344908,11.0233771074675
11.5467158589704,10.8908646206908,11.0208197565784
11.8153329635735,10.9587792953793,11.0633039100861
9.90337234343361,11.0251338807036,11.110468523652
10.5691761543704,11.1036706418846,11.1598237435819
11.9319515030905,11.1720298991826,11.1918398435324
10.8607470778927,11.2374965309445,11.4992045921122
10.6922578871026,11.2448420742877,11.4676602832908
12.0407407044928,11.2271337554215,11.442766312846
10.18601852496,11.2419458882888,11.4583336303435
10.9572535423681,11.2914843165768,11.5195719712851
11.4334542485824,11.3534510129299,11.5916461586381
11.890456529953,11.406497827536,11.6482417724499
12.8388448411573,11.4536841452453,11.6919179317159
10.1957218908409,11.496509994556,11.7240611224939
12.12823079002,11.5361687672836,11.7530582329788
11.2549220261149,11.5775861660845,11.7800545826241
10.7477203120133,11.6223908856222,11.8133122775823
13.6270711508893,11.6782690874102,11.8527045189194
11.8605124543706,11.7431760021871,11.8908106954263
10.9251645709662,11.7874602461803,11.9145534710828
12.6728085905071,11.7995211493773,11.91192013265
10.7867851162236,11.763029878601,11.8509281241733
13.2951181419368,11.7291784036103,11.771468202596
13.632351583163,11.8625067109336,11.8924766101016
12.8324062625267,11.9676495109401,12.0874721135727
11.338266163688,12.0300753203569,12.1994806819609
12.3533295381205,12.0790830514377,12.2771781469895
11.8469275538801,12.1289091807186,12.3371669504735
10.7151037923195,12.1807059404831,12.3855682874598
13.1368482880033,12.2369857326118,12.4268775719631
12.2836893550409,10.043189284206,10.3890380628344
8.77009552667391,10.0466127700788,10.3589366143348
9.62280137037854,10.0553257703736,10.3436537234483
8.6675494334584,10.1015855262173,10.3934770208275
10.0999694572418,10.181637389997,10.5102648700104
11.2437971155012,10.2729111895214,10.6552813835299
10.5409373661315,10.3726997349961,10.8244113450548
10.652612569468,10.4500837831685,10.956965276749
9.8202218271858,10.5355545745208,11.0833258688353
8.97005144699882,10.6163769611648,11.1867491953774
10.758178110544,10.6973028805048,11.2684863721211
8.58266401059881,10.7544724553667,11.3244073422295
11.7651751458875,10.8851655105846,11.4173204308269
10.4263071274884,11.2210739625947,11.6392439948217
11.8461445855321,11.3496102024023,11.6885531259711
10.1050723376448,11.1885305706169,11.5305770250027
10.281042409484,10.9549767964557,11.3031373622518
10.8163545544968,10.8653763719606,11.1626409167801
8.57691195796181,10.8159088526433,11.0380930270723
9.41188929515251,10.7500064176171,10.8837979193545
10.0385990877467,10.7902147034833,10.8786846331534
11.7137975828362,10.8962530224975,10.974137609041
10.7839919761597,11.0006644066442,11.0726724102423
9.20132542938829,11.0722855287544,11.1275199669908
10.8685397207419,11.1161140475996,11.142543231619
11.8926243242733,11.123890285444,11.3990685133805
12.000755017457,11.0847515679202,11.299937475563
11.4501771689833,11.0535737511214,11.2275541924848
10.2106156013134,11.1169048669935,11.2910130721247
10.5980528217776,11.2543295077155,11.4564035671159
10.9035253182464,11.3390316624618,11.5612948017578
12.203744819127,11.4000429297125,11.6335474905694
10.8601614104588,11.4480389754867,11.6825618718486
10.7863071260317,11.4950252798793,11.7189412875814
10.1855139089853,11.5387207228,11.7530148579364
11.0194106548854,11.5837000897799,11.7845666542113
12.1342574215248,11.6384520525386,11.8327304810069
12.4326750346238,11.7043668044511,11.8820962244595
13.0030056749369,11.7819998713509,11.9040205231243
11.901553724992,11.8576255663261,11.9091453300461
14.0171391640886,11.8428352924568,11.950625658345
12.4631388558463,11.8401221911655,11.9546431609611
10.6653667361327,11.853052887785,11.9483396854952
11.9115059095225,11.9224113442072,11.974974423164
11.3802669588019,11.9800255072026,12.105188261601
11.5740293175851,12.0300373212776,12.1989383832944
11.9275488933915,12.074638698287,12.2703233063579
10.0855304804162,12.1246592349965,12.3316997283226
12.2292477047828,12.1811153586388,12.3832535003823
11.5889787335975,12.241603273084,12.4302110647981
11.7474516761524,10.0640019733986,10.4429023208211
11.008286048088,10.0908497699575,10.4482057126032
11.5264508187992,10.119766658648,10.4624086832435
10.7369008485413,10.175083128238,10.5209481793591
8.2989726816953,10.2463053216989,10.6164768963608
9.13438370692985,10.3378161422193,10.7508688588799
10.7728765109526,10.4357398563274,10.8942579869975
10.597444285018,10.5017356261472,11.0103383341501
10.6732657386959,10.5483087688511,11.0849793456607
10.5329854811245,10.5969412187407,11.1500337972982
10.8350174940566,10.6515184885999,11.192361940005
10.3281904165494,10.7073629938994,11.244770780071
10.5462465554087,10.8545223635295,11.357306810108
11.6121514815788,11.171339257849,11.5731166735704
12.2722881104966,11.9928651052059,12.1203794408595
8.88931010656674,11.3792658724714,11.6542632273161
10.6666716350285,10.9767711680103,11.3142426803559
9.63218388009968,10.8690470628485,11.157185926708
10.0600555128684,10.7877302440451,10.9951015280872
10.5210065441603,10.6372177549525,10.7263832133098
10.4106652631214,10.5514870067799,10.552493434292
9.86765169277259,10.8526577071721,10.9154045277567
11.0197233475202,10.9961648453316,11.0669799121119
11.335524205684,11.0671078862588,11.1224816909362
11.8834728316138,11.0991703298821,11.1265206158935
10.6846771895287,11.0704229623445,11.336568904998
11.5813769603981,10.8939643974475,11.0603085658666
10.4788111695697,10.5580556225973,10.5959367560301
11.4370781220041,10.9452396179906,11.0697454828466
11.0098434011923,11.1944861142771,11.370989692252
10.9092321890348,11.3255943371162,11.5382891236675
12.9645547671439,11.3915131881813,11.6161422230938
11.9747918952666,11.4448088138216,11.6674660132102
10.1879713708086,11.4892649869857,11.697748916531
10.545697775954,11.5337872576363,11.7246707344511
12.5164204365111,11.5846304366464,11.7643263977351
11.291517120822,11.6577331240428,11.8249009415207
13.7910176134909,11.7344746347675,11.9054986783147
12.5482578737681,11.8165111831796,11.9551854617894
11.9993173219028,11.8848291447673,11.9698723641455
12.6427955532271,11.8698685667213,12.0031914837828
11.8751039970205,11.8673222319769,12.0195367074236
10.9051093539983,11.896602494524,12.037084147821
10.5169559192913,11.9360140648633,12.0659767730386
12.3999669528961,11.9794237692977,12.12567303971
12.490628984933,12.0247654731024,12.194911740754
12.3216626965745,12.0754302021636,12.2661264494507
11.2053496098629,12.1305532066021,12.3339128765958
12.3196090035275,12.1942509015077,12.3964258236769
10.058048524171,12.2563058491198,12.4441377903296
10.2130519795368,10.0741959923091,10.4759004851949
9.80547745239996,10.1064805188807,10.4944709986314
11.8567772187887,10.1445153412373,10.517197793251
10.2783320699743,10.1972861783874,10.5651893924237
10.0986307486376,10.2816888089803,10.6571170912885
8.32915358441363,10.4360490724369,10.8365942301099
11.3259992422385,10.6267981882807,11.0476306997562
11.6466908739963,10.6512777033883,11.1304948785018
10.1352291792239,10.6278846310866,11.1456995146203
12.3153907843514,10.6421819889281,11.1515045905734
11.6006453087458,10.6824586047018,11.1663993936833
10.4789905368482,10.7333026044876,11.2084726788941
10.2503290987881,10.8035514950883,11.2717541281039
10.3290712048581,10.989759233184,11.4175152504584
8.55742372902233,11.2021471568185,11.5507876377129
9.37971970409635,11.1180832544916,11.457640899316
9.57944547198174,10.9473314800897,11.284018553701
10.1118487185677,10.8626349649822,11.1563822587888
9.62764567166376,10.8157655908097,11.0367168271934
8.21615836023173,10.7624629137032,10.90021095453
9.41372685417696,10.7519226319012,10.828185295724
10.8870925598003,10.9169943723208,11.0046449803122
10.5539300311959,11.0199373576176,11.1003970543608
10.115261396866,11.0896035242572,11.1514625275632
12.0205202566474,11.1265434479565,11.1517045312452
11.5777159161524,11.1147418523701,11.3738681755628
11.0629309464272,10.9134782298575,11.082835352151
10.1889163426407,10.5948412500766,10.6458065203453
11.561732386146,10.913238984801,11.0271477830354
13.2730352330686,11.2038475321401,11.3874148147692
10.9968291629909,11.3237481993955,11.5353458668852
12.7086651646261,11.3905814145911,11.6095548513508
10.6302702399686,11.4383713996552,11.6440103515638
10.9395617234996,11.474862391744,11.6553739014147
12.0475661938962,11.5179193556583,11.6722088191808
11.4503495192484,11.5736659102297,11.6990093232948
9.98152218227303,11.6618477010279,11.7603053590506
11.3120842739586,11.8457007544032,11.9977485095527
13.7875795822101,11.8937388026874,12.0712812663477
11.6990179058672,11.9005380117746,12.0842266112512
11.8475890668806,11.8799523462832,12.0775152556342
12.8095567100997,11.8811604597902,12.073139163127
14.1701856632521,11.9017846857252,12.0736556330233
11.7958955428405,11.9339404069727,12.0881458031937
12.293705704243,11.9657046446746,12.1173329640079
12.8760923513564,12.0129148526912,12.1781734354016
13.1104689083256,12.0767471488764,12.2585749102393
10.9491378926825,12.1506724140938,12.3432545244361
13.2665660686458,12.2393809764378,12.4309362520075
12.8296379742955,12.2998726861335,12.4831274680374
9.75910702852124,10.0827570862022,10.5048445280543
10.5376664763709,10.1148375057008,10.5218070880726
9.4887060090344,10.1477077675108,10.5312166963518
9.0972525920436,10.1903417681341,10.543515726114
8.13076713512163,10.3212451151001,10.64815767854
9.88744199454297,10.565665138471,10.8853372242768
10.2081093419977,11.0392285186162,11.3214026816136
9.93457684577103,11.0002288589801,11.3812618602694
10.6246687962421,10.7925504178976,11.2682410205664
11.2991332441646,10.7953701261331,11.2382603279435
11.4442929982352,10.8511740842203,11.2200679802007
11.4627893854655,10.8587145421428,11.1686073445813
12.0360215856402,10.8051641427117,11.2242803981699
12.1416322491808,10.8309793213944,11.2713824587861
9.50594750478638,10.912111623472,11.3258291954352
10.1801404115886,10.886388758417,11.2763691118372
9.3540143273527,10.8631235915099,11.2143408676277
10.3129806395203,10.8442672256327,11.1446949676715
9.73750725142743,10.8417727519899,11.0809396332949
9.3363606809826,10.8486784859849,11.0280763864522
8.47452529351553,10.90241467747,11.0467981663158
10.4393602916647,10.9653582994891,11.0840318155195
10.590226467277,11.0526201416146,11.1555740806938
11.8684823206256,11.1533932705204,11.2164778273896
11.2341657202552,11.2376572756254,11.2386881764615
10.425724265328,11.3087550564988,11.5306328044384
9.43827596440624,11.1292607001212,11.3397384938023
12.5790586382193,11.0372964538063,11.2222384531676
13.6178621865624,11.1474912537869,11.3462850510363
11.5704406486747,11.255310176474,11.4733356726033
10.3503510925531,11.3405502329406,11.566695712703
11.0984888295235,11.3935674548235,11.611481016947
11.8294182681166,11.4221340380006,11.6059116126774
12.5010936084418,11.439820736251,11.5715862601572
12.2118480142559,11.4852234265525,11.5896030306836
12.1027360698897,11.5782552762705,11.6754388717466
11.6177901552398,11.7137397015558,11.7284666723749
11.3899284667512,12.1478917717409,12.2524233710632
10.3340772359978,12.1551687214781,12.3194836389211
11.7129673592976,11.9909194812044,12.2132710190265
11.3125586856489,11.9098570279376,12.1420460958391
12.2384520922443,11.8893560795769,12.1079502457398
10.8809726053107,11.8973440487792,12.0868145413059
12.509861194587,11.9101674162922,12.0600105842682
10.452017438012,11.9298824370091,12.0600398965813
14.3733510684339,11.984845909125,12.1215352757579
11.6446025684322,12.0773354087341,12.2421870643274
9.88036322008327,12.1983106510912,12.3764338792995
10.7572733923191,12.3502872732833,12.5130346520729
12.2068104085198,12.4212211591301,12.5749999387926
9.52566916185429,10.0883461712498,10.528866263
10.1324530561906,10.127010441376,10.5498055375239
10.031696027513,10.1527464319818,10.5386644694204
9.32522973491432,10.1504605749795,10.46500183993
9.17708692680876,10.1519060497307,10.3673048145671
11.2239385379444,10.5731800691432,10.7922695633835
11.8786973637842,11.4687973089816,11.5937582509996
9.90216242046304,11.2802447991433,11.5770303631018
9.14359330722682,10.8970940532119,11.3581862768729
12.0376193181971,11.1287904483148,11.48306206243
10.1221692897987,11.2693623629216,11.3971341545991
11.1753317456216,11.0627308512263,11.2162013217853
11.840533483678,10.8505696567575,11.2296051071337
11.5750277219398,10.7822197562242,11.2154844265125
10.0505426911179,10.7910630735662,11.2159282708626
9.84058596302066,10.8056890170827,11.1987452999873
12.0648302466979,10.8236891476186,11.1759332976509
11.4648870090822,10.8406712657742,11.1480966003885
8.84995005762781,10.8617892511543,11.1200705360783
8.76965842619616,10.888488543363,11.0998762365388
9.94838462944362,10.9364060590478,11.1163559983055
9.43222098860817,10.9944911595964,11.1478144777226
10.2778496619428,11.0821211255144,11.2040852242951
10.2561680714134,11.2198289905805,11.2792260039526
9.76741553678673,11.5285090221319,11.4133230197052
11.8881897355732,11.6500977495382,11.7646694890159
10.1830035099338,11.3208716009445,11.566960582446
11.7672436040086,11.208057188011,11.4706720085548
12.0204518374016,11.2503661602613,11.5140761380844
11.5935748757517,11.3036544788149,11.562299896179
11.9265950574024,11.3583503657091,11.610972803951
10.8024889103332,11.4042180280834,11.6415845777408
9.29941367039557,11.4114332042298,11.5893285476075
11.3284779845914,11.3687246675692,11.4227808105858
9.85479201265076,11.4398841077532,11.4878985939025
11.847077826087,11.6095290452232,11.7392753407062
10.9080215795138,11.8425727353728,11.9721973191858
12.8919742805086,12.4026492578458,12.5058842393909
10.6247200896533,12.4755440388936,12.6186609800699
11.2329521263689,12.099006693273,12.3269814475638
11.891023378515,11.9175652810901,12.1721352696432
12.0291016309311,11.8875175974011,12.1219836402496
12.0078952873231,11.8915037117535,12.0854540790606
11.6967208865375,11.8889344096425,12.0315155278659
11.7559054241274,11.8417738561178,11.9021443091219
12.779724379907,11.8964489710969,11.958339721067
11.3316865024225,12.06804377793,12.2057928490892
12.3435538140448,12.2553526800302,12.4147456292542
11.6160496651334,12.5682301643087,12.6673070885789
11.0290738005985,12.6697622943674,12.7472065410021
11.3564658406624,10.0913092680417,10.5540160943472
9.97792656655613,10.1556037629457,10.6019266720694
10.8228277532678,10.2035212499599,10.6055530970556
8.17179583308207,10.2754409504504,10.5823660345968
9.80699155433638,9.98053391184392,10.0009997264418
11.1212175868295,10.3668334831698,10.589863887307
12.0976864326181,10.6975418248042,11.0680353569187
9.5221426083802,10.8289029924213,11.2807672092273
8.46062713297882,10.886864559707,11.3712761292454
10.1693346626403,11.3620472214095,11.7115549399795
12.3461785892666,12.1145241204676,12.2154480832295
11.6228143812763,11.2124107793631,11.4893496158671
11.6054356210658,10.8438073302938,11.254155204202
10.3100281751416,10.745799070029,11.1830685152831
11.7453401952043,10.7493997143744,11.1685744800661
10.5445795850557,10.7781326220134,11.1654869102957
10.0958577678983,10.8126297929528,11.1599385669936
11.8920696363016,10.8440232454709,11.1522608408668
10.4389623826382,10.8753058831876,11.1440440941601
10.4093051138488,10.9080022846068,11.1427477820945
11.378382442663,10.9487786595955,11.1554190186423
10.5760835640012,11.0031620700188,11.1834070059307
10.1630945113783,11.0746557924733,11.2256467770802
12.261226893825,11.1983986503273,11.2914867336815
10.237352406778,11.3620259553933,11.3692604284955
9.49164155695219,11.4276960456216,11.7027586055609
11.2914301971401,11.3131338056548,11.6294201649922
10.7716380063861,11.2663282352724,11.5886513858982
10.0254036025349,11.286707132321,11.5979854531839
10.3752953935219,11.3336181672287,11.6341617453349
12.2073456003313,11.3750334727595,11.6625070125924
13.2839822674737,11.4153803610651,11.6827338213295
12.4270651700194,11.4377704894714,11.6682011467823
11.0929992250771,11.4461103594992,11.621630459889
11.0977854738827,11.5016696860544,11.6664364999149
11.0785965472816,11.6234483401607,11.8244254017104
10.0003619433687,11.7738609002945,11.9942877734964
10.9983666286239,12.0509270246539,12.2730214838594
10.3277872454838,12.0112604208005,12.2671305377116
9.12393168053097,11.9638893292116,12.2334716423633
11.1084755758002,11.8862093195757,12.1554870588277
10.7260514235762,11.8891379951444,12.1310362072886
10.821887423229,11.9034222585633,12.1067311417645
12.4966832538595,11.9135568406942,12.0718452547086
12.5942513026705,11.9095736160178,12.0175954093904
12.6471728121638,11.9619997315837,12.0658176344674
12.2898147903504,12.1084775749652,12.2660262252041
10.7026691159486,12.2594626066245,12.4337610461769
12.1566598806245,12.449878839764,12.5956750603465
12.8472761491584,12.7011429478696,12.7791692427354
9.50380171130997,10.1053507649151,10.5808607604665
10.7600427488297,10.1830768926569,10.6468733217449
8.36337193767715,10.3685233881896,10.7861985961824
9.54886288384109,10.550763678312,10.8638114514616
11.7900930712221,10.7755285074687,11.0160244510162
10.1564568769208,10.6351670503904,10.9721907117818
7.65241548179139,10.6360150876767,11.0898704837963
10.2000443113574,10.6666318705693,11.1787377693534
10.1605559521668,10.7371537706621,11.2672763990699
11.3367673571003,10.9799968781287,11.4490483301687
11.6963378624006,11.2320962948533,11.6096622658594
12.1122956869625,10.9050983920862,11.3377961180567
11.3355562676019,10.7663364442467,11.2122084888821
10.4592393952387,10.7251987789361,11.1549944959423
10.551537915179,10.7409955673152,11.1426783295147
9.47240442305888,10.7804065087539,11.1458258042665
11.1132067490248,10.8301384074821,11.1553871989433
11.6873273104967,10.875738084378,11.1602450368819
11.6036574856344,10.8939535225094,11.15553237299
9.53962360230113,10.9211533437894,11.1556028053961
10.5267568128179,10.9569018445342,11.1671667918804
12.1321383104878,11.0007887273088,11.1896380549115
10.6444641481634,11.0586047039088,11.222940800073
11.4810168256075,11.1327217821005,11.2650744745611
11.6578451229293,11.2247439476523,11.3115216888065
10.2856352921707,11.2645488554226,11.6250451006633
10.5829192609615,11.2695030665266,11.6222479767711
9.91691472479968,11.2742533732344,11.6196656404322
10.9749727962169,11.3033774690389,11.6332854044239
10.0733262002491,11.3502285670655,11.6651539152211
11.13828850217,11.4002248059584,11.6978773760639
10.7127312789783,11.4433903631968,11.7204412896419
9.48722291194889,11.4727219634867,11.7300692963422
11.3748573694302,11.4959790171489,11.7321635575119
11.8557707419513,11.5402668558335,11.7677890745389
11.1676776472471,11.6145383296846,11.8514969605424
11.1937947648955,11.7114705447444,11.9687492725582
10.2118741102926,11.7951415627537,12.0650630695776
11.2958229405026,11.8378673673469,12.1146803484335
10.0386072949427,11.8537536613533,12.1249065994701
10.6743287385723,11.8683268503668,12.1208140674039
10.7636019967802,11.8926180441073,12.1170727673795
11.3510425724693,11.9360682945021,12.1199525540634
11.4274672602225,11.9743756921815,12.1269346711471
11.3821539033,12.002945838923,12.1355898961694
12.3135691641166,12.0624834247484,12.2033075118272
11.4438440832022,12.1516628052279,12.3196528292439
10.749153273211,12.2523638200074,12.4404756842572
12.736028497055,12.345000883531,12.5180381186207
13.1285840508579,12.4602224882014,12.595998200776
10.3113750916123,10.1250981029316,10.6127966927268
8.26347323160345,10.2304128783289,10.7165743274392
9.11528515948643,10.4465825607589,10.8871909924399
10.8504348965286,11.060127604454,11.3440756147445
12.0176463588283,11.8264007545285,11.9272087266024
10.7516432490362,10.953707902682,11.3126408332694
9.94554530871812,10.6583443574928,11.1477816615082
7.86348996472621,10.5726211850362,11.1154235330744
10.5346818249733,10.6123467487082,11.1654495247774
9.5044880483132,10.7250412160088,11.2496412571954
9.20473704470453,10.7682849596836,11.2674726448063
11.9048308139062,10.7399888096072,11.2141102962312
8.48024316115971,10.6898305386094,11.1493156733144
12.9976472799137,10.6978298680156,11.1237503370785
10.5825909607405,10.7388026404612,11.124838766724
11.8293694656829,10.8222507962286,11.1557877655692
9.53010991279604,10.8953663921914,11.1818395582569
10.6602903242491,10.933061766187,11.1902936025968
9.32341062855371,10.9313744776308,11.1784553340478
9.51144262331722,10.935509338033,11.1700365535981
10.7196523669053,10.962768088044,11.1760625077285
11.0944628596533,11.0015876757527,11.1965715024611
10.7802524005877,11.0483567554234,11.2231501930005
11.813023866251,11.1026961588405,11.2548434013243
10.0065063837891,11.1566474380825,11.2867787413671
11.4839546928578,11.1978852467219,11.605006441695
10.4953691279486,11.2339376109474,11.6246541891722
11.9618420934743,11.2712546057335,11.6457620172339
12.205587412414,11.3212464833564,11.6738677686925
11.3294982461159,11.3787636469358,11.7098010543156
10.6150793243872,11.4570861339264,11.7568414270961
9.45995554298985,11.5174708260432,11.7944307896769
9.89156031168027,11.540691725959,11.8061617639881
10.5863231859484,11.5381312481922,11.8077905556444
10.8777784647859,11.5630661473912,11.8339413500153
9.15923705017803,11.6051257173751,11.8771828173083
11.1710756903341,11.668772403119,11.9497681456627
10.9612249054631,11.7191162338948,12.0058896408271
12.455777528027,11.7669906630206,12.0498542921393
13.2799185522345,11.807843225569,12.0771737799001
11.4197954140408,11.85538505636,12.1021056341526
10.7792801188008,11.9263318613286,12.1289323453424
11.9105503860188,12.0119137424928,12.1601518873379
13.4443194318878,12.068323810419,12.1906474377273
13.4125146798903,12.0975154141622,12.2459391512428
12.0486703861716,12.1944200891822,12.3638128686643
12.252717813849,12.2909086903373,12.4735796587212
11.5901962043431,12.3590025804334,12.5495168038514
11.68994091211,12.3159387816849,12.5067882777032
10.8674531516763,12.3370230744933,12.5020388210196
10.6602338537688,10.1279179940805,10.6239837110139
9.91109238245877,10.2450764867115,10.7391058137016
9.25261812636849,10.4704336585823,10.9219716543498
8.38893933384943,10.9300404484913,11.2387048604071
11.5411910865372,11.5528327688879,11.6268216748071
10.598069408843,10.9727599735402,11.3154775775989
9.84946404411979,10.6462218192323,11.1391574623011
10.9889078067399,10.5423973633151,11.0859519302122
9.81985685291914,10.5382103999609,11.0831836371822
9.88017638316309,10.5780431943029,11.1118124004812
8.97595381964886,10.6096379717016,11.1178228196141
11.0877761642376,10.6276904714594,11.1062027666185
10.4801060020725,10.6463414553195,11.0922867208657
11.2025922953049,10.6817131688532,11.0889135302673
9.90636478790969,10.7554016691922,11.1159577757558
12.6031340934002,10.8836702897399,11.1711429949225
11.7320127018221,11.0251439812125,11.2315466983694
10.3674157911241,11.0733864700199,11.2494082866159
10.4216435650501,10.9957727349889,11.2066650007938
10.7172472206452,10.9504622415556,11.1779121526409
9.76620011353578,10.968905232586,11.181866425328
10.3100093894841,11.0010887565829,11.1969728757663
11.9005302105968,11.0426419066916,11.22036802067
10.8647017703743,11.0915162614236,11.2488727701047
10.3726318165121,11.1380970646436,11.2786803104538
10.4502478310516,11.1767581243817,11.601759961188
12.1936709706994,11.2202737791989,11.6286058767821
11.0277619694266,11.2669690916112,11.6600382887425
11.6598461840716,11.3377441789781,11.702072061622
10.7386600155816,11.4389136279054,11.7585526379899
12.3158856659276,11.5883737252729,11.8388233714739
12.2665355168803,11.6887970891742,11.9009284607914
10.5405492197641,11.6726208790603,11.8986552431727
8.57964077766127,11.5853750653247,11.8569393473358
11.1576742459135,11.5743588850513,11.857371479717
11.8616453904711,11.6006258702386,11.8858064303695
12.5502939287575,11.6396279474696,11.9265338589786
12.3645048980565,11.6881382843859,11.9727245920437
10.4258727255428,11.7378616572881,12.0153907883225
12.7984063431386,11.7902435079659,12.0515011755608
11.5698408891945,11.8614855518401,12.0933155767524
11.706119310759,11.9766689624386,12.1446686939031
12.2387388214264,12.1953436400825,12.2264465429297
12.249442998811,12.2184824334368,12.239275113978
11.5897470983257,12.1914262916357,12.3220713248018
11.8668481880349,12.3187414638726,12.4884694572188
13.1237534154365,12.6044664907636,12.7518492198976
11.056260938854,12.5085668627955,12.6719776598638
11.3875270865492,12.36226822643,12.5304488206032
11.3903571307938,12.2993313182319,12.4471572530955
9.24251216431753,10.1245694694306,10.6218899528383
9.48057133922158,10.2083009837927,10.7129721550588
9.97828708230164,10.3961523707612,10.8668632218802
10.7293561761749,10.6764002415184,11.0593738691661
13.3103885904577,11.0247818891449,11.2759624806065
11.9010630606575,10.7174488902881,11.1444992010371
9.67182794342585,10.6036007242012,11.0959653192917
11.3027713407434,10.5431800577874,11.0615644581354
11.68084210687,10.5295469956163,11.0512768503152
9.34294986657381,10.5360702350445,11.0462492926924
10.9710930135428,10.5600945304728,11.0451472057387
10.5669148584226,10.5889504765263,11.0422093716994
11.1964355683802,10.6242542776225,11.0445651170662
10.7305091079248,10.6729215662233,11.0590939891299
10.8919649739694,10.7451067206091,11.0891539818424
10.8820484150581,10.8619240531217,11.1440858378459
11.3608615662761,11.1017564589084,11.2510499071307
11.074238213492,11.0842352294751,11.2419227161234
11.2865446863588,10.9645916317138,11.1849622594613
10.2322793752199,10.9578007042331,11.1761350795723
10.2474650683066,10.9708132822411,11.1781516492918
9.08962361821472,11.0031044411988,11.194033130234
10.1362572839236,11.0425285937291,11.2165585329139
10.0813357110592,11.0863245282301,11.2444504339682
10.4972966574918,11.1306811974836,11.2750346212382
9.58628330274651,11.1717236876501,11.6017465842031
11.2683559479288,11.2185946096818,11.6361769821398
10.7826901104416,11.2848914628439,11.6769373360459
10.8577406799329,11.3742495703913,11.7268576725684
11.4026047067898,11.5170488169724,11.8008567870642
12.2321124512493,11.813185261911,11.9399161267727
12.1252832979906,12.0524179292149,12.0873382639734
12.6289343184228,11.8406326971795,11.9892074615615
11.0445769816865,11.6290776247852,11.8831315684801
11.1977534625347,11.5830596571767,11.8650725428011
13.2616217780654,11.5965812435436,11.8775107597868
13.1668967070619,11.6312626998705,11.9095322996651
12.0209634695664,11.6729442694406,11.9476261408839
11.4403782791741,11.7219453827374,11.9893890561107
12.4781441726571,11.7803094883045,12.0347519889068
11.6462185651026,11.8538107234206,12.0816255508542
10.3731248670227,11.9456942754084,12.1350341592715
12.9120877379103,12.0840326377275,12.2027471933923
12.2058163789398,12.1394045513098,12.2633002853735
11.0724979319083,12.2332859781013,12.3889405773401
12.720663706571,12.4865342892963,12.6280068746522
13.2457636341524,12.9571194109775,13.0324115201989
11.8391043015815,12.7046605993951,12.7964217466972
9.86958582194752,12.3149679852293,12.4328521409104
11.5658169288446,12.2374024083333,12.345184772955
8.85874775881707,10.1060463543025,10.6029388117809
9.88489079831068,10.1722317517769,10.6808802163285
11.4001435834458,10.2768371922474,10.7798751074586
9.37699648564241,10.4428943393698,10.9083918144498
11.1320555263908,10.550300800957,11.0004336275605
10.3615329433955,10.6710774828411,11.0931353679871
11.4410852151328,10.6447297939119,11.095293160241
9.9528763770043,10.6459313356726,11.0980981264083
11.4094229551455,10.5861508918993,11.05840948221
9.28085496507454,10.5453665279801,11.0194629036299
9.55824307937751,10.5459365299888,11.0005502637983
10.6676830369001,10.5751859568444,11.0000584717794
9.57790845331343,10.6090751157781,11.0052041454437
9.05494234462899,10.6565567151313,11.0218566436274
12.193822946502,10.7195453369296,11.0509511117828
9.34942856175688,10.8087343729549,11.0963042661929
9.00497249399399,10.9263496233438,11.1543299962284
12.0649339989207,10.944563627575,11.1646499459008
11.8495203466082,10.9346078889263,11.1597483024228
10.79002699296,10.9397794466138,11.1577855134807
10.2579222961128,10.9697581626368,11.1702234397409
10.5705424235362,11.0036669042793,11.1874937561975
9.00756962369304,11.0426895589933,11.2116244649193
10.1616214029425,11.0854403560721,11.2399643335475
11.8598266340564,11.1283888821556,11.272761113209
11.9243687194414,11.1730398442453,11.6049849801053
9.81646460646272,11.2319306358919,11.6492245128992
10.2787598306973,11.3101636877936,11.6965223419138
12.6039978667102,11.3951796163276,11.7398799968979
12.6782752674273,11.5134784657669,11.7932024552927
12.0158066148558,11.8134135483337,11.9274892625419
10.7948172723424,11.8013838625804,11.9344403713212
11.2995736831354,11.6652100535955,11.8839724553967
10.8902884649092,11.6163594370464,11.8656340872282
11.0960555461482,11.5749601416032,11.8460868079977
11.4092280184493,11.5892059888051,11.8571505308468
11.6675248206311,11.6196007432571,11.8794259838529
11.5884799468055,11.6609085557761,11.9173688784031
11.5102343860542,11.7117983507285,11.9651116276267
10.4625660881424,11.7684865800867,12.0164054262265
10.3681694190832,11.8265534852618,12.068185477591
9.66012454387308,11.8999704982816,12.1221533173161
11.1505316388177,11.9830847135025,12.179920428322
13.0582712422477,12.0633540146918,12.254646202725
12.6122045909037,12.210254785552,12.3808163455903
12.8838324706967,12.5163026492066,12.6363809844682
12.7964530806704,12.6522205357273,12.7057199906685
12.3589459302544,12.377555219966,12.4448798423903
13.6713741716098,12.0924171195309,12.1473149152037
11.69324539717,12.0192136251425,12.0649415814499
10.3035506333498,10.0966003461452,10.5858489667542
11.8151883455007,10.1461493505902,10.6492377051183
10.5811065409097,10.2185003539291,10.7252132171472
9.70580143828998,10.3126071935341,10.8103552890472
11.1073179665277,10.428361705619,10.9077210784266
9.93253582971906,10.5896150519568,11.0243866822965
11.3346213139908,10.9793208223581,11.256606900048
12.1403445473589,10.9585204445326,11.2473400296377
12.7230712578106,10.6539435331469,11.069433092949
9.30773989944515,10.570406448438,11.0046420737584
9.78547007153236,10.5458582809819,10.9707854822713
10.4305821076311,10.5664478915771,10.963441155744
9.19688945145406,10.6000684457712,10.9670914163104
9.46540691311037,10.6433990284906,10.9824087461627
10.3528533771233,10.6986996322526,11.0064145116749
10.4028212291484,10.7648801484333,11.0445090665588
11.2216237708725,10.8286485672857,11.0830394122384
11.0498959575483,10.8624001071196,11.1078354009594
11.5485968704492,10.8952026899118,11.1266885959738
10.5125085973844,10.9254252756293,11.1405580567675
10.3466755814617,10.9625904841556,11.1570022819863
9.98344983860617,11.001281572082,11.1765769219441
10.5731743513887,11.040388547788,11.2024727328396
11.0893903763196,11.0844793028632,11.2335991142853
10.2426185590806,11.1294125112413,11.2714077851049
12.2466419157659,11.1839674310534,11.6097563188979
10.5336816453936,11.2541637148716,11.662501846803
10.0987924682512,11.3716125785238,11.730997551993
10.9789737605354,11.4680340297883,11.7743724259222
13.7714996831348,11.5551973738339,11.8052398221085
11.7256855689733,11.5609820309133,11.7888134149644
11.0249108007956,11.5713191555447,11.7950318099892
10.9209972649864,11.5663510674561,11.8042443731986
12.3693119536905,11.552484369081,11.8074281699551
11.8622430152121,11.5512656658787,11.8096596702999
12.1805655765724,11.5703879929119,11.8185333866313
11.8248893780247,11.6010994499266,11.8345252327254
12.3394446211824,11.6425249783369,11.8710039951247
10.7043010751162,11.6981918554986,11.9293523346118
9.37933466081288,11.7575837811553,11.9953332259531
9.97366337875529,11.812907958988,12.0567158697214
9.99283989297242,11.876249719823,12.114254730572
11.742774577671,11.9415489173782,12.1719851707525
10.7644532133194,12.0191629878138,12.2385176201003
11.4370374962032,12.1320971714643,12.3223403689987
11.6966600704298,12.2635633273559,12.3997705874778
12.6024720510503,12.3681631872384,12.4303934583671
12.2006033045752,12.0042522945244,12.043598034367
11.3315531989569,11.4285086696284,11.3909539632295
11.2301747919751,11.8026091155602,11.7900962644934
11.3989437956473,10.087365429944,10.5687658202076
10.2771553331041,10.1339998957647,10.6247348396808
10.9831748248014,10.1896770654554,10.6844659142377
11.9631602863999,10.2661583461943,10.7577699010649
12.2315108926696,10.3785153839605,10.8509204750528
10.7135066763882,10.6065000497954,11.0024145531441
11.5176019006888,11.0484003882007,11.2639878686516
12.6129586232998,11.0112435871189,11.2470262495979
10.6433288376756,10.6547199729631,11.0388618903147
11.352066542609,10.552114426185,10.9657456059567
9.21802808534286,10.5403485842941,10.9379899617767
11.075746737738,10.5588754885964,10.9275714865879
11.1384359128277,10.5916583082952,10.9260062887764
10.2889611632375,10.6317567873708,10.933707442167
9.1773071734827,10.6773645464562,10.9501771662174
11.1854086560792,10.7334112524267,10.9901255241824
11.4777758968012,10.7836294389489,11.0333447280143
11.6599957136773,10.8285427556796,11.0714549528428
10.1579040034556,10.8711043079228,11.1008223786421
10.8957686279385,10.9145651637244,11.1238870457545
10.4417567908229,10.9563048903001,11.1425562722163
10.2581963066839,10.9952091262719,11.1613188159024
9.9435569904554,11.0397735041993,11.1868505878876
11.8741529034244,11.0841081860129,11.2193462334232
9.19755772459826,11.1378806438251,11.2644283235493
9.35684377446912,11.1991581319253,11.6125060240034
11.1304317661529,11.2898242674772,11.6743753859035
12.5821293879589,11.4423586163417,11.7591326453619
13.0350215056466,11.7233518211714,11.8941845798576
10.7084420781393,11.566976514141,11.7714643703126
12.2270558104634,11.4560902650496,11.6749116517143
13.0814864937234,11.4425939625113,11.663824388919
13.1199475336775,11.4693385940145,11.7087485166158
12.8492175265675,11.5061896734752,11.7485917270478
10.1716592049649,11.5288189823157,11.7601874626255
12.0807665425449,11.5404612225903,11.7497105912118
12.3126197608029,11.5588091261153,11.7448682516645
11.6643906375481,11.5906793137671,11.768322385085
12.9355813464375,11.6740661469868,11.881105050944
12.6317688148546,11.7470437533274,11.9743618324258
10.4079149639186,11.8075694939481,12.0504115285435
10.6093190991208,11.869513078584,12.1149830972849
12.4544871142101,11.9264835561294,12.1659762516193
12.0375981350742,11.9896038701238,12.2166062848281
10.9502857687454,12.0604000156285,12.2623423961745
11.6466780493725,12.1530764869067,12.3046267091466
12.0115520987656,12.1380784925267,12.2410695199251
9.73516999252803,12.0253738221843,12.0754497804067
10.9830530676985,11.7843881811135,11.780552572606
12.7876408070011,11.8910594793901,11.8726373956134
8.93896660595383,10.0802478823371,10.5511476918233
11.8615659277909,10.1214667326933,10.6003223185843
10.2099240243545,10.1729628427184,10.6531631848299
9.76211255060961,10.2343569371408,10.7141210331609
10.2213263789918,10.3208505769811,10.7874699896697
9.39375994059271,10.461770494256,10.8868704187455
9.07204142565086,10.576075404648,10.9630527786448
11.6682961371988,10.66720648564,11.0188248745127
9.44911099353932,10.5800461090818,10.9640595159593
9.11338363615959,10.5304257146603,10.9206358935249
10.8995141637159,10.5303299314945,10.9001815245067
12.8542250768624,10.5519123817916,10.8899049152428
11.1840806638808,10.5819246768136,10.8801463472769
11.1961297447631,10.608708157208,10.8590801603261
11.5461737847699,10.6468800996036,10.8630125114224
11.6947267013717,10.7068187018338,10.928234641181
11.4614399842956,10.7646609979931,10.9952975346059
10.9168149702705,10.815451968092,11.0449912017485
10.0537832622366,10.8658247805802,11.0868372758376
9.42927247414853,10.9136605062328,11.1178552632987
10.9998248939214,10.9503924230582,11.1289045170135
10.2521462192491,10.9838937668682,11.1334201649209
11.2977366870915,11.0275952794572,11.1543798760519
11.779655901106,11.0841237864255,11.1917101264643
10.584094959285,11.1592687299662,11.2628460540887
10.3966334455081,11.2252622800989,11.617107056274
11.8090197538379,11.325429255994,11.6828462132411
9.30179080714061,11.4702531320835,11.7386438168221
12.0272968474435,11.8105976427344,11.887859814314
10.4271690279911,11.5015251451973,11.6404279144627
11.2398389242373,11.3046513143118,11.4472385723251
12.8256645989717,11.3183833215337,11.4921679315169
13.2675104671988,11.4130469920715,11.6278561276993
10.9626954293273,11.4716605189295,11.6956464804252
10.2030474235979,11.5054587762923,11.7205513993348
12.9636518516448,11.5026496699361,11.6771310144409
10.9439749485791,11.4677201841263,11.5883621415503
12.3293403139687,11.5162087708613,11.631847085301
12.7811116033178,11.6481546881174,11.8222099215057
13.2204308271249,11.7423015479586,11.9567110144998
11.8448887633367,11.8257328425832,12.0589906783978
12.3845999649675,11.8901219847006,12.1286180300883
11.579263175397,11.9493489325546,12.1820682925312
11.241423801679,11.9903957068483,12.2151373970901
11.1011185219366,12.0263658115437,12.2305945403904
12.065982972341,12.0562171299136,12.2227237005848
11.8646555438718,12.0765872374919,12.1976025016085
12.2432069955717,12.0120208774153,12.079347515236
13.9449487159665,11.9201539385977,11.9366033650165
11.2366778275962,11.8885524618786,11.8758784747081
9.63851907867341,10.0791822055811,10.5362377084652
11.2163759983155,10.1174814082722,10.5794128850293
10.813045980088,10.1656074670071,10.6261147547516
8.96046847020353,10.2160157040912,10.6760455008932
10.5962323989162,10.282800843279,10.7332428817405
10.1688419291187,10.3563549469425,10.7884067446859
10.3713897054028,10.4365941583619,10.8445986430008
8.72812651558243,10.4819545154469,10.8739978720136
9.51236583617293,10.4959516386105,10.8780702179442
9.70196499326325,10.5084005128978,10.8732827425704
8.73798564329313,10.5248413148094,10.8642926583069
10.5542443181502,10.5483938204917,10.85444414455
10.1581551897694,10.5683244478198,10.8252939064632
8.56627971332686,10.5757428431695,10.7648303281381
10.9222337559473,10.5790817041015,10.6924611849331
10.0737360306083,10.678724228062,10.8496441194938
12.2141663241621,10.7545837793759,10.958533722931
10.75381926672,10.8169003266867,11.0338933455226
10.8783385817577,10.8763291595229,11.0921441401207
11.8463550412322,10.9264541917259,11.1242294202043
10.5561288274973,10.9643346015785,11.1333631732473
10.6049725238234,10.9758607397533,11.1050958937054
9.91793740248374,10.975080201812,11.067938061879
10.2069465136633,11.0540839385433,11.1260435253513
10.8910886088017,11.2035280178248,11.2632508296461
9.68987149835891,11.2896946107218,11.6400958830757
10.7770181696495,11.3429028296723,11.6841902423112
10.2940583762077,11.4225661818751,11.6880542411021
12.3940833357889,11.4708621829519,11.6060097636665
9.91536744382168,11.3660545732091,11.4552392729075
10.9209523429742,11.0386305409394,11.0446853127888
10.0947595490846,11.1880258636976,11.2977010785193
11.2646490824309,11.381211957458,11.579601143483
10.9561735746313,11.4569467606914,11.6738171467018
9.56871057835223,11.4932603719225,11.6978044046088
10.8794484127589,11.4749762853037,11.6306051945997
11.2304441724055,11.3735350007618,11.4355933805248
12.5719078759469,11.4088316253587,11.4594394653079
11.2471953758569,11.6321208737474,11.7868107058005
9.88741015126701,11.7555674782543,11.9584336482794
9.38064304387843,11.8690872534838,12.0872678275739
11.8772671948959,11.9552498252538,12.1773392961079
11.5126121205154,12.0063286295912,12.2250377982217
9.98872026587165,12.0064360234992,12.2251562690987
10.9865719942686,12.0209664142363,12.2235660360181
14.0198103612544,12.0438159327081,12.2141502120724
9.75550654934913,12.0580485659614,12.1929142173011
10.7048283064408,12.0456954406111,12.1360459440463
12.7450614972876,11.9972255111321,12.0409477582847
11.7682387898641,11.9157320046722,11.9205775743491
9.92402940496835,10.0783133518568,10.5219706684604
11.8934923298927,10.1183759294895,10.5613932166838
9.31418766866272,10.1620188480656,10.5998883898368
11.502183916526,10.2073236204782,10.6412735917364
10.6152971366987,10.2595481332587,10.6856296223723
11.1041265360302,10.3184633888063,10.7274345278089
11.0210535925325,10.3781078732353,10.7682819650617
10.5054156311484,10.4261451054338,10.7986132333981
9.95974796448942,10.4775698053694,10.8244021417029
8.52617195579125,10.5004873730446,10.8319661096106
9.21895450521898,10.5260327413601,10.8349071977574
10.7470821592704,10.5496830570374,10.8272493325821
11.3826136517739,10.5696337360673,10.8033297215465
11.2064653659605,10.5628726334815,10.7170170985351
10.471763661041,10.520800308492,10.5458897433883
9.55585459119604,10.66433830921,10.7992752164191
10.104450799774,10.7548171540504,10.9434927577373
10.3237910663589,10.8235369019222,11.0334461199233
10.2990344028067,10.8908708563781,11.1015533248073
9.75951177014869,10.9729944316334,11.1637906791725
10.08610978264,11.0009966938278,11.1529118287822
10.3637979566828,10.9656262449611,11.0678014095168
9.29262570399561,10.8489693141551,10.9005543393835
11.0923505542329,10.993978169983,11.0090664823256
11.6969482458906,11.3057522489815,11.2789691668179
13.3821853472076,11.4246783185264,11.7200516872762
11.6890494249651,11.4287340606745,11.7273863699471
10.2486851571247,11.3634318984076,11.6402193475191
11.423281871387,11.3938748016526,11.5111875353708
10.9827150369133,11.3226972347568,11.4139368784297
9.17428591446902,11.2540142240244,11.3691262912643
10.7256996327583,11.2900139733215,11.449003571402
11.4676359910804,11.3863533669861,11.5918732621252
13.5116635423155,11.4629667441663,11.6882098906398
10.2400614815959,11.5072709310812,11.7218553779824
12.8263269695422,11.5208726652344,11.7011389572607
11.508837475158,11.5274177604391,11.6748275649298
10.6738481563701,11.5841426279413,11.7358903165891
10.0002189602296,11.6786711815966,11.8574097149159
11.8659667909682,11.7988693749598,12.0050370906382
10.2982521329013,11.9381654198617,12.1445357726717
10.9399136565224,12.1972477678616,12.3507277799172
12.8650381038164,12.1534495154741,12.3315486766398
13.2084777388907,12.0836334463351,12.2792604564518
12.0371141413528,12.0351562356458,12.2318253651034
11.6498856580629,12.0411550523308,12.2152048255294
9.70134777138956,12.0581693361852,12.2029285055097
10.4765446063882,12.0786663232234,12.1916452274501
11.9675361321228,12.0722820935675,12.1490457718378
12.0583093298575,12.0847653780322,12.1307210725881
8.17390726202256,10.0812649109008,10.5082048225842
10.5922952328624,10.1164853093881,10.542741144568
10.7771047548254,10.1596493266424,10.5785478124571
11.5047324737092,10.2039234377067,10.6123260923554
10.8644435402621,10.2511124367637,10.6451620217374
11.8388594655252,10.3037136263432,10.6776384323027
11.1251072828773,10.3600128844491,10.709255445126
9.09451340315725,10.4262725108765,10.746610534215
9.7538867661281,10.4969189154889,10.7846008247502
10.5984008581355,10.5498742276864,10.8110432702322
10.5434039824192,10.5445719036195,10.8122006657076
11.9287097311906,10.55701930148,10.807754182135
11.5368436814358,10.5788100468064,10.8006275411513
10.5077588874657,10.5937423338472,10.7685815108701
9.97385125184023,10.6218334661893,10.7597106482548
9.42509628951163,10.6962842897158,10.8580056332716
9.60573475110813,10.7654934283377,10.9576352299355
10.9031330128248,10.8373301195638,11.0488009427277
9.0576105262843,10.9352700409394,11.1449484339192
10.7122198410867,11.088841255139,11.2623429774514
9.67546291224329,11.155673212368,11.2760845444259
11.8217144246393,11.0295765020438,11.096833399984
10.2206538447828,10.5143069894711,10.5101141244283
11.4944807397741,10.7979318086098,10.7423646297673
10.6076979551005,11.6105576296337,11.4334725569835
12.1020325285641,11.8192095278912,11.9680474716696
10.0554907966515,11.4519049837178,11.750602342729
12.5910330359559,11.3790005706389,11.664174256328
11.5697371416107,11.389427033481,11.6121841282606
11.9635960190893,11.407764234723,11.5578483264114
11.7443734597503,11.3623594963232,11.5486970864352
10.9737164336034,11.3599160223631,11.5691372704334
10.7395402101286,11.4217700565986,11.6633204938193
12.2529890437264,11.4801763695151,11.7243632131205
13.1127291132535,11.5315349591069,11.7642493452631
11.2939584912413,11.5687010982247,11.7836779370512
12.7505391855576,11.6027371463704,11.8035302449683
11.612822156802,11.6488285358109,11.8483333120104
11.0421225136184,11.7238110670997,11.9354915709881
13.3331856786303,11.8315859613613,12.0419659041014
12.245424217765,12.0337850092791,12.2123201394459
12.657499501307,12.4234161078179,12.5061313683817
12.1623350379671,12.3268442592307,12.4482833166578
11.637868241957,12.1076240561797,12.2908429153172
12.5740971212093,12.0466701675047,12.2363276334698
11.9429979030902,12.0445912844635,12.2195413427456
11.7618177986548,12.0690551921041,12.2215613068276
11.7677977804219,12.0962295661861,12.2208105800401
13.3305194092714,12.1321638945278,12.2302421747196
12.2672895566644,12.1736602281217,12.2460074721484
9.62081502968588,10.0800278205932,10.4947307042046
9.14871200187677,10.1139291843926,10.5277299567884
9.50157084691783,10.1538571290005,10.5583297910032
9.89780291811206,10.1970796855221,10.5869514834388
10.3386133071297,10.2452206162576,10.610080525204
10.7088899917656,10.2936571737355,10.6297438412314
7.55989513097378,10.3466650503404,10.6496413297489
9.83265909320614,10.4262306448837,10.679676831486
10.4168585948753,10.5834953720737,10.7546068677423
12.7989959123483,10.5868123211623,10.7784080728023
10.148874756577,10.5595364444397,10.7798278507476
10.0903729293687,10.5657687094567,10.7898488374248
9.34016946921132,10.591868962752,10.8044695746402
9.69539843585422,10.6241357911025,10.8183284106951
9.16098772042833,10.6649256161851,10.847312448274
10.5116878731627,10.7192162329245,10.9082017626965
9.67422390184363,10.7790649596533,10.977390668877
9.87294587060821,10.8518220637527,11.061387480647
10.2360676361769,10.9659554826331,11.1685792096457
11.739869462377,11.1530511087886,11.3217774220539
11.6695454445544,11.5379564779758,11.5975581396765
12.8915570810742,11.1322134032423,11.201179029255
9.47243036751358,10.9207400063917,10.9663899465045
10.9221570401722,10.9674844888677,10.968894175162
11.1092485736494,11.2925188496756,11.2664324555037
11.0822865339073,11.5111719593881,11.7898356227276
10.5007198756309,11.4322950514727,11.7480618971881
11.5292139352072,11.4052854093873,11.6891281185245
10.7434198513453,11.4986733862197,11.6713341540394
12.0877210337009,11.5479047537266,11.6612180582383
11.5344289442711,11.4331007581397,11.6500962449119
12.3630228665247,11.418844632912,11.6714389790428
11.8132160895034,11.4493038275678,11.7175329286189
9.8530106764567,11.4985860576849,11.7680268773667
11.9920434538759,11.5530585367768,11.8101241994291
11.8285570788506,11.6023144788087,11.8464816706743
10.8120649732727,11.645770967682,11.8782003896329
9.67566190070032,11.6884939472744,11.9156450430683
10.4377258403111,11.7414735373572,11.9649509398068
12.5100214048741,11.8096242749208,12.0243767133413
12.3482474475821,11.9498307248637,12.1411640408213
12.5115837688773,12.0694082629553,12.2385189901605
11.0487274613442,12.0763508710509,12.2532736771452
11.7517870968059,12.0490730680523,12.2366689695076
10.3958099911287,12.0245345912059,12.2117631761708
12.9920872557578,12.0434670602716,12.2145567742194
12.6275461576769,12.0758069873438,12.2256539751282
12.3630158755159,12.1170924387598,12.2441550675512
11.9368051307665,12.1806661701512,12.2875935784687
12.7769775668106,12.2317360883435,12.3196766885203
11.1090567732852,10.0812359277875,10.484268553232
10.7808217289428,10.1119433377802,10.5137186314893
11.520818551307,10.1509512798787,10.5405594188262
10.8625206264127,10.195003710802,10.5634942348772
8.99877068773322,10.2389670350959,10.5781351114715
10.3360599381332,10.2807465988946,10.5818595703299
9.21050376447698,10.3176074054327,10.5605911950512
11.4817065885337,10.3769667140354,10.5483571710551
10.764682708194,10.5705201375338,10.622847965332
12.3235546249452,10.641012270003,10.7237207514499
10.67107567333,10.5618886394958,10.7273808151841
8.87755408692649,10.5699859756406,10.7587105776142
9.50786255122426,10.598601427817,10.7886946144916
9.96625454321314,10.6367892421255,10.8280437165456
8.69996571169033,10.6788536626629,10.8688155667665
11.0989144504675,10.728628390279,10.9208519385654
11.1862473756175,10.7871777939628,10.9822083091845
9.46597778028369,10.856428722855,11.0498822216067
10.2890309724434,10.9403166386743,11.1347333648076
10.8959145753397,11.0804181345465,11.2550438758902
8.55383772215204,11.151730103558,11.3005815580345
9.8285822793562,11.1584696249992,11.2785868107989
9.86119687109207,11.0285730159628,11.1323004368659
10.9539386530122,11.061313600051,11.1447477319256
10.1069033834363,11.179676943775,11.2526915525753
10.9617007797384,11.2902707877194,11.6606021833655
10.7008623168465,11.3280354115765,11.6875033009312
11.7142864060794,11.3666680117162,11.6840866668374
11.1548788042053,11.5264067694052,11.6997856950763
11.7201702752619,11.5642735154168,11.7049824073675
10.6661537632393,11.4727572626163,11.7033664289703
9.82379293026013,11.4401612164097,11.7176309012369
11.6168502293222,11.4675106299323,11.7571778916312
11.5494173361561,11.5176133611298,11.8022109342574
10.9611204079334,11.5790063044505,11.858811440752
12.3895463500393,11.641129098119,11.9095698929314
12.8564122569142,11.695143220255,11.9530079685518
11.3323682346739,11.7305239036292,11.9720575298173
10.488413782692,11.7480418702649,11.969718145232
9.90137941181015,11.788076275362,11.9942650116012
11.6854714965054,11.8435657288841,12.0346144899228
12.7275253287932,11.9181033231017,12.0981941863091
11.0699090595582,11.959666599327,12.1409674892842
11.3991010905482,11.9792751266713,12.1654970726265
11.2336256044079,12.0026035990902,12.1797526423815
9.83075592542099,12.0317348576498,12.1949942250448
10.4426470802393,12.0627346957633,12.2006490038981
12.1804012141851,12.1319057596234,12.2471152547505
12.578999391619,12.2247275395114,12.3210739307028
11.6191626457155,12.3226371435223,12.4016387929585
9.80058923132749,10.0779644709404,10.4745816079048
9.34996486166425,10.1133646596022,10.5021620792057
11.901743418686,10.1553033139346,10.5258321701239
9.35191580485433,10.1987097657514,10.5431833786543
9.18339630656789,10.2390556727589,10.5490031034282
9.63175743494769,10.2658521111381,10.5297122457024
10.2713298173144,10.2813805192052,10.4793613488754
10.0714998290788,10.1733483321733,10.2338566515527
10.7570205856309,10.3037398965103,10.3560521829254
9.77922557115016,10.4566004723992,10.5554526263376
8.81510028189227,10.5077341392953,10.6335357591524
10.8068257563009,10.5376816426194,10.6920044552659
8.00419688894161,10.5885717904438,10.7610463912681
11.8940828822007,10.6361609284972,10.8170698799408
9.78199003936077,10.6835215327942,10.8690678632456
10.3482280492426,10.7358753387271,10.920910572766
10.7706990014599,10.794663816061,10.9760424451987
10.2843165480575,10.865922247889,11.0330521077347
11.6920291348522,10.939473614621,11.0986911987242
10.7378191555809,10.9901688214346,11.1632137328901
8.90286482772563,11.0414000634155,11.2146717255914
8.97817593344169,11.0692828711974,11.2257106948157
9.33958183288365,11.0636410226991,11.2076530157673
11.0885196275209,11.103134516098,11.2330044885862
9.34913076054207,11.168100589141,11.2906881793455
10.8260084189888,11.2375465446371,11.6423403967553
12.2986193454107,11.2824118766357,11.6629000809745
10.3642025545049,11.3390375829634,11.674842681927
10.1469022269067,11.4038596020117,11.6847787151026
11.3148389137867,11.4513138510691,11.6979919070272
11.506227760047,11.4359761538688,11.7139333462322
10.5664438662018,11.4403924098167,11.7396804416791
8.54751902740231,11.4806751184731,11.781105741514
11.431086905299,11.5379883504665,11.8377001864019
12.1500987733046,11.6014638930442,11.8969607388812
13.0446339034244,11.6966344961236,11.9818824918762
13.1890734312172,11.795502911979,12.0590072807044
10.4949404433441,11.7925137007381,12.0272684051864
12.7738101753098,11.7783537674982,11.9823622104504
10.9078824987459,11.7233113134268,11.8939724868203
10.7673503536001,11.7690035287824,11.9303185908714
12.1625602510532,11.8300417590654,11.9836143505414
12.6981727920019,11.8950752652325,12.0432581744644
11.6982484851284,11.9559190974821,12.1153149621536
8.86383334571601,11.9928719564037,12.1624045684426
11.6536708222322,12.0232530691886,12.1809370805112
10.6010257493931,12.0470174342014,12.1732469021314
12.1975194638672,12.0582573259064,12.1433346860511
13.5930481461314,12.2565083519655,12.3120041009038
12.5612699149619,12.4779935288518,12.5151241810452
10.5741989580697,10.0818451384575,10.4649405959937
9.63284377025592,10.1201000793625,10.4915636738276
9.74284127894121,10.1671610052775,10.5138330251132
8.13231379987089,10.2135202541851,10.5272019516441
12.1625115107107,10.2511995881745,10.5310256719455
10.9208383174489,10.2798770502699,10.5157193280978
9.47167525606274,10.2738812688506,10.4540951658847
10.3749413432876,10.2066152781403,10.2934977347147
9.14570434321315,10.2290345352687,10.2912986946915
8.68943956890663,10.2821598843168,10.3558209652984
10.3749804103345,10.3540330964578,10.4487929840298
12.0321276539445,10.4839255899755,10.6125823956928
10.921416607351,10.5661468142504,10.7207186888197
9.76791222817463,10.6272154539635,10.796484433917
9.35427432391447,10.6813748240151,10.8594702398323
10.9284671115328,10.7369034495047,10.914777260537
11.5836978935313,10.8012094431559,10.9639106095071
11.9439905516423,10.8895264562347,11.0099746634397
10.6896697436404,10.9768852069636,11.0617573236079
11.9868636878173,10.9763852005287,11.1189880536425
10.6136814641451,11.0017639406729,11.1694155057983
10.2340021286414,11.0353744728244,11.2047197895712
10.6668678023387,11.0772536354013,11.2376151228207
10.232449947199,11.13098367616,11.2808500173622
10.9854429165496,11.2038756494955,11.3374243568614
10.6603156375652,11.2508479109976,11.6641793885019
11.7064241510694,11.2905949985373,11.6738751048911
11.4276388733562,11.3312803356112,11.6670317086001
10.1728051319891,11.3786702588204,11.6749490534065
12.4534741745674,11.3981167601664,11.6876892941822
10.3300805767459,11.4114451119873,11.7110378397997
10.9794373151736,11.4341484517937,11.7453216987908
11.4836385424861,11.479737988207,11.7912857000121
10.180138385332,11.5452472906271,11.8550821133727
11.9838147153803,11.6603820245612,11.958524613343
11.8238251110862,11.8156392224213,12.0931680587079
12.9771488673825,12.0281590336552,12.2599660580408
11.2414787575408,12.0591440285475,12.2470469421397
11.27232352075,11.7542317734263,11.914547869747
11.079431898677,11.5622920171403,11.6555710604224
11.7242176053013,11.6270458748024,11.7143109573333
11.3306116932386,11.7686700100237,11.8631078418463
11.4433191407641,11.8633873487889,11.9424237324524
11.0365745354718,11.9437299407121,12.0444393838764
10.2348328394803,12.0046273965823,12.1656323352541
10.795440637657,12.0337995844863,12.1937416707727
12.569286686267,12.0176513154167,12.1347932510811
13.3066427384948,11.9625494853112,12.0233684344822
12.6715951642426,11.8734747418298,11.8719654430803
12.2062843076592,12.231345915092,12.2551826385621
8.52945611018533,10.086214722674,10.4572273513799
9.97499476949132,10.1277282159699,10.4828242019545
7.97198666822459,10.1824466643138,10.5026151417801
9.63497752285089,10.2482666328761,10.5153275108295
10.5742978876303,10.2868714130999,10.5202393198658
10.5794030599205,10.2994330333967,10.5113579984693
10.2864157689169,10.2934837752673,10.4692026084147
10.6721651445083,10.2664474643737,10.3923058835863
10.6594982944274,10.214577009871,10.2999267272845
9.69041263312742,10.0267860699326,10.0546109613232
10.5675881084391,10.0665843970849,10.0993302368091
10.8796637720946,10.4120946266171,10.5161341118508
10.076266892409,10.5458006761955,10.6870381383771
10.0483302312546,10.6216191735043,10.7839953653491
7.91287473207207,10.6789123598236,10.8515571531812
9.29159110169244,10.7347047922111,10.9066726100806
10.0589955721258,10.7990529368144,10.9536738592365
11.5607750095955,10.8908309555864,10.9953648811573
11.0301805136545,10.9917644072311,11.0385732667653
12.7911682184767,10.9800995100676,11.0939856154511
11.1680543717802,10.9916555083696,11.1511978073573
10.1541680212245,11.0325698419358,11.2051377997226
11.1775572528611,11.0954031940737,11.2622603602455
11.2645164731088,11.1962115022397,11.3435677921351
10.1134584552897,11.304735310396,11.4218480370001
11.1949860746042,11.3519466303826,11.750150814166
11.7482734094887,11.3510457446195,11.7081020173977
11.3923047033557,11.3799513566592,11.6733229046434
10.4976180549465,11.4049088966424,11.6590201746045
10.8369484920761,11.4204356010872,11.6711423311234
12.9441041395735,11.4054983864043,11.7030039484398
11.6524943297222,11.4303012639912,11.7402976227981
11.063025189873,11.4786093286981,11.7860337926842
11.0480861792444,11.5531177347551,11.8584289998991
11.9717787412124,11.6857205289542,11.9777212656206
10.6451878558262,11.9200915188567,12.1748253267953
12.9950595721269,12.6578454278463,12.7704487797993
12.2300720971239,12.4737518255752,12.5664150900756
12.50481218907,11.7927561119542,11.9217137023136
11.2304401922933,11.4014489412502,11.4183169293298
11.4001419471537,11.5137967805162,11.5478614911781
10.7081776099723,11.7783217359402,11.8632884663602
11.879352695041,11.8954027072597,11.9334379569727
12.6316861586287,12.0201188824333,12.1266296525159
11.7804539307228,12.0929087870249,12.2704026279743
12.1010030476573,12.0906564744605,12.2690817751574
9.58191387350532,12.0441748425663,12.1735035215903
13.4907196739147,11.9321383566873,11.9973075669848
11.4068536639684,11.6663355352456,11.6566820796637
13.1003184091083,12.0147622382042,12.0379113727048
7.09292887689871,10.0883131055006,10.4512699100927
10.2610555045936,10.1346421375285,10.4751811781079
8.96946045287721,10.2085118619235,10.4929911082103
8.85855654451924,10.3136933236099,10.5000994454189
10.066433576331,10.3859717167191,10.5040193199471
10.6571884397508,10.3266592429551,10.521489302467
10.67084674323,10.3215366289426,10.5032266842721
11.4975363238526,10.3052946098725,10.4568462896181
10.2886262873956,10.2405786968977,10.3471734075415
9.93689779317801,10.0408826681392,10.0831228722544
11.4317656772621,10.1020005895053,10.1424698679103
10.862200823335,10.3779284942174,10.4741939918676
10.4206133165752,10.5359862988958,10.6719847579657
11.174795105776,10.6166323677472,10.7734520130084
10.2168905920934,10.6758268736795,10.8451498943234
9.61436108228071,10.7312413653335,10.9005092055449
9.27198905560679,10.7920974584474,10.9476081744131
9.9747111879813,10.8601657973069,10.9903158157362
11.4267298749614,10.9260587073726,11.0345541032009
11.7035676995255,10.9611660970751,11.0860764172122
10.8417946351026,10.9932066081133,11.1434044421281
11.0114078158261,11.0411057363343,11.2076122774468
11.3537657548765,11.1274171152317,11.2935083168261
10.1809295250612,11.2964337270055,11.4199164726458
11.2008029311225,11.5711262775661,11.6017304312919
10.0497255055893,11.6255526505659,11.9423124667729
11.4447173276703,11.4503352896671,11.7747840544113
10.6353899573989,11.4491653805465,11.6822915239338
11.6253940349317,11.5751969369869,11.6313775895014
11.5497299808051,11.4537600309261,11.6542050138778
10.1421109954483,11.4106768314744,11.6902429526816
8.96693820636277,11.4280895694638,11.726873730535
10.3189283287905,11.475107547251,11.7688962877009
13.4161956524606,11.5466225353852,11.8323204735552
10.2142248906706,11.6465832768865,11.9188454579442
10.4051596384605,11.8681687408614,12.1043730760049
12.3120592677585,12.0558110175003,12.2423743799209
11.185605921869,12.0428706649135,12.1894160770144
13.1945706163947,11.7691888442287,11.8782266750521
11.0169603573989,11.6403189014695,11.7191609640086
12.6560984237094,11.7103676541164,11.798152880381
10.6776981478074,11.8879698232252,12.0176664981237
10.0524423149062,12.1586908920123,12.3274718953922
9.84489641620343,12.3838006519585,12.5655696463565
12.078488501684,12.3168930387325,12.5326894995401
12.1512178641038,12.2342362261668,12.4366899654992
12.2839802938973,12.1097602086737,12.2587301205725
12.8650739023294,12.0449979633361,12.136735840183
13.074607816765,12.1066511872547,12.1668772836996
14.2905585844297,12.3157632782378,12.3671654878841
8.08294377793815,10.0885183393752,10.4464385992755
9.14781157588433,10.135261368384,10.4706270811086
9.5091489960473,10.2068252588182,10.4895128135159
10.229477920464,10.3587718250177,10.4897044271742
10.4844710018796,10.404952801834,10.5052392393641
9.90697779153432,10.3437962195411,10.527699190256
11.4641345283534,10.3341982959493,10.5319394380867
8.89708741706326,10.341176235425,10.5147208477352
10.7584353343111,10.3324575432511,10.4726648768565
10.6290855975618,10.3156120479914,10.4265270116815
9.5668446142944,10.3672136528232,10.4706015700439
11.3593801606425,10.4605410449365,10.5803152300003
10.3382257798421,10.5534089647787,10.6931221763834
10.7223092674252,10.6237328804356,10.7794691857728
10.3852384643126,10.6771016461304,10.8409516188885
9.17328233452513,10.729414978855,10.8957891745016
10.1484128966252,10.7855387760578,10.9423686424893
10.5994389619637,10.8487717167078,10.9853791772671
10.0794594993501,10.9196001694529,11.0288803099419
10.810422955455,10.9760103063316,11.0770732003306
10.5669614464979,11.004225653113,11.1344792504285
10.5354388162044,11.0588621828226,11.210495472947
10.6484179686387,11.1508670902792,11.3061909122928
9.53167011730715,11.3815388665874,11.4766597495113
10.7278535306451,12.0516426422645,11.9093811417214
12.5705236780713,12.0115185751542,12.2136819498067
12.6172608257877,11.526463378525,11.8407708920212
11.2353691865838,11.4430058110714,11.6984497028353
12.5143964358162,11.4586361291883,11.6481432581534
10.7074742028728,11.4103387084563,11.6549039523653
11.1534662008872,11.4080638850467,11.6784820517656
10.4707838897661,11.4299238044199,11.7064406119706
11.1143788821364,11.4736652752112,11.7414101942523
11.8530756602016,11.5262021198168,11.7781441360938
12.4053949914424,11.6137305832617,11.8487054011658
9.84164669696534,11.7234674481768,11.9344269433911
11.6275758538896,11.7866357593036,11.9739133972146
10.190385476944,11.7698532773168,11.9173435889787
12.2414830482418,11.6943150066843,11.7954976023026
10.3175486271949,11.6490395012466,11.7261254761839
11.8017319505337,11.7783649670895,11.8946038744473
10.8444361790417,12.0178528248064,12.2021532073628
10.6804128881489,12.551979590634,12.7611797322387
12.4850725582204,13.1254076902459,13.33320915549
13.3953514385666,12.8833612015872,13.1021989301433
12.834822952926,12.3581299407866,12.5716923119086
11.4394138655129,12.1535728111805,12.3046101324606
14.1979434846816,12.1672186062427,12.2826271896718
12.9860168447553,12.2701158461613,12.3495050467605
13.0536439893121,12.5101970806618,12.5682043700279
12.5278210019264,10.0880504482008,10.4422454418751
8.7376582809887,10.1284063554113,10.4682737629954
9.39493891843503,10.1899698534709,10.4896754705572
10.2605815368104,10.2574262380783,10.5079874998746
9.93805018478241,10.2992482127062,10.5256242615598
9.47033679341827,10.3203730041425,10.5434392789661
10.7407723488943,10.3366902398302,10.5543151817564
10.5079711131637,10.3640709473077,10.559935207476
9.59339464624177,10.3799583938842,10.54793384582
9.17578332574733,10.4106851919499,10.5605074418642
11.7908912455262,10.4551482454165,10.5967440842949
13.0631026842533,10.5125465736488,10.6529231156896
8.61877642883912,10.5770264094278,10.7262116723875
10.6004317135352,10.6287013395338,10.7864025406064
10.1766025508213,10.6773419552425,10.8417600656261
10.3262418081027,10.7268891564198,10.8915331786798
10.7042572199705,10.781703988621,10.9370664919599
13.039053965187,10.849236300655,10.9794989544263
9.77428411395418,10.9470774316475,11.0232000084478
11.0602511327796,11.0404515102196,11.0718818502906
10.3556087491056,11.0096710504958,11.1244183572756
10.8260978422557,11.0496897748254,11.1941504288435
11.995708827708,11.1319437191328,11.2842277539452
11.0984838332077,11.3289220443626,11.4340927449436
11.4301362424504,11.6118091262121,11.6271480110462
10.7035893799402,11.6987343584193,11.9983624563338
9.48104735947698,11.4994187947835,11.8363738475997
11.1222032158883,11.3727770633228,11.704363070818
10.6019018697461,11.3687444389465,11.661046666699
12.3730883467461,11.3715375909054,11.6531408456602
11.6309430086031,11.388995607315,11.6650755661182
12.3654911396895,11.4203870050516,11.6737993523706
11.7017483002747,11.4577365154268,11.6892300695429
10.8972906866166,11.5075853460793,11.7181744706352
13.0432386826303,11.5545780039832,11.7403448044137
11.0250588528244,11.6154701957763,11.7817244136913
11.6382725901253,11.6688735638348,11.8134817008722
10.5251475547498,11.6540782244344,11.7617144255878
11.0545141312971,11.5476499552194,11.5942435558177
11.3924336161768,11.4950700463761,11.5102507585073
12.4938892432674,11.7843443292046,11.9219419954237
10.0474275258027,12.0776608463421,12.2878290140467
11.6670767076231,12.6942113845982,12.9312610505114
14.683199708507,13.985633802906,14.1421017808124
10.1552050135231,13.4460079936461,13.6175134653974
11.554878445231,12.4842424368872,12.6734359796277
11.3819572663689,12.110595956535,12.2436398788685
11.5240853023438,12.1136724123924,12.2090941559579
14.6032802539744,12.2748877057197,12.3494556179209
12.9398410769463,12.6464229142811,12.7020211948887
9.33979301059708,10.0849537025396,10.4386033920645
11.3965081321098,10.1220288540984,10.4658610958493
10.5822497218116,10.1684940871825,10.4906739026039
9.70791347182584,10.2171505142307,10.5135303985251
10.8077772564968,10.2636011501399,10.5356347842547
9.63728868658422,10.3011140690503,10.5552009397742
11.1305586267345,10.3369138736099,10.5735724812106
12.2739608439678,10.3750834752901,10.5892466892621
11.116040567203,10.4107584943554,10.6007077890736
10.8260566172052,10.4528982774385,10.6263587846676
11.5390607832839,10.4947077327111,10.6539222660435
10.6009491544916,10.5398103242339,10.6917423290897
11.0883087129068,10.5843842776597,10.7346225541325
10.9358449704864,10.6315674652234,10.7879296015524
9.97622823673535,10.6774267075463,10.83778145368
11.5066805921356,10.7259070643437,10.8859173588967
9.3802129547466,10.7796526385824,10.9310848050001
9.00606990749809,10.8418638132889,10.9741513498599
10.6236930063043,10.9095187881407,11.016834759227
11.3781560357096,10.9815565307446,11.0622074919351
11.6228737119554,10.9958606903303,11.1143117908413
10.1263510305035,11.0337539070486,11.1758029512146
10.817504553167,11.0968722317616,11.2457230455758
10.8860728119123,11.2020847877298,11.3373675538733
10.6477444511069,11.3166500296242,11.4249382033182
11.1914389390402,11.361457790681,11.7589768189172
10.8487349976437,11.331414438053,11.7183559703416
10.7181579096878,11.3087264080613,11.671940008882
12.6658759851276,11.321962466942,11.6508498109509
10.5098014178697,11.3459402346555,11.6411959706773
9.86115935496576,11.3733122109784,11.6384008654735
11.6013218524878,11.4044510748313,11.6411030728114
11.3235452374623,11.4297126363085,11.628893826622
11.0141658640804,11.4604315084149,11.6171843383887
12.6096317981402,11.4988731239182,11.62329564916
11.2329509558535,11.525496919777,11.6273137609525
10.5230204361527,11.5862608217035,11.6783012064576
10.6284347777194,11.6263509315204,11.7097339195025
11.3365732937142,11.6092563677673,11.6715002952414
10.5304079107267,11.6538575119644,11.7387010453755
12.7346813509044,11.7904622607872,11.9412033869209
11.4188065816988,12.0023280273502,12.2281280068612
12.5813739700038,12.3345321237412,12.5912090834689
11.8501526248255,12.9404157461913,13.1592221054919
11.5939408084802,12.5642682391776,12.7799679935755
10.7146407406799,12.1834727296893,12.3168987727452
12.2289082511877,11.8162103879497,11.878327423778
11.8278499260802,11.936134970157,11.9756790411283
12.8469802674878,12.1598548055367,12.2075688674492
11.5905792539422,12.3946544883129,12.4500585273612
10.0725497174173,10.0794281291108,10.4353583543747
8.76170065118397,10.1164455456873,10.463446288409
9.83460352460078,10.1569753992596,10.4901489114421
9.57868860879851,10.2010670861294,10.5160280420721
11.7646418231167,10.2486663729374,10.5402187057908
9.56988933226748,10.2953081947736,10.5634227471453
11.5676008777002,10.3372005301496,10.5846103176794
11.3392632867077,10.3804462815005,10.6042263717563
10.6427503793598,10.4263724488608,10.6285066712505
10.6582266470163,10.4758480786668,10.6534251525392
10.3302998596651,10.5257056816455,10.6784483581796
11.3094235271196,10.5583046607161,10.7005393621318
9.99080994444501,10.5909549203918,10.7324963910973
9.52068234226369,10.6330175588906,10.7769915863585
11.0324741192543,10.6772147034202,10.8270309160775
10.9733481142992,10.7247130830886,10.875644338247
9.86502137209428,10.7754324672761,10.9241824387857
10.9939926499397,10.827994559938,10.9687639253762
10.2923060248856,10.8797128630055,11.0120386755584
10.6611404068614,10.9335763350988,11.0561949578605
9.67245273702355,10.9729187815532,11.1038493286054
10.7359454700282,11.0161910184728,11.155770180698
10.261597253418,11.0695381981268,11.2130572432569
12.3673037494759,11.1274743088504,11.2664889595423
11.804993846243,11.1911401740123,11.3221793306744
9.67459997992249,11.2211399526338,11.6424127539935
10.0029081698183,11.2449440675336,11.6430674009121
12.4668895965116,11.2746996128376,11.638574603686
11.7478543635924,11.3008751332053,11.6298343934027
11.96868201435,11.328768824041,11.6249649007259
10.4717748883449,11.355799785849,11.6145242788832
10.8629777501791,11.3808947893942,11.5935980041155
11.0992930970426,11.3909961321776,11.5493235549129
9.22349459477722,11.3655793676673,11.4593409499848
11.5948751060055,11.3728927889026,11.4250315671378
12.3140327965961,11.4081577233057,11.4395562574415
8.77393245364151,11.4729448363224,11.5046346878982
9.97605865139922,11.5809043334156,11.6281135837039
10.842677959077,11.6575102484104,11.7304207024665
11.8439486213768,11.7183167017844,11.8271573729192
11.7806262609691,11.810846747299,11.9719725895798
11.8485850271063,11.9476131444698,12.1603365736733
12.2963112701524,12.1212446953131,12.3635060365079
14.1234264369055,12.3232739272611,12.5409531442041
14.1988306819006,12.289227668009,12.4525978078543
12.1003630048099,12.0675233756432,12.1031354269212
10.4322785957144,10.7503095663498,10.6790440861662
12.6907048025891,11.6080940948108,11.5630908825974
13.3172265191342,11.9856609035733,11.9889299791274
12.5533821151763,12.222395580256,12.2602569010378
8.94528779150246,10.0778197867615,10.4325333151805
11.5342381557775,10.1143091693478,10.4612714131826
10.3935486699443,10.1535093280959,10.4892345746783
9.38463279742221,10.1967330945221,10.516216814834
10.4789617533256,10.2446018248374,10.5419544201388
9.71382951771218,10.2919703757328,10.5666030431684
8.79409035633748,10.3378252300836,10.590711548203
10.1399174285658,10.3834739944476,10.6137384262058
10.234190397686,10.4337368272249,10.6392887408299
11.2360517744877,10.4992397544341,10.6644647477396
11.1706006975613,10.5804900911596,10.6972696406559
10.4634584489321,10.5614620532465,10.6630482994288
10.0042594198367,10.5830329116311,10.693866328702
9.92611791556255,10.6239445200436,10.7482805645419
9.54917759129364,10.6706637139362,10.8050468660101
8.35887093311504,10.7217228231768,10.865369640854
9.51468421569843,10.7717814419634,10.9164493125995
9.69492487603476,10.8188120625976,10.9627078457298
9.00028255823585,10.8655075624261,11.0066260026145
10.5383337184333,10.9126729009921,11.0498890533353
10.1055228566292,10.9599417269913,11.0937047507856
11.4820159085017,11.0052583206974,11.1381238661944
12.2879140857646,11.0512939301077,11.1841732153575
10.3662455320357,11.1009323756796,11.2298608317593
11.4390256956813,11.1394323730594,11.265135001046
10.4961182248505,11.1752396605741,11.5865865798102
10.7542615821757,11.2131378862485,11.6008718878561
9.66888419084191,11.2521803320714,11.608339101207
11.7483678382923,11.2896277006923,11.6093994323445
12.854068714371,11.3207733049611,11.6047823577302
11.2699708636692,11.3475406226233,11.5879590840112
11.565989428802,11.3615890029033,11.5462434173279
11.8345770809427,11.3275259153437,11.4415685221634
12.5005532307329,11.2526059193277,11.2952799220418
12.0407586490376,11.0146453197607,10.9965613337241
11.0869846997043,11.0658066170307,11.0337544031697
11.1477954144526,11.3488407207218,11.3339725688128
11.2772027555814,11.5276082105843,11.5487671389258
11.7780851645484,11.6583459196021,11.7200363267777
11.1993950758497,11.7407232030815,11.8460557154478
10.8132862579653,11.8191588425128,11.9619575841309
12.1660169605947,11.901057835354,12.0773911806436
12.5660760903268,11.9811059814233,12.176319905307
13.1529472552139,12.0504753890942,12.2308683989687
13.968240851398,12.046976724857,12.1649845345542
10.6480893391908,11.8279274024529,11.8533247159611
10.9590984021126,11.5053074965984,11.4611583911304
13.146143175619,11.6500765064293,11.5971590325556
10.4948082222237,11.9644573201131,11.9477205875075
10.3537452130261,12.13085141366,12.1425141599922
9.3134412379359,10.0780086554119,10.4298321993532
10.7903359793483,10.1152879147399,10.4589034994336
10.791678639879,10.1543199827217,10.4876483910388
9.69281306828025,10.197424014873,10.5154333285653
11.4413326968978,10.2446323340173,10.542133930709
11.5366097042583,10.2902112725473,10.5679834901384
9.72142636742629,10.3361535121104,10.5924021739135
9.18705476826965,10.381609658494,10.6156415263783
10.4114194096342,10.433662533831,10.6359620738988
9.94720287480602,10.4980453036952,10.6526384474048
10.7125663906257,10.6424292327474,10.6897868740196
11.3752531295426,10.5290118708611,10.5589886672988
11.7256311095039,10.4816025365996,10.545508624515
11.0225507677369,10.5819999289601,10.6801670163162
9.68509257525628,10.65876566377,10.777955164422
9.38149449051128,10.7185007807962,10.8511254862667
10.837395154908,10.7704856008391,10.908308924327
10.0644053115919,10.8154101514583,10.9565548091493
10.7990506689479,10.8598019174135,11.0007362797694
11.1938123954963,10.9078247346287,11.0424587771713
10.8159686289135,10.9568240549489,11.0835247779082
11.4867919023823,11.0020767547959,11.1235025488195
9.56596629593088,11.0433413286138,11.1631155371856
9.46508507689705,11.0849592448343,11.2011770994397
10.8060779959061,11.1252647873884,11.2320077313621
10.6495169603186,11.1639401379796,11.5530511202294
10.1873285294148,11.2006729841043,11.5736187698846
8.77863945002027,11.2422458584355,11.5874209496919
11.4233109453304,11.2854173806709,11.5935954216066
11.0108968093818,11.3222556254095,11.590122325124
11.9955905864134,11.3473007072419,11.5652814702695
11.0848305787511,11.3542926973903,11.5149753094155
11.8342350929268,11.303998432794,11.3862869785341
10.8029660628018,11.0622156003038,11.0636945086804
10.6428713365315,10.2603788355369,10.2000269774198
9.31991580645037,10.2127716024888,10.1314063743513
9.90203673391257,11.1386523558635,11.0950518281768
12.2350050349397,11.4977807355993,11.5000393612739
12.4024029590697,11.6489392849471,11.6979055508062
11.5450196091144,11.7548397738084,11.8435603705284
10.7325206050323,11.8342179442506,11.9455261099331
14.1891983743906,11.8953518511138,12.0289452525329
11.0083053024467,11.9468694978392,12.0934571569106
10.7882051278334,11.9768479795735,12.1061017139356
10.1767655334035,11.9854360475277,12.081141760623
11.6811036824526,11.88354586746,11.9114483369399
11.282641324852,11.8590658968802,11.844845858375
10.160446320019,11.8841753493823,11.8502492806207
12.1760549793602,11.9410464689333,11.9170321494286
12.4783579283114,12.0744887502392,12.0633847312543
9.74657616786214,10.0842598327355,10.4273128713908
9.35720952612067,10.1189187362841,10.4569178598534
11.2407471849482,10.1591845081536,10.4858860517754
9.4095063035959,10.2017692042097,10.5142536214008
10.2693249060699,10.2485721737227,10.5415065000557
12.467481468438,10.2926783726012,10.5673578153136
10.1404907494091,10.3364167727248,10.5920520634083
10.6013182630135,10.3785415603974,10.6116472519909
10.5868365745048,10.4262957616432,10.6226904937289
11.3070052000586,10.4509166326205,10.595709692001
10.7990794314229,10.4545697204784,10.5238231074813
9.96061901823623,10.1509951866905,10.138575291591
11.944305502827,10.28962909022,10.3136134275271
10.1575054336746,10.5465056593564,10.6245106101505
8.28421572223481,10.6515548856574,10.7573218876124
8.55560192415171,10.7204900374761,10.8420497444641
7.93105085069027,10.7731655401061,10.9021248640097
9.91945678422792,10.8191411822622,10.9514102944752
10.7043698793992,10.8633112237748,10.995490700268
11.0082596119555,10.9122125520733,11.0357680882034
10.4671179316966,10.9596843578941,11.074718171001
11.8787202381547,11.0045311944834,11.1130154973053
10.8060229516637,11.0438268553928,11.1488631967081
9.99836414864486,11.0832440179922,11.1832728949638
10.438233352826,11.1228624426009,11.2146104457358
9.43216874719522,11.1618346373746,11.5346560022084
11.47659843685,11.2036328502414,11.556104897193
11.0051628704706,11.2459837168986,11.5729410852405
11.4125792061476,11.2908112576576,11.5820362760324
10.4661879266414,11.3299509364985,11.5785479016048
11.8382149549697,11.3621091887383,11.5645823108752
13.7278805724036,11.360850060638,11.5064584045895
12.8982566333783,11.3126068998718,11.3877472118209
11.8534625384838,11.0866609742584,11.0800529087571
12.7046474358899,10.6004432622122,10.5475698037455
11.9469214931621,10.4261815097086,10.3482998817369
10.7050834189248,11.1894749411001,11.1430220119432
12.1675771364311,11.5174703493483,11.5172389431302
11.9551372726839,11.6732729984177,11.720218657712
11.5039390730441,11.7653388139601,11.8368662036649
12.2741144898437,11.8552094823293,11.930719190253
10.9303383157208,11.9156268931356,11.9963711441203
8.46685314293484,11.9492450451204,12.0514236028869
12.6566681447346,11.9693531454017,12.0741971985439
10.9104999720296,11.9787378423669,12.0558866461624
10.5333036107874,11.9825028050602,12.0264166059206
11.9841783256567,11.9915448341364,12.0073481837346
11.9212858474311,11.9897131631777,11.988848165745
12.7834253642109,11.9838996498152,11.9722487463024
11.9978662596469,12.04838175485,12.0280563550558
8.83110281810752,10.0934694681778,10.4249774969858
9.78870842005487,10.1305925901136,10.4548464459213
10.037880090514,10.1712545187507,10.484235995643
13.3459546786865,10.2151897165344,10.5128419250099
10.7092891262529,10.2572988435225,10.5405527291864
10.7933217937574,10.3004725217984,10.5666308403883
12.0660625553852,10.3428281348753,10.5907685325812
8.80483386678927,10.3814126834369,10.6095520206912
10.6022673364902,10.4212152025554,10.6179181195294
12.5113518080514,10.4411011541663,10.595227892419
11.5558665613585,10.4275161736009,10.5222264115328
11.3684810008429,10.2840360244121,10.3230838244484
10.6262445530809,10.400266559068,10.4412671898765
9.96915868143011,10.5582289736605,10.6306231639245
8.80424305041332,10.6655018295553,10.7637359122065
9.72362615320134,10.733435130225,10.8422200170385
11.5691559414688,10.781147950478,10.8985699298361
10.6922628327985,10.8266982942324,10.9478587410092
12.0025908097533,10.8723317901337,10.9910488209881
10.3091013512056,10.9210316065391,11.0305244136892
10.2443793244823,10.9679748542816,11.0680723473848
9.42244467472482,11.0108250655688,11.1036165526911
11.6132435374005,11.0524492702066,11.1377826002388
11.7941219160805,11.0922289671502,11.1707190323589
11.0514752710101,11.1245626362618,11.200904981135
9.5741604820307,11.1644040418243,11.5218870339794
10.0626160703381,11.2125945014245,11.5453750490069
10.4512216349913,11.2587129512606,11.5638609029523
11.2263321281341,11.305107901573,11.5760559780067
11.1311545734708,11.3445527398582,11.5788930382033
10.8826151389386,11.3793083522995,11.569517754954
10.3547929392479,11.392629568875,11.5310008373249
10.646413837443,11.381300421914,11.4611501235195
10.4325446848783,11.2668333216732,11.283996148136
10.6621230677464,11.1041759198319,11.0785926125851
11.8950436259248,11.1779724351962,11.1426521665888
11.514417913405,11.4244706652923,11.4090904016807
10.1180355566466,11.5905729562856,11.6023284400499
11.1964221914551,11.690485524233,11.7326214368277
10.5671629267625,11.7819913116057,11.8472071756934
12.2542732347685,11.8813104923479,11.926575668103
11.9684313331149,11.9577684196172,11.9874663116887
12.0088561574416,11.9497832541437,12.0334393515777
9.23395690730193,11.974558529991,12.0649737539584
11.2412062457017,12.0003724729695,12.0790206591241
11.6271635440975,12.0231196567928,12.0763803697654
9.95204763394624,12.0542635072668,12.088199276433
12.1999595142691,12.0666834621277,12.0881432544653
11.0442779637095,12.0832055521173,12.0924087711023
10.1239686810385,12.1357864526949,12.1305102217704
