"true","meld","down"
11.2962903213088,10.6490517712589,13.3651228265014
13.8991740565085,10.472713642602,13.4041000314666
10.8035668471392,10.7326880945151,13.4595794730671
13.8996354810829,10.8992748643678,13.5260545493002
9.72361243513429,10.7174181648021,13.6029218432483
8.25939389676801,10.1339415875733,12.9327544331754
10.8574144745394,10.0848756150367,13.0505118320839
11.1895601557311,10.0228766817652,13.1236032063607
10.3367630099938,9.98384037128658,13.1740507887915
9.47841273655824,10.1646051612545,13.0587392136604
9.6700152558011,10.0947295021703,12.8091682363347
9.44947726600543,10.0948835086132,12.7577944159548
11.5134438574723,10.1403648695484,12.7302654642095
12.9948395077513,10.2403389455668,12.7193720391982
8.47919679483122,10.2785948209584,12.7969676655781
9.4648468409262,11.8066238084488,14.1344796992997
14.5883456620236,12.8589607869854,14.2069570323991
9.49167358309952,10.499460108793,13.1499131870277
7.47049953061213,10.4854475006091,12.6730760279732
8.94961380196072,10.5251176762976,12.3486085174976
11.7804414566812,10.4729399487515,11.6388861220832
8.05479738936695,8.75327938550434,8.99149349525586
13.0261904866923,10.7322227122749,11.5383245405385
8.02417045016717,10.7352924965133,11.9393688409874
12.8201160675073,10.6955282593156,12.0261139736503
9.25859966467061,11.0590394042424,12.798837614103
10.1928363313586,11.0613349467838,12.8480652830047
11.786683714483,11.1130509660626,12.8927368224323
13.9051763177944,11.1497847178168,12.9258825252014
13.9266638064792,11.1757552114684,12.9522162094582
12.4448623153122,11.0598634247603,12.8014920137511
11.279424486742,10.9368894798321,12.8163883565598
9.97926348276327,10.9684949202711,12.8275796565405
8.67195656922186,11.010655558572,12.8377789598461
9.90669242367196,11.056738526667,12.8492300186734
13.2304815626641,11.5860863282378,13.7449443456244
10.4453582165732,11.6473935936585,13.7625295650794
10.8529328962876,11.7608668364077,13.7933321717888
12.1164145350002,11.696711030673,13.8336402034802
13.1415362126643,11.8138113987653,13.9865142308481
14.5107199884616,11.2275010200162,13.850262180995
13.8370226677883,11.3871421851224,13.4751135451482
11.4743079313845,11.2989698951834,13.2335355447203
10.5614548758916,11.3584973646969,12.9552433567395
9.84455975495994,11.3399761170481,12.3075263906657
10.4638645577797,10.914846555095,11.4812482590677
13.3904905650262,11.9341364056734,13.2180489189475
11.9192845449035,12.0537872022698,13.617157844717
14.552501239657,12.0162363796306,13.7143924991132
13.5043826656361,11.9801159787481,13.7693373755963
9.93941064806013,10.4383827023099,13.3297404814436
9.621606122952,10.7006680012394,13.3729524363343
12.5298609334578,10.9728178635187,13.4301324174073
14.6243300217958,11.1092637851316,13.5029317532691
9.03081644147758,10.9495072769429,13.5924890795961
8.93099306530943,10.1173286690229,12.946469976031
12.3139803286473,10.0158613184649,13.0954910853361
10.2091094519136,11.9163993748231,14.0247677143311
7.02668578316343,11.3336976297782,13.7661479135482
9.15371878873068,10.1202594542396,13.1166283060368
11.8803259410077,10.1118171533802,12.8164292879049
8.99571137080553,10.1874117774471,12.7554861533622
15.5131127549023,10.1483295470476,12.7115748173842
14.0575513383886,10.2376563386438,12.6957550017878
11.45426962989,10.2820637760005,12.7606355744184
11.3732312098345,10.7370301398817,13.4835711428877
12.5591982201029,10.3718783989335,13.2863366742122
11.2047609155027,10.2221734077257,12.9340849751693
11.8063663115389,10.3713662049634,12.6584171282993
11.4897812680061,10.4540473627745,12.3484226634948
11.4172080995342,10.5521358438263,11.8324157251375
6.88666086263286,10.8004258406164,11.3181278100458
10.9465633510539,10.837435290196,11.3925047889362
13.3383629326993,10.7516953148896,11.9480047245234
11.0331745280912,10.7198263201152,12.0440769870901
10.5545668585693,11.0273688041169,12.820870901774
8.88247250507747,11.0720381226813,12.8737441173595
10.4402542784187,11.092695363774,12.9158551604122
10.3560659976742,11.1417240067695,12.9502627038582
10.1021554517554,11.1890137988701,12.9787416234795
13.1090542338477,11.0189624096064,12.8260667686272
12.8586673659525,10.960395867614,12.8375370058533
9.37044522761684,11.0142611783275,12.8485511914168
11.5584140062159,11.0679086450297,12.8550695892678
8.48437327221115,11.0017837626144,12.8642009489137
10.4443755706301,11.6175086333246,13.7601035335401
11.7622428824474,11.6406353326541,13.7850223732202
11.5181507041032,11.6911626391828,13.8225265955292
13.3241866248702,11.718273684788,13.9250843233216
13.9704417874844,12.6821103476914,14.6875891320645
16.8338358994061,14.9001371642644,15.7295263760762
11.0338700626932,11.3721638938714,13.6116375119296
10.8344196720928,11.3631755501166,13.3237303098596
11.768203709716,11.4364549185854,13.0957973787801
11.0805899682284,11.4475946937948,12.7976867389577
11.4232278940236,11.7906165611988,13.5475548765395
14.7704238753701,11.9360348611733,13.6808136721551
12.3231718768705,11.986832391137,13.7986076745155
14.2814091408267,12.4226629720805,13.8411783969084
10.4751181598646,12.220470535156,13.846661745876
10.8401282675797,10.7503678954141,13.2776358391129
10.2548490480102,10.9788801207673,13.32329786807
12.6266984986196,10.9351690452259,13.3804462045255
11.1011369405523,10.9055573876098,13.4581761945604
11.9131903216807,11.0540397208316,13.5502543818922
6.31036097949249,10.1573644451344,12.9050603131603
11.878553974573,10.0028144290324,13.1936881846224
15.4302195565355,12.4101781883953,14.2235282272887
12.1038678295309,12.2259685063512,14.0603042783503
11.7615291196614,10.1253124223402,13.0895812825548
8.7463784805665,10.0910474479354,12.7791730875485
7.15740846006258,10.0793453015524,12.7117902234092
9.61867901354623,10.1268777616492,12.6643940778774
10.5927283810257,10.2177543138953,12.6282370187465
9.56345321019671,10.2693296558787,12.6234537747966
9.80252550360808,10.2513623931503,13.1569012443299
8.40560132727621,10.0869997374603,13.0149978278184
10.1872375818197,10.2963715250105,12.839040543167
10.7160917676866,10.2617957456395,12.6244461081618
8.57608927262866,10.469741035898,12.4215621767003
12.6257768956067,10.5983566598749,12.1047050155798
10.9684164195557,10.6495721803845,11.9739799500357
10.8959692798354,10.6509293229228,11.971788993153
10.7646595905232,10.728475468781,12.0338489829865
12.462611468596,10.5752178499451,12.1048617777637
11.0408610079324,11.0230176333945,12.8653619727111
8.13227598311027,11.077650560134,12.9132305563101
10.9150246206522,11.0922163377426,12.9533515290349
10.0060167759467,11.1454552501392,12.986015935172
11.401151132491,11.1792289512557,13.0100882427633
13.1278164846501,11.0329049818146,12.8562742892217
8.87842041898504,10.9469563207772,12.8650034903724
10.4819678881718,11.0197956112335,12.8697052090167
9.83744790848886,11.0835160871975,12.8707784701227
12.3321186787209,11.0543191997403,12.8719413828639
9.56177028836207,11.4147413203338,13.7642121778039
15.620862514858,11.6205300150331,13.7799963940746
14.7121906579789,11.678545709506,13.8202629887929
10.0877758581365,11.7017697286439,13.9629186445766
11.0895696616122,11.6531304107777,14.1189753241325
9.85151299310045,11.3206022757144,14.0565326957614
6.22393847911771,11.3580225664862,13.6753248982317
12.074257078331,11.408967487525,13.3951697582939
12.2477064253969,11.4125752782764,13.2512916673357
11.2172651279538,11.517586497206,13.1366680215882
11.093961010272,11.832500580754,13.815834397681
11.1828260573774,11.9426685213062,13.9335764218169
15.1194538583499,13.7898013224764,14.5996663316405
13.9972288447063,14.2760783761873,14.283631051605
9.81014638854648,12.833684404144,13.9585465270703
11.4890177117163,10.7432252605271,13.2153472583611
8.86410372432156,10.7484102781452,13.25920662464
12.8146406530226,10.822306840834,13.3122242966342
10.2458628403281,10.7384779033014,13.3872698014289
8.53381535456506,10.572467085101,13.4737304230656
10.5213417228827,9.94058076098912,12.8084075419473
9.41237980177269,9.93277495679558,12.9375404787533
11.0097782617602,10.0076101829754,13.1026091596732
10.9966149473829,10.1092987141279,13.1052594476647
14.5795838251314,10.1455033295332,12.9826637497887
11.9851812408358,10.1155267619381,12.6996084637319
9.33802825957459,10.0269469202578,12.6370872176379
10.8675703175503,10.066554730124,12.5882463921186
8.09341013702388,10.1805917939751,12.5447714905943
9.32623905807268,10.2697110371251,12.4993763519962
12.7405966896254,10.1619220812444,13.0144583843295
10.6215353090346,10.2181785453416,12.9148190063873
10.2249632847786,10.2279214713497,12.7849376446829
13.7849403268166,10.0006094487353,12.6294870357416
11.0741562982284,10.1649573424268,12.4760319803754
9.44495229153693,10.4524362426175,12.2575324401105
13.0884056660784,10.5017691883028,12.1715797449525
8.50848014219782,10.6585396326097,12.1364735744351
7.22551505058467,10.7295314328182,12.1449484319872
12.1686978968805,10.7121480202718,12.1765083769941
8.29429853583951,11.0289667352682,12.9267977737643
11.9666151370826,11.0808365495664,12.9667501961363
10.6767161112602,11.1140278688513,13.0023200315659
13.1680756060897,11.1435255496588,13.0307685324244
12.5511492926482,11.1675292836585,13.0530222986937
12.3436207445878,11.044101520693,12.8940166334885
8.83674852111281,11.0252436280202,12.8974149549366
10.6910136032811,11.0638703597757,12.8930024753804
14.6438542423099,10.9961854105603,12.8867863090107
11.3501152457901,11.0772500928676,12.8759087444416
7.74376607279558,11.6066398680999,13.7507232657926
12.1889181577887,11.6701771243293,13.7524944927057
10.8893555303156,11.7303439151233,13.7703330501631
10.6330218725041,11.6687614563115,13.8090498726559
9.82456787975014,11.7120483978012,13.8616446183304
9.94236444167445,11.3146352010132,13.7081285909379
13.0242262338473,11.3462495681425,13.5516508840764
13.8491363084394,11.4229168024069,13.423198624769
12.7289538597903,11.3716614254895,13.3378740098772
13.9394262858329,11.4018781420559,13.2632342194417
10.2514521480873,11.8887877097622,13.9515474868368
12.7273654696693,11.9215865722085,14.0167613234642
12.7693481935557,13.832088642055,14.680949261076
10.4688636801453,12.4958820603973,14.2525888902319
13.5750746431823,12.0102226680283,14.016035441297
11.7977644183501,10.9349620992816,13.1339579410886
8.68341460357416,10.7510815346284,13.1749687305796
10.7165152001617,10.3288636963866,13.2297231529509
8.12753699731918,10.2665124097431,13.2928345196908
9.0298045642322,10.2722896739572,13.36610776473
9.14798912123951,9.94619410458734,12.6867794127778
10.8645924139601,9.93862312543876,12.7604759297435
7.13611088657094,10.0657798298839,12.8306083811762
10.0894506976611,10.1883202854413,12.8313834207613
7.6476021078359,10.1272151593527,12.8107973952662
6.42192819508846,10.0101078840591,12.584946789287
10.4165105048963,10.0253591737917,12.5394346702904
7.39253330330002,10.0756923429005,12.4988448377071
11.5410296253757,9.93694885344717,12.4586065167033
7.85916030939172,9.91345262564209,12.4109657174139
11.0020957470776,9.99458927009942,12.9275531973058
10.0062896875533,10.1455890561216,12.8483814810793
11.1475968447262,10.2321111932043,12.7433532682023
9.66771066792604,10.1993271812919,12.6337685622992
8.61731760958602,10.3355754827023,12.5155140689984
10.4823675282454,10.5775607658538,12.3370947933089
9.1964180029944,10.7120343544798,12.2777244451167
8.36161355509557,10.6298300070993,12.2455818848415
7.71688492646692,10.7806881256112,12.2384504378398
12.0434247444732,10.7411940279714,12.2587805374561
12.8418458280775,11.028027991493,12.9952784293302
12.1251800894193,11.0892320388934,13.0280571317991
12.0796397246434,11.1246645049422,13.0591214369446
13.9161146482778,11.1557579505891,13.0852389504645
9.42305336302703,11.1375553291006,13.1038406123978
10.0880078683333,11.0425655090946,12.9416657994989
9.07899266920302,10.9663421268416,12.9360901241413
9.60519768747647,11.0250639905522,12.9225130182389
11.5351803455315,11.1421832352219,12.8970459312061
13.9203864115245,11.0491304123592,12.871051020982
9.88742253286927,11.4606479860073,13.7254159642923
12.4842433626397,11.6237931331475,13.7063498433267
12.2558037004629,11.6501181654982,13.6929417332079
11.5774863677288,11.4409872149772,13.7047439301121
13.2517317295244,11.7065090790117,13.7315908062853
7.99021133023575,11.4848768397906,13.5397385816595
11.2471940089953,11.4288060539624,13.4906508316855
12.4496418600746,11.4940329368662,13.4382264029407
9.26965858835337,11.5088110660066,13.374831533693
10.9097044952919,11.4716484256343,13.3474650482959
13.4371463576893,11.7769672992622,14.0230199815751
12.1140027723274,12.2778851165197,13.918443776091
11.5086856240985,11.9255865974836,14.0577613791995
9.53154544025376,12.0014334165755,14.0827615494441
8.66293436389815,11.979473067555,14.060659834102
8.54178959018345,9.62043410854283,11.19591797611
8.86396345503077,9.75714144418871,11.2336172541141
12.0922102900325,9.45036404952741,11.284033850446
10.2478988440678,9.46632504477678,11.3427459073529
10.3271128217181,9.43567193602647,11.405297854046
10.1069093210389,10.3155136326527,12.7355737856748
11.1941212923201,10.3498045915135,12.7935150406807
7.74481007847183,10.4425294178394,12.8355160980311
14.2196152852532,10.3829639030738,12.8515245754387
11.4129406972877,10.4447246621202,12.8425263189517
12.3991322955838,9.86239881114063,11.756300560862
10.4000166693742,9.46660478003806,11.7299707864909
7.62073770222336,9.8394303230043,11.7034358509891
10.5054911261856,9.44997466339001,11.6693055420088
4.62304269319539,9.70514412570556,11.6306329775565
9.81815301444201,10.1115518188862,12.3502366386937
14.6547074257692,10.0192495763606,12.2863129314879
11.419748768273,10.261224095491,12.2086885362746
7.69715647200409,10.276615482916,12.1229924244832
10.1426001787937,10.3732981000348,12.0423086521374
11.2166637844023,10.7476476547678,12.9620666127016
9.99327183566888,10.9091790087599,12.9112485457161
12.1818410365476,10.8959888684516,12.8837470113582
10.4242491885334,10.9985846750491,12.8790878351434
15.1248328367315,10.9316279615619,12.8879683397484
12.0118227446721,11.4050127010202,14.0230765871745
9.74880071601933,11.5834324413021,14.0512713459181
16.6842290838967,12.1224301379293,14.0801194618686
11.4538383358066,11.8782990967399,14.1051207786046
13.478118817618,11.9612252172875,14.1214365454195
11.0478497189447,11.0702473365108,13.426446750376
10.5132402826855,11.0676945747545,13.4144955878089
8.13911685827612,11.0793023560687,13.3871458147262
9.07250358544425,11.1806047547557,13.3466979243889
10.2163069540717,10.9618074579198,13.2952341949162
14.410344283754,10.875381206486,12.3650680902335
11.2710997715934,10.9746695596443,12.3037458458897
9.78768812779973,10.5484659603585,12.2000954421866
8.32479753456848,10.6792129631602,12.2530950655951
6.70058731001157,10.8664250530306,12.3079290509344
10.3406419364154,11.4409314069444,13.7545965256415
13.1342824184562,11.4679606697754,13.7540453125372
11.9909390139469,11.5390557520693,13.7150236216761
10.535724895168,11.5930761810131,13.6969445913285
10.9468198501169,11.5983248321797,13.6868508296109
12.2021415335524,11.528654866534,13.2309787975988
12.8700822612608,12.0700935022314,13.054405725993
11.057153957688,11.4789199208858,13.188958972441
10.4539178587937,11.4380932425171,13.2205816094186
10.8777924872845,11.5946795248112,13.2231643968888
12.0753836514196,9.42014339111806,11.0861724705405
14.6063523708593,9.24933918183739,11.1214106344008
10.5835177598423,9.5166563574431,11.1688610879969
8.1073232436454,9.41429896379697,11.2202573111926
6.77690258212786,9.56267572557626,11.2726221537673
10.3977919408479,10.3463578613048,12.5887580008609
10.7434932906044,10.3256178666768,12.6346030690818
11.4224536141662,10.4193514212729,12.6700725961675
13.2025624901738,10.4569096811356,12.6919700665165
8.98173748996181,10.4550758410937,12.6989964740191
10.8207427817326,9.64060070292523,11.6281598130959
7.36098666229977,9.54410217200291,11.6181708260042
12.3045894526536,9.62739010000193,11.6022979780652
11.8780326186369,9.77223449270946,11.5872309546509
8.7840613748668,9.82156147126186,11.5569159207971
7.38437556292522,10.1363542123455,12.2914765454697
9.53408512129201,10.1538110266968,12.2428937850449
10.110602780351,10.2682522926865,12.193271052386
11.5641572440231,10.3318813348512,12.1323417758019
11.4923192788946,10.4776203923818,12.0800563729191
10.6645303224628,10.8984297114405,13.010008107544
12.3141566429736,11.0033262239424,12.9772352356925
12.5027903412838,10.9820835409826,12.9562924376785
12.2573400530137,11.0188901922134,12.9528437551913
10.3707341288251,11.04395025044,12.9615420904813
13.1749430926456,11.6934158065117,14.092934243624
10.2361710103837,12.0528142326045,14.1191057807428
8.91998587552314,11.6701025291748,14.1473125696518
9.45017696965289,11.8712476214123,14.1724687161839
11.3972226800473,11.9750264134091,14.1905196406887
14.3070508266645,11.1407018938314,13.4948975573826
13.6364655010086,11.1274669270551,13.4766257718649
11.632598936704,11.1684383408559,13.4344552450331
9.43999873333833,11.1870578509092,13.3701793898686
12.8582323220612,11.1878971382742,13.3003591434557
11.0435634156458,10.2517445746655,12.3382940229566
14.6248782556488,10.4563531919253,12.2074269370948
11.3560240503596,11.1131925875902,11.5421732865921
11.7407498054633,11.1192953982304,11.8350630886724
12.1099927278856,11.0933799600589,12.2363285330726
9.23408349119811,11.4610842407728,13.7189287448152
12.3374633803392,11.5141171882174,13.7475998858644
10.4813965357963,11.5458519907789,13.7303635407972
12.6815597673414,11.583606401049,13.6152780539033
10.873048244985,11.5283944956864,13.701217772391
11.116838820766,11.2583335428243,13.4052623378911
7.89741360168637,11.3484995582808,13.3140507329999
12.1777414602158,11.2720855075735,13.3026084181705
11.5447766260562,11.2963049467664,13.2886079169986
6.1882455863758,11.4464085382316,13.2701676448516
8.27551679191526,9.42867607881537,10.9534533046926
8.08336442160905,9.29505211156582,10.9968625241052
11.9533395642595,9.55037307824031,11.0453728404306
9.97370324801844,9.49458465796683,11.0900455380077
7.12233862388605,9.38494126527223,11.1331687548244
7.43264126196529,10.0307801298255,12.439198661747
12.577359532859,10.3340688285311,12.4763028490403
11.0385591573381,10.4024244284223,12.5099242273458
7.47975732695915,10.468890209484,12.5365472649999
7.88857268617983,10.1648641603779,12.5554719072738
5.26232666947239,9.6436081174594,11.5010832886982
9.98371880771683,9.71876615735266,11.5088503642197
10.7910041124393,9.62915626562017,11.513514259526
8.97323460212356,9.81853188154125,11.5023759896305
11.222326668587,9.996476572596,11.4944303253717
11.5253695275324,10.0974436568257,12.2466657852005
8.48612753035143,10.1455172617299,12.2157094832629
6.73569497774046,10.3084866380231,12.1768652879767
11.6756018853197,10.3600239175268,12.1432563359954
10.1902177064897,10.2665949566388,12.1052622702404
10.4833830115094,10.8959462222004,13.0561512359494
11.7725103100598,10.9243999460399,13.0306376102827
11.269245085485,10.9698316414207,13.0181411445301
10.0872405239138,11.0258837474833,13.0170035240179
12.8406404632688,11.0586590362152,13.0264083004524
13.2409716838644,11.533851789101,14.1571049656748
13.8385434896985,11.8667274639469,14.1834208876701
10.0274426023036,11.6824909437254,14.2131115374463
9.3927918559514,11.9816750829073,14.2442838750621
13.4823948533459,11.9288484648953,14.2708685823456
13.5151687557938,11.0734064541355,13.5824515974685
11.9505455284244,11.1335198530423,13.5571473551292
10.5245399508428,11.169746375591,13.4897608772886
10.6080067000157,11.2003664516093,13.4051627776648
12.1834976348734,11.0538987123961,13.3103304940093
11.7792966027499,10.5677964766099,12.3299336613082
13.1232735799783,10.4221594633702,12.221967527474
8.20742555320021,10.773775486287,12.0132870425373
11.3584938203006,10.9343723355871,12.1370190836441
12.0957653343894,10.9914146232202,12.1958862061846
12.9864918839479,11.4448959595446,13.7343872848656
13.3976279551641,12.0927044813839,13.9332463911288
11.4575464777653,11.5656166451924,13.6329757105097
8.07281999889693,11.4689972403662,13.0088388710243
15.4320165882627,13.7389083357502,14.4713906640584
11.2141096305813,11.2963806642548,13.5785641250421
12.2351322591753,11.3756705287651,13.4304192475969
15.2743053954637,11.4312188371566,13.3863688565141
13.3529048427745,11.4248961042584,13.3586664765955
12.5101373503112,11.5871292483596,13.3187716080658
10.3558853870151,9.51040308497844,10.778626444102
8.57496120108606,9.49270400193464,10.8571776130907
8.62122851702831,9.57624140121188,10.9242487006297
7.02627539959074,9.58789097426346,10.9574901800957
6.31650748410442,9.9643285676992,10.9840127672284
11.2512719836073,10.2653194638861,12.2846035580868
12.7477780949967,10.3199476650807,12.3150398919111
9.94514633703852,10.3846129064048,12.3501825369958
8.86260519825731,10.50479345574,12.3842410115307
9.60822073678408,10.5153096935372,12.4174593292974
9.5429533703476,9.11078269688579,11.3780166509825
9.10274559499939,9.70301394553826,11.4056911524413
8.73896646178834,9.78978348450011,11.4235313431811
10.3253057167119,9.89508306237566,11.4370897336365
9.34006038605758,10.0607624311932,11.4354576779251
7.39906183212484,10.2199190430326,12.2050925604844
7.99637537904786,10.2677383543133,12.1896908429138
8.72946003565331,10.306072977578,12.1714629686019
11.8857207217454,10.2997532844632,12.1480826830126
12.1615781834222,10.3018322118192,12.1275943595202
10.4868963969157,10.8932189084533,13.0909796773715
9.42850044769787,10.9326889496128,13.0782871091914
12.4964145836894,10.9577372493692,13.070853634602
11.4936509406494,11.0041637780106,13.0732103832283
10.6108762393998,11.083686211425,13.0850412564973
13.2073113480157,11.3332318263903,14.2169508939615
9.69796957620277,11.7105992009661,14.2429037598024
14.0589695301094,11.7814466082967,14.2743124301861
11.16958757552,11.8320543650359,14.3120495576298
11.5403678318481,11.4720014951773,14.361861388665
11.6321667715082,11.1104230788827,13.7060167242908
8.26468585322696,11.1318843155166,13.7477364757696
10.128487096895,11.1583410997465,13.5587700522962
10.6413530561249,11.2159103153892,13.424357535965
12.1013399778293,11.2051286415517,13.3145801956452
14.1847922339505,10.6160321007455,12.3331003659821
12.0800110889624,10.4480387491071,12.2424336450247
10.4875219117378,10.9001283574667,12.165875000268
7.34506231466201,10.9173375327968,12.0938198424781
8.93485997273488,10.858238160224,12.1152239877038
15.0068613166352,11.7613809438547,13.7437582233802
14.6599496216994,13.4223296658185,14.2872502995272
9.05974759433064,12.6583605928876,13.9610322814991
7.81623989180988,11.3852072746307,12.5034657953302
12.4522488811076,12.5550681568733,13.4161171234245
15.8938080890557,12.0395039921927,13.7646452239307
13.3643548134474,11.2749057009306,13.5413650462269
10.3473159093161,11.3963319508658,13.4647372622073
11.9610392270407,11.5310917841811,13.4145533817034
13.3936936776448,11.6443960828818,13.3656963010502
8.65597309396979,9.42189181757839,10.5089589085434
9.96834548991575,9.50966868057979,10.7429400884463
8.20278417348055,9.64686236054841,10.9042704729523
8.80393668339538,9.88845678561202,10.8302770019171
10.144363248196,9.60015006708678,10.8307725019381
10.6552540316086,10.3245992924325,12.115812430453
11.8677864507392,10.3695553025825,12.1467004219836
10.2540511599593,10.4088660994115,12.1843893219463
9.7994049393358,10.5125375551552,12.2291838740164
9.6810850375063,10.5179127051272,12.276730054402
10.7247767339752,9.97432366123789,11.2583087464103
8.82409765988457,9.78068836704564,11.2990205907687
10.8783502195794,9.80918859537278,11.3437293387349
10.173135660575,9.83492501658071,11.370846116213
7.8205072660168,9.80339389016796,11.3903744451082
9.42551612519622,10.231762716338,12.1714899559661
10.8960169602398,10.3187486210329,12.1743552664315
11.1230238171637,10.2199996247436,12.165850540273
9.13988288796618,10.1537863763201,12.1579632928233
13.1695440643944,10.0470246664531,12.1491041174765
10.086969850303,10.851210096613,13.1263707826449
6.43548972317119,10.9572755027547,13.1204743083444
10.0487792922875,10.9595957833118,13.1187087462055
9.58962330071659,11.0327239062437,13.122557288583
10.5545799860958,11.0887854145037,13.1350673498726
10.4898071953155,11.5350751247518,14.2652627521796
12.3926487454834,11.6328419310108,14.2908532175719
12.3508775939259,11.1666519712804,14.3220591691152
12.4667424798803,11.6101112268828,14.3746727724905
13.8351141134077,11.4864926509426,14.5353504642807
9.44048729914515,12.571089780439,14.5613970994199
15.9767918828115,13.2748061190669,14.8262980491349
14.7787197873503,11.1173861719596,13.7387076132719
10.583520101926,11.1894918842556,13.4480154208465
10.0670031111152,11.2243459309299,13.3028366844996
8.58214129829796,10.5536336243394,12.3237671857536
7.98965912974672,11.2582471722216,12.2737262482655
9.42877772063676,11.252017779533,12.1371835712561
8.42995917522191,11.4057024766014,11.7342824344263
9.54572065211889,10.7520376759918,11.9906856577078
14.3315502137062,11.4212206789745,13.5779740511919
9.92636614562382,11.4787044410632,13.7309502227073
9.67795059040091,11.541757175651,13.7201781013561
14.4316716453929,11.552103390548,13.6948968493742
13.4443773763653,12.5302001532922,14.3255086615905
11.861338711129,11.2328155567643,13.7295005843983
8.30426064628424,11.3347153813725,13.6144513882879
8.6128425465139,11.4605181577581,13.5252165184571
10.1077236870596,11.4163337672004,13.4605067529723
10.355601980843,11.5016390005078,13.4014370368123
10.9406177420956,10.7596164185001,11.1400844871216
10.122531694211,11.2985322988586,12.2992193808092
12.976894294693,12.1138935901041,12.6974921258611
9.88500932281505,10.4635618481882,12.1776599324812
11.7206455270879,10.2792169237398,12.153930363642
9.9775479851911,10.4756864722966,12.0365220832436
12.2824608796424,10.3960645328263,12.0664509127143
9.2682852776532,10.4583719707986,12.1107368758568
13.6522166226471,10.5523056065738,12.1669678269542
11.3585279066977,10.6069098507722,12.2306962093191
9.13018065726602,9.97125113804269,11.1375685909305
10.6946540582149,9.66565904735162,11.2047922179118
8.88099240952966,9.70976674990344,11.263906224964
10.4765107436369,9.73936017480729,11.3149712853769
11.4422437056147,9.72814396679349,11.3499476538954
12.5853768241943,10.1917652438077,12.2751637601976
11.9543449338371,10.2883316316582,12.289124112268
12.2851917677663,10.3264401223374,12.2975128959251
10.7807679307395,10.2382128148834,12.2990696441426
6.61864908093235,10.3069161199656,12.3019210777719
4.94269551802618,10.7478998754508,13.1669952540841
11.7170478064753,10.8594169212523,13.1662619785406
12.2904562563446,10.8927300539231,13.1660718355696
12.5512498661371,10.9976039696217,13.1713378859898
11.683876090697,11.0802898036709,13.1834047773079
7.49116064446318,10.66595533211,12.3637853805101
9.18545161924908,10.3388255768636,12.387558769097
9.80831608366015,10.3203510534962,12.415213568071
8.48719018101386,10.3831081882702,12.4455888439946
5.65766472943956,10.1598103359744,12.5053627366907
10.5314617196059,10.9170389598677,13.7041355001633
10.6329599440776,12.3061595928992,14.135466277712
10.5224792048595,11.0624268136832,13.4362083519001
7.98489008576345,11.1436139839192,13.181451672467
13.3355621913695,11.1768136123568,13.0390451726443
14.2911789903892,11.0922293555832,14.1723620015455
12.2686943317177,12.9520528489379,14.5119936372567
13.6798615130027,12.2124396445098,14.1293831299475
12.4577993511633,12.1806064204052,13.0026811935759
8.93624154041503,11.9419098306389,13.6332539658885
15.0073271340522,11.4948337379247,13.4239752609786
9.42258052825005,11.4289311405545,13.5187779233747
13.3090804023725,11.505101469911,13.5421756328111
12.4511935833587,12.3395579834298,13.743223932952
15.7873025194741,14.9855610447217,15.0314032445017
12.00456172664,13.2377443134455,14.9211757333061
9.78585045877685,11.5612356578745,14.2052446866352
9.64448933439306,11.5897861349876,13.9592060536382
11.0676811912597,11.5109784771382,13.8745548302714
13.3743653727053,11.5958766228929,13.8146060787532
11.4419811068598,10.4270885222708,11.6569996832007
10.5376062825865,10.4377658384857,11.7961780696467
8.89089957975185,10.4046252305807,11.9559333796514
10.2114504009178,10.3959835730359,11.969361541492
11.5789930659191,10.5315988880579,11.9520004008831
11.6015472781333,10.5734535155931,11.839194036569
10.4413310915748,10.3972756244506,11.8745001095956
10.3057085923275,10.4740060927866,11.9274026976696
9.05532139971433,10.5374214819001,11.9949509680968
8.84047337171478,10.6042136755302,12.0807408426757
12.8764263024755,9.99600820016342,11.0231386137084
9.17078383026915,9.66556183227702,11.1267254791076
6.27824964753057,9.67323445457408,11.203210029865
8.56754201378533,9.56990541939509,11.2718987224084
11.1325075842852,9.35463528230729,11.3209878078704
10.6382059175806,9.95178108339275,12.2604533201315
10.6923004529803,10.2814874258142,12.2829186079535
9.98048584425684,10.3013365341192,12.2997168540837
9.90869409325163,10.3988879858169,12.3138179900184
7.9797589196456,10.3715798741552,12.3293657307891
13.3144428359859,12.1743603115993,13.2592160898149
12.5398706164388,10.863788895574,13.2067705361101
13.8082636125685,10.916439430229,13.2024703845702
11.9660050678481,10.9310753011637,13.2090971692862
9.85059372791068,10.9588446904728,13.2212965096046
6.51544181297001,10.2089734025936,12.3978349058067
9.83832095800517,10.1537224466891,12.4157226051063
7.77047631374069,10.1881148522305,12.4327628510384
11.3705911641993,10.313354919606,12.4431924035056
11.5952891721497,10.3439229820096,12.4617209734703
12.4531391964927,10.8761882980102,13.537280735039
14.2967536811102,11.0554460987936,13.4646326395358
11.5326829116114,11.0441252169199,13.2564553255987
9.39262661617475,11.1439104101096,13.0543111867296
12.3610969242826,11.2197862009177,12.8372087267956
10.9509207116598,11.6123832421116,14.0561186328631
15.0673928693613,13.6833721811378,14.6604821474557
14.5704023525556,12.675327117618,14.2741336493442
12.0963204309965,11.8097616250943,13.8275750825197
11.4404751707222,11.6999426137816,13.8310950099167
6.34962243568789,11.429815188587,13.4017261905797
7.83370610531087,11.4507372526032,13.449910368239
10.7984539142005,11.5744338683806,13.3901131958946
12.3261120889754,12.1917064901031,12.5164446311803
14.4520390513136,15.0777912553414,15.3862970293834
12.6201405761189,15.2670933348783,16.6560713038451
11.5225206031219,11.5079406508684,14.1697184738636
13.3860564611139,11.5775277486609,13.9498350593753
12.8649062745431,11.6018441414614,13.871458581669
12.8006486738104,11.6455552107451,13.8178983388721
9.71834051457044,10.3257220775827,11.7007511775628
13.0842250889385,10.3669208967415,11.6949348766129
7.41699173462424,10.3295911713078,11.7187599816928
7.83495286851619,10.3460225612357,11.7301305333875
13.1073850360041,10.4001231951907,11.7359704496622
17.3858216514283,10.4267205389025,11.6279190849774
9.29410844494055,10.4089753188781,11.6728290469572
10.0969240521473,10.4684998625063,11.7256128593876
9.61191790732815,10.5077346291256,11.7500340891766
10.1405345152675,10.508430841721,11.8898619090049
8.41129830356945,9.86813234307292,10.9009419274936
8.98403862810228,9.7150293804317,11.0612503209533
8.94244605405273,9.58326146342425,11.1679766856447
8.68224220760364,9.40209398286778,11.2504581051648
7.20060974325774,9.47728257447808,11.306065429066
7.40328759462275,10.1988511030574,12.2548038209916
10.9997093084694,10.3011255812843,12.2855059909263
10.181636054596,10.3469443867985,12.3067144999127
10.8608626823603,10.4441648320899,12.3247782179678
11.6115688145693,10.472803428666,12.3482428045075
10.661684314751,11.9233950063539,13.2668342513906
14.3544343404252,10.8557649134946,13.2343197607922
12.9636687504106,10.9077159576668,13.234346897347
11.2933505907497,10.9252369267248,13.2428660591254
11.0293750164674,10.9579594252952,13.2539072052785
7.3509914244846,10.3074353601598,12.4290246384773
11.2054016121155,10.2078949888839,12.4381436618037
7.97770823620177,10.2301779751447,12.4433912806001
8.13949576295496,10.3022050107632,12.4350226042787
11.9612212983679,10.3190788501709,12.4141527920731
9.00249262484143,10.8365107121529,13.4026295644052
10.1447319284235,11.0469370967579,13.3021033455869
12.1937808750522,11.1978497536796,13.1304434741763
12.6414795531836,11.9827555471811,12.8372675555862
11.7884486683905,11.5795876654898,11.8535421391188
11.1804709077066,11.630678681074,13.7751403922339
16.5249278472466,11.7437926280445,14.0016436193447
9.01498759871036,12.3736302551759,14.1054759506349
9.20465812515446,11.7838421572377,13.9432349887268
11.4075332345864,11.7172665741603,13.8654045160977
10.657035798525,11.4098651188773,13.391239040564
11.9621575159062,11.4217308745238,13.4146568221781
14.2708107886535,11.4630069114784,13.4136884754957
13.8896295336402,11.5263038888551,13.443139181473
11.552473884505,12.0103289057954,13.9567500071077
11.3304865425419,11.4053248902286,13.6986521458601
8.67196210374218,11.5432202286319,13.9549557840017
11.6224936481886,11.5765585783655,13.8456405170365
12.9795074331503,11.6045969115739,13.8481040257051
15.0859304299331,11.612821192144,13.8153910720161
10.5111889215118,10.4475364073664,11.5171073948792
10.6941574430864,10.556861308454,11.06268769781
7.26555447164557,10.3617971057004,11.496706423318
10.0625702515773,10.4834740527753,11.5092262234728
12.9330336563721,10.3905041008405,11.5129311605088
15.6245493432607,10.37862217787,11.4116170073448
9.02034224265549,10.3828023872375,11.4625851005072
10.3046566194971,10.4134986833096,11.5217515614161
10.3373650176891,10.402312156222,11.0023271157252
10.8955333919359,10.522540162624,11.412923750128
10.2813857615902,9.80661657275953,10.8542569016139
8.9516823672732,9.69900842810091,11.022583724324
6.40362461869474,9.50166609208418,11.151917549041
12.6742238414625,9.53844907241563,11.2419277162247
8.82692578777674,9.96600171320565,11.3022006352164
11.0791032631626,10.3394001035784,12.2565270173921
14.300912924837,10.315782973767,12.292539167175
9.52461150759457,10.3917478197452,12.3174391640013
10.1001029596882,10.4587512900507,12.3378837951147
10.3041764445352,10.639306696144,12.3577624640405
8.66552876255814,10.8082348115729,13.2349882145123
9.44931163388611,10.856538825066,13.2487979278467
8.27808431149351,10.8979244766755,13.2602563621529
8.51741551647239,10.9292619875528,13.2736087693036
14.7018844488625,10.9596587997485,13.2842954092099
15.7557673599576,10.1389278503664,12.455717019168
9.76813829049968,10.0394142954891,12.4581764417731
11.0044576046552,10.1406894528234,12.4602059346518
12.252430914282,10.2868862759989,12.4523311198984
8.28461567482089,10.4437301607088,12.3950530147097
11.2034253881472,10.9961304185345,13.3495744988669
11.5812638224945,11.0627225747535,13.2308642585364
10.7736540406918,11.1714180291716,13.0849015800727
13.4474765454443,11.6739487704881,12.8308841974174
10.078095901637,11.4344012807029,12.6122065150668
11.6937498547812,11.8060379931607,13.6302734214285
12.1638172730406,11.9443662716535,13.6127896502949
14.355749489233,13.229836072173,14.1258531180025
11.2566356851071,13.1123631974989,14.1153969533212
10.3608297559629,11.7147436373942,13.8519248810943
8.48260009001374,11.4774281232809,13.3500367983065
13.4613787758391,11.44368301013,13.3713675431329
14.2747498884039,11.4964108952805,13.4030425891033
13.3228308427518,11.5676182228112,13.4203216294432
10.5952732096217,11.4036509446665,12.7236832946755
10.8445676609631,11.1121800664715,12.118984957657
9.00415186880867,11.4646281401769,13.5743071788292
14.9008584328228,11.6290835045898,13.7917760512246
15.9798479409469,11.6571913312901,13.8164716394789
14.1241608587161,11.6029702103979,13.8043542800578
9.44047346829482,10.3840979591767,11.5319549469159
9.5589295866199,10.5089598328116,11.1755939212974
12.8327314314237,10.4395159514514,11.3546830777514
13.5399027604712,10.6031277045666,11.2989882737429
9.01957821654294,10.5712089284892,11.2443888136005
10.9782713924612,10.4655981108338,11.1537231809465
8.20640246016514,10.4676582218267,11.2844952460516
7.96993274123396,10.4474042676535,11.3989729167185
8.2162734942189,10.3679190851815,10.951070228221
7.678375698482,10.4107113222895,11.3638590265836
8.02303128740302,10.2892098707951,10.9019543860396
10.6245117557926,9.84766261860259,11.0507669180455
10.191623938952,9.5642005934043,11.1704328479015
11.4280970816967,9.79447888991035,11.2554954207394
10.0544535271433,9.75408763201418,11.3155331571391
10.1252264755914,9.91125195916231,12.2692009121535
11.0224079632817,10.5413730018723,12.3057027022682
10.6190559800327,10.2412412802077,12.3303222071996
7.46752719270981,10.5119279055721,12.3519075866852
8.04399869597878,10.353327527966,12.3712924275526
8.61857269758033,10.6878465896891,13.2496892030737
10.2590038057857,10.8581723476249,13.2681627097191
7.60446075478121,10.9054038045551,13.2860841042576
11.7403506783887,10.9223840304217,13.3028316038342
12.0481005483324,10.9353264602414,13.3138548607851
16.8103362460499,10.8044659574013,12.4787971509761
11.708610548221,10.4565450298515,12.4778814161555
11.7770987983875,10.4069065731184,12.4822864512671
12.7235140455598,11.8807304813825,12.6350584917594
13.0912412774041,10.4499655179251,12.4213769996993
10.378946752955,11.0254869803324,13.3184537778821
14.0108343089378,11.0623627533363,13.1906582706142
11.5458513522186,11.1145553643549,13.0585312668606
8.09507091672356,11.1829862051905,12.9096696041956
9.00239597188576,11.1590275035893,12.730565993574
12.8174273509884,12.2167257089867,13.2175333576783
12.3510243502768,12.1280356578253,13.3380887736531
11.4810160335525,11.6651208351865,13.7459792136689
11.2188370358125,11.7435960734956,13.8069303074668
12.5266572346975,11.7993930737705,13.7796856950872
11.0761023153236,11.5366708897568,13.2951439025131
11.7318417376648,11.4865754543831,13.3184690622329
9.42830593596564,11.4276134801735,13.3447297160234
8.10362109901198,11.5746960266129,13.3424539439711
12.5558599611556,11.6702374743878,13.3463412528272
9.1934498034112,11.5127990095588,13.3383438556807
10.8626871870306,11.5324890050585,13.6047185281111
13.5867418028008,11.645420736359,13.7366134379252
7.73760259382505,11.7398629300717,13.8129095124157
8.31092955952524,11.6125739515264,13.8112223339068
9.73796760757779,10.0646645889459,10.6123387669906
10.2522012322562,9.98774608979525,10.4470189331338
14.3641419017826,10.0471671034914,10.2977362317495
13.8268523096804,10.1003468331884,10.0623791538144
7.71854879373646,10.0253493221445,9.87423532590716
7.10851413134475,9.76548331322998,9.38383091364951
10.0875562292881,9.51664503304115,9.83788667396171
7.35590382761691,9.63508836621089,10.0764295094304
7.55130763090531,10.0068944631064,10.3174781102422
8.03812022547235,10.2077458650378,10.6793359751961
9.67317140733905,12.2143625032727,13.3310524641398
9.28840839199108,10.818134388861,13.0291806407476
11.494336867565,10.2732921376874,13.0492201953165
16.7064841446314,10.5375292204942,13.1172119587711
11.1823899469767,10.6264298968484,13.1775949885641
11.276480593982,10.9459164391426,13.6505735292945
10.0888218167747,11.2040059059087,13.6850277738261
9.2136283850709,11.2622979225411,13.7103004519986
10.3858920169063,11.4521312446061,13.7296722287989
9.37817381301662,11.414182442081,13.7472865118465
6.49438523850416,10.2097378635955,12.5476948240676
8.7989292477316,10.5475930436849,12.5704508023341
10.6675432703632,10.4063704907672,12.5951757997748
8.74886062674299,10.4232120089806,12.6192378163181
11.0344973854345,10.5316388214484,12.6289447426082
9.12994607119713,11.0135990856885,13.8543744081284
11.6282162977449,11.1281174808371,13.8479646794156
11.8640234944845,11.2350375561658,13.852525075243
9.8908310043139,11.9064749272366,13.9758022835944
14.8466156152155,11.5847972187368,13.8956684047949
11.7063620829305,11.3121690671523,14.5340462243259
12.2158841129958,11.8963827027831,14.3757264016888
13.5040335706841,11.8992508379286,14.2429419446043
12.424197656589,11.868580047548,14.1807309237321
13.9684851941363,12.1523489846478,14.1841948271844
11.6817593064771,11.4387255503492,13.0742483503216
14.4945583052458,11.4678336406621,12.939085492803
12.6942586559452,11.5046208325867,12.9024503652572
9.3190122959176,11.5623173161069,12.8715094151745
11.432109919357,11.6188394555636,12.9439537368015
12.959090370018,11.5464559720106,13.1176981216607
15.3424750193589,11.5451034152091,13.1460133002591
10.3598821268612,11.5814462298471,13.1693175870484
12.2363071155062,11.6259441767389,13.193687233914
10.0067851035663,11.7437737004653,13.226857261553
10.5181223576049,11.852397191307,13.9661847615247
11.8973967550454,11.7814082257816,14.1011976535272
12.430247227766,11.9309108163204,14.2781448589439
13.9893669634512,11.9904699469797,14.4300097732143
8.77563463809889,11.9865818720818,14.3809755779993
10.6268012345234,9.93935682728892,10.6240317092327
10.887829689716,9.95631373570537,10.4503850553034
9.78883545045514,9.99357936240932,10.2345306924701
8.35184253822892,10.047395756784,9.9008255165472
5.8203927410702,7.06428278944319,7.02466733488834
6.58504711321702,8.26509181881188,8.03586010186053
10.7597455548932,9.52731797930889,9.66439417182747
9.19668403963542,9.56086793411903,10.0722566652695
11.3171501313821,9.46570227168036,10.3652257870037
12.0630111168081,10.3549137078913,10.8404965296081
14.0869911531586,12.7375352470683,13.6233303882107
11.0266886649678,11.0095626252875,13.1203092919733
9.29566086292939,10.8429871374799,13.0772269400642
10.7008351049659,11.0194662655953,13.148044262512
11.7249460744975,11.1391511686136,13.2070015772814
11.4787345660259,11.1365038806154,13.6789526077361
9.85429107738434,11.4431181519524,13.7104639701855
15.7773231358965,11.3158485219251,13.7301986342009
10.6047883667485,11.2691718665579,13.7438122898715
13.599661277391,11.4554624130377,13.7583106610997
8.73933767484543,10.2917690763526,12.5567409211638
6.8540553594763,10.2827145970054,12.5796797518004
14.4439162083625,10.3943702688826,12.6133864136744
10.1232822061396,10.3103681431037,12.6638853910468
8.55042939315699,10.6682257650693,12.6809594464439
9.12950915049248,11.1085406355449,13.887695396742
11.6469067872126,11.1422586560729,13.8392202662849
7.22156483166938,11.1890443264253,13.8453971050418
12.3881485612615,12.1599697506594,14.0589905225276
14.6316856817452,14.2172364054209,14.4811202716137
13.9752362733848,11.8190064047387,14.535159378248
11.538765220174,11.7747389369082,14.3330732980501
9.03698545299443,11.8799254749473,14.1945086470439
13.5932476916787,12.320224783743,14.2239232169066
14.8560960426038,14.2472300994833,14.4282526381861
9.45859217062437,11.4688348455017,13.0779468261062
13.5564420866388,11.4664606728371,12.9018445909416
13.0874182268025,11.4673149651742,12.5613336325202
13.0423405409461,11.5550686679842,12.7020219300386
8.09704140805678,11.5646377798702,12.8636157681299
10.7393533254551,11.5458243749476,13.0734223371873
9.49560829742935,11.5819109887204,13.1126865751301
13.1556128551813,11.6227222329531,13.1299741684377
11.5120780996456,11.6612776768178,13.1401621193788
10.5917643963702,11.7596932946177,13.1615380665148
8.52404044850222,11.8401604906689,13.8959097184425
12.4824762974008,11.8914175891413,14.0402484535797
15.2203672873925,11.9479272053693,14.319737026566
16.7436514815414,14.6812263422548,15.8259001318518
12.945234441594,12.0690235213184,14.5877672435185
8.02805157994972,9.9369146519454,10.6514507292331
9.44638072808452,9.96677391058835,10.4776525541866
8.63771459383856,10.0030568469156,10.2868572637608
8.49449642404981,10.0296118256975,9.85889983465781
10.9799120734146,9.67692997973862,9.45198156294145
8.54475580703438,9.64999963778512,9.40899148886942
7.60022222125868,9.53385772465959,9.81179279736989
8.93797313172059,9.6307800788876,10.1226977545531
10.3090476912956,9.41677301990437,10.3982880502285
8.80046650911973,9.83335682697188,10.6720886787648
10.2288124820681,10.7037365431812,12.8822635036493
9.5527376851053,10.9795243993323,13.0230475940321
11.4379866051423,10.8220688452626,13.1001725843488
12.3931204966548,11.064013878,13.1834790727519
8.59422879350701,10.8627630123395,13.2462719360633
10.3760872446384,11.1614968014768,13.7164510482815
10.4840459376431,11.302291059587,13.741135082217
13.626336141133,11.264272777847,13.7507159064524
15.2127094266777,11.4037596069765,13.7577416641227
11.586711358745,11.5634854767667,13.7622917704579
12.2661807837464,10.2673165228159,12.5549634857142
10.1128814518605,10.3227734507201,12.5767681545126
7.01424330155984,10.4700262100744,12.6112413880165
10.0180415461991,10.4159172778633,12.716493483826
11.2612092827111,12.328483331531,13.3348488191395
11.4342177912166,11.3172035408805,14.0307888258669
11.746637623257,11.289718208136,13.8253396559094
13.1144515956122,11.2285987055463,13.7652987112947
10.5185480192063,11.2392554351357,13.7171877817718
13.0179174984366,11.5854950033573,13.6993222901339
13.8704102718469,11.8795428484252,14.4347077594695
9.94973061176879,11.8700866791342,14.2581217132706
12.0323104659901,12.0322701980047,14.0998368304673
10.0890797151071,12.3897796266686,13.7162612292168
13.2528357109287,12.640921767532,13.4589483563957
9.60374990767379,11.4293360946375,12.9965118375851
12.1584181046354,11.4610550282605,12.8533935775978
13.2637844707072,11.3222419401679,11.9686174056316
11.1660331881698,11.3559851831103,11.9239157339838
13.3687594091274,11.5608975105839,12.81272749004
12.8385272200114,11.5554861152584,13.0583001017709
9.06287647464312,11.582072654161,13.0986724388054
10.7313858480802,11.6185187146993,13.1130615548548
11.1292384582164,11.6610006585306,13.0884483206132
12.7813084503627,11.6860642558609,12.8649130072582
12.708998991098,11.9253792664978,12.9462778844391
13.5628275293007,11.9168231563373,13.9113230767299
12.5935005589834,11.9661097692287,14.2725014591517
12.8921323432618,13.6917001988068,15.2678694162564
12.7548726502813,12.2448640117237,14.4833351333803
13.3296979237718,9.94176900482416,10.6996288054954
10.9281357757523,9.97346861143432,10.549136596359
7.98498438047599,10.000938249105,10.3881605915744
7.5611022897948,10.0411235160611,10.2283838482859
8.21026427536733,9.95371763855208,10.1213997591761
8.90081487931445,9.55269768233292,9.71403351808486
8.51368864513843,9.37799894806755,9.98038886126287
12.6572183426481,9.54958943805955,10.2144871879056
10.0008043020704,9.61864273566859,10.4563931250997
12.9316331170843,9.99437455156238,10.6805748541405
8.78839047215276,10.6546608062693,12.8255414596585
10.607735062284,10.8080420889617,12.9989005479889
10.233888695877,10.8132555216364,13.1252283980195
13.656872594815,10.8051143073957,13.2183773393323
14.5907650129343,10.8821488257596,13.2900957956315
10.292825828099,11.2551972628282,13.7588551588792
8.36254933851712,11.3328913933801,13.7787868192782
10.3334743793684,11.2393893774559,13.7791102435048
11.8990315121865,11.5451578220164,13.7681472055962
13.4085397128459,11.5511633467951,13.7583307185712
10.1460582710063,10.7880564004216,12.5406607591078
9.80079789542592,10.3369369489797,12.5571365323518
9.93935891880683,10.4388446380472,12.589729880349
14.71254674358,10.3262050089589,12.7119629695274
13.9849243843644,12.3970569049913,13.4259594836476
8.10484673332578,11.2287294406999,13.9566569197356
11.5675150793402,11.2907588787495,13.761802540399
12.585605731914,11.2135780764282,13.6787671749867
9.92939810189195,11.3100867324654,13.6057491936721
9.07156600077572,11.3608015829656,13.5315367727533
9.5129672486825,11.7774498244751,14.3157743289444
11.0361356604393,11.9848974406297,14.1833598306429
12.7192470513394,11.941157572586,13.9918542293659
14.0130196347824,11.8801546789388,13.8327405195465
15.0416291294849,12.3924634562656,13.5994492063534
11.1433354185277,11.525584133036,12.9811082134799
7.37658331203009,11.4518165527638,12.9025863091061
13.1366471575571,11.5000382019168,12.8449999404844
12.7944195807955,11.5558745890628,12.8030024759192
12.3253471165273,11.5743879509521,12.8826928026089
15.116838456806,11.5692519808932,13.093768750191
9.02039002569037,11.5798681783758,13.1139467266878
8.70270451547346,11.6191371417217,13.1162679747529
10.764231967301,11.6618692063089,13.0559287174453
10.5188174976775,11.7368378574606,12.7758784032588
11.9800993358891,11.9580587548742,12.9454466800884
12.7941475080445,11.920618968742,13.8329170326243
12.9067978023217,11.9606210340538,14.0776311635704
10.2417643613346,11.9778066136465,14.226075076685
12.3618532761187,11.9852773482972,14.223646295742
10.2860010958648,9.94253606064505,10.7656767087367
8.74895959013403,9.9677087467726,10.6353970106841
11.3411125931263,10.006674488028,10.5054887789026
9.25981906970819,10.0345322080701,10.4195789666939
10.7249403601277,10.0662178566426,10.3699325344409
9.41111575963331,9.49711800836228,9.9955019398782
9.31732965868685,9.56348878423914,10.1341082085888
9.42578822423937,9.29412810913038,10.3100912256269
11.7186591586459,9.46994515099917,10.5150635456234
9.32104201524029,9.59695799043299,10.7248149421042
11.2276904867866,10.3506693013405,12.8534086115134
10.1108052776759,10.768631792194,13.0221343777431
11.7822298631687,10.8311018262687,13.1664641937687
8.7142318726959,10.851480055779,13.2769851066345
9.30139641397813,10.977701912984,13.353666477581
11.8888182242617,11.2343269112994,13.8154444258931
8.40110281317098,11.282565461579,13.8222742649998
12.2802773224735,11.0666566119425,13.8012111003113
14.6091900183975,11.2691860095282,13.772960276461
10.8497393926152,11.5640773873286,13.7428758068517
13.1751807151853,10.7623368070645,12.5082836520718
9.90551687908291,10.2266768202216,12.4983022762475
10.1345212993439,9.88027203143021,12.5093931542189
11.0620566333092,10.1656219351461,12.547207775841
12.0593207924833,10.3819955792715,12.5905323376331
11.8243708518824,10.9498801566832,13.7341335302111
9.40864163552654,11.2330088351275,13.6642452680977
12.6208744467973,10.957464720885,13.5865132082749
12.2878098267092,11.2848279068806,13.5077284575311
15.9169694355526,11.0511100356474,13.4210286801845
8.54736333603576,11.8916688426336,14.2251827292783
10.7476479387483,11.9804613450597,14.1153560435891
13.4035855395711,11.915045443104,13.946610158263
12.8077061703786,12.45027246477,13.1814549628818
10.4163472325742,11.8407221516958,13.7945092803538
10.4422538292693,11.5094049349732,13.0175748226589
10.3299809665438,11.3067238669462,13.0001356645038
11.0826645686936,11.5137235291453,12.9764626233042
11.4145403575266,11.503592517528,12.9750661988392
11.0109194761481,11.4664315450198,12.9890163110692
14.6992982840043,11.54701664904,13.1478670537456
16.4898832694811,11.5160891866055,13.1563114709643
11.6636113717196,11.6201313570684,13.1520576313542
11.9797627739433,11.6516738500476,13.1367056366777
8.5945301933197,11.6545811645487,13.1082592983979
10.385432700901,11.8319561045217,13.7657612910975
11.1676737427834,11.9138973941102,13.877064007071
13.9165172558279,11.9055013055597,13.9794398403597
8.8920872648071,11.9665895435323,14.0512427849056
11.5483012089996,11.9671340073099,14.0896087316318
10.9049554398561,9.97516500556467,11.1203558235493
9.70203459139047,10.010322834403,11.0053840683436
7.41978734345748,10.0441328586247,10.9041525606846
8.95409852912414,10.0647685626248,10.8286133201437
9.46514205721629,10.1261028825425,10.8117244959575
9.06853814112579,9.65748282457648,10.5708106997199
6.6589839620887,9.69393247696874,10.6686815085681
7.55257436717743,9.80910212990352,10.8285156642686
10.9871167028759,9.60257610461567,11.0071336632934
7.0440625922038,9.81061593048552,11.1978446816815
7.3651199857975,10.443633151829,12.478643958076
10.8019980663856,10.5284212715569,12.6519619968042
11.4006266621383,10.5353665440002,12.8050235604916
6.99109112631719,10.6398273987514,12.9490116914697
11.9611530648885,10.6839661977729,13.0267928717172
8.90609378772036,10.7132469679844,13.1440990070223
13.4547979651831,10.7779361312682,13.1327534976627
14.2370528333325,10.7629262866934,13.0806697546061
11.8171351039498,10.9351560947205,13.0279302323968
7.62090986766952,11.0066411776544,12.9757621452709
11.6104887359614,11.0372744208048,13.2999019327185
12.0866649456949,10.7210095557024,13.2680060269244
13.9581931754886,10.9831583195657,13.2547836591417
13.4930737836173,10.7209351492788,13.2563247078833
13.0824248992642,10.8175833537169,13.2521180969553
10.2862187746638,10.7366053513776,12.649001996295
12.8740085960719,10.8676595459453,12.5975859462909
10.4568804941126,10.743850393315,12.5337861947503
9.53060578066951,10.7920297717438,12.4578547091003
11.1414323209636,10.9723758311032,12.3724423339005
10.0814764033819,11.4692145947353,13.5786061645802
13.823581586397,11.5710474081757,13.5104325549882
10.270746755721,12.5587186903475,13.7990320947065
14.5255134945671,13.6656201906701,14.1288913227044
13.2366288530978,11.6001977758233,13.3024382421807
8.00131421063259,11.2391835395736,12.9821757306094
8.21492231466747,11.1535497044687,12.981350284261
13.293226506947,11.2265476494263,12.9850557739263
9.04069331277613,11.2753554178757,12.9883967215857
8.45892698467781,11.3411756686173,12.9889939836362
12.3745364209232,11.3761811049463,13.2246196662224
10.8357467387007,11.3867189602258,13.2221445167397
15.5361917088033,11.500540498499,13.2098286906351
10.5525472011415,11.5158168901247,13.1995397361637
8.76320808936866,11.5009376021552,13.1896843432234
9.57284978719916,11.6191219504461,13.2803719290287
11.9825370616341,11.7495645935949,13.3067069581094
11.1701605577956,11.7019917628974,13.3626309370095
12.3831684585861,11.7733757995705,13.3962535997313
10.8493237315418,11.853569647222,13.4313369380595
13.7736265113174,9.9735082795316,11.1906267728555
7.48543727688183,10.0110925940216,11.0859806938909
11.6637752111551,10.0509641561072,10.9930305161529
9.41461762919852,10.0906827343563,10.9329278608893
11.2988848910047,10.018998954243,10.9226928140139
9.49917915646837,9.84137927002838,10.6568609360127
7.44995154845488,9.86737810871919,10.7561131430963
10.1012672328433,9.75029043151916,10.8978641365205
11.2816683202386,9.80882471154258,11.06508277939
8.02108923336195,9.88306946885735,11.2451584862444
8.80877248019215,10.4177636155236,12.5201650231038
11.7595994181399,10.4579525596703,12.6955162288763
10.0612184684146,10.4917773599631,12.8655031996022
12.4082096289978,10.5283028862759,13.0232208861638
11.7644051639616,10.5741194657289,13.2411033206662
10.5055683178017,10.7070101984923,13.306996408933
11.7358205815624,10.7547434520616,13.1967348550535
11.9515994065878,10.7834541572308,13.1034816817133
5.9562880756707,10.8057300181883,13.0233062876404
10.206976323265,10.8695075075776,12.940968865254
10.4523701930494,10.9353682716227,13.2315115913546
12.5503759106266,10.9589679893309,13.1696456644611
10.0158202719052,10.9724782789877,13.121197907995
9.53888354191386,11.0225833375685,13.1234944009322
9.6642866103043,11.138283223479,13.1222812339206
8.96575933898754,10.8847411308314,12.5352020903214
8.31819211602353,10.7161206043319,12.4954323517321
10.9274382763748,10.7698026866402,12.440525879667
13.4282194891068,10.8037191968591,12.3715841106787
11.2758696159966,10.8967565671733,12.28979624808
12.0667805473576,11.2014281731219,13.4916077170456
11.0346462001861,11.4749455562446,13.3482710788418
8.66348923572427,11.5324449793509,13.3339432066088
9.80153961619556,11.5209514230194,13.3559574615458
11.376236780255,11.400956881379,13.3707725352332
8.77410716189708,11.1692322199849,13.0158885431557
11.3749874798424,11.1580237688425,13.0499611399816
9.54177183589027,11.2244445866225,13.0817714941859
12.681931737287,11.3079786678736,13.0876940942055
11.3045876951494,11.3230230925907,13.0720487136567
10.2414375330786,11.3848440459392,13.2953297467621
8.01009441678502,11.3966424369291,13.2828220326851
7.88822327238934,11.4916906056898,13.265084315912
11.6209400997181,11.4960721767218,13.2454099920299
12.3270745339954,11.5384939195879,13.2263928380232
15.8960626612769,11.5772010431886,13.3001976942206
9.84326605989906,11.6544820565091,13.299887334223
8.22299801455479,11.7165695960778,13.2967496459009
7.8221380656348,11.80740639445,13.3035914079594
16.1394603742067,11.7934114943493,13.3432064911411
12.3623696965297,9.97401292189209,11.2585127958281
11.0622437325273,10.0120543296956,11.154134314957
6.40149501389408,10.0518423564268,11.0590007379409
9.77212096010527,10.0901143500791,10.9891080201805
11.0048986471797,10.108002120714,10.9665270845863
11.9166500026637,9.86466003061038,10.7115347348973
13.0075683261502,9.91028580331992,10.8040928135861
10.4868278289025,9.95224863459351,10.9464413158934
9.14392462639352,9.97541763809211,11.1112532481977
8.63597634016455,10.1074164357011,11.2868134838544
7.16907285749518,10.4238343591219,12.5581422113117
9.595231899718,10.4699139565637,12.7363273354729
11.7573976054067,10.4966860552989,12.9202956100032
11.8589712878788,10.5324623478747,13.1521217901384
15.2898881342134,12.7590293831198,14.2648167190183
12.7074813887569,12.5460081144244,14.1655877571607
8.27283197682511,10.7488002894336,13.2824853895368
9.79915031866524,10.836384150114,13.114596532238
8.17526901897298,10.7882900741251,13.0074287414676
12.5934136566271,10.8868951846416,12.9040108937916
10.5847036330777,10.9432417440791,13.1689610457102
8.60083960707174,11.1204701450121,12.946211160198
11.9437364045282,11.5790552429915,12.5394638079928
12.57943862756,11.0908493661143,12.9404486468409
7.58282626159619,11.1032995839226,13.0192044619243
12.0574502467744,10.8640477766981,12.4385457532685
9.77158516893789,10.5919672157699,12.4064838027325
8.43521822647703,10.6318931071853,12.3571551686291
11.1794748778525,10.7841911866284,12.2962405234329
9.92388065463715,10.6471563796968,12.2177541022995
13.8298808866494,11.1600015245106,13.4003956020398
13.2010210117918,11.5156123880412,12.9972080122793
11.8789510427723,11.8030190777989,12.1528539500545
9.67448230779847,11.5227283644762,13.2098221209863
11.6064394344334,11.4170850724648,13.2896072543324
14.0497131029079,11.170926697063,13.0081839005982
10.9284832730337,11.1807688865171,13.1530195417777
14.3151407978755,11.9860532274056,13.5331735417775
10.866314873567,11.2861829446048,13.2794178943569
14.6677719055443,11.3358875665253,13.1589034663607
14.2049874418041,11.3198661029606,13.3661876371916
10.1614546286711,11.4500916348289,13.3398785254838
11.3510833457999,11.471290468466,13.3179135277969
10.655097454996,11.4656862726114,13.2955926118032
11.6627205278593,11.4900347340662,13.2658495034075
13.0066220534633,11.4392372481296,13.3130424891862
14.5861716069794,11.644040818458,13.2559633119605
11.5488341344616,11.66777512337,13.2239426137644
14.11181407966,12.1491315264108,13.1094177699958
12.8962811959783,12.467234264186,13.0302558758905
12.2039804872855,9.97154036823361,11.3255516908903
9.61335278268426,10.0109347988152,11.2194840379552
7.94854202379872,10.0497034365812,11.1092432581493
9.57001029695277,10.0912335879161,11.0227319978701
10.042754054311,10.0783310719645,10.9750480008047
10.6579517232009,9.8366946843579,10.7264633964805
9.59399449769156,9.89065394313238,10.8214337739257
12.6601831840166,9.68634688849196,10.9799516788723
8.87046330885703,9.97929081012329,11.1476137288585
10.9695257555541,9.85204616559019,11.3222730023935
12.0198397913614,10.4151444740879,12.5904019421267
10.123062805366,10.4541624293127,12.7595183996919
6.95050275244969,10.5034688890138,12.9356782579808
13.5082398390121,10.5386640702997,13.1984848295909
12.9417712671236,13.0279555832714,14.3018039300937
12.6986352741121,12.5033850002926,14.1358927801351
7.55765478742906,10.7063064888869,13.2603822311258
8.57704325092568,10.7371275208399,13.0909461061055
11.7688317571393,10.7762252115299,12.9762708265229
11.4266161507027,10.8305783435504,12.8645032781997
10.8754368966125,10.8980394312807,13.1074983410918
9.91154266058999,11.2655101331309,12.745293400882
12.0834997055015,11.6445552864051,12.4099583962573
11.1282391719412,11.1138517868288,12.8621147171016
10.97166324939,11.1424954794272,12.9436182248619
8.9417670963245,10.7970760560673,12.3673667291003
9.47723775169418,10.476562821072,12.3356034908369
12.9168622787326,10.6555733966751,12.2916223313645
11.8063310204039,10.7806847877255,12.2305501497079
12.7239827696299,10.8484130064327,12.1581336320259
13.1139558242935,11.1013616263824,13.3609576513776
12.9432605218364,11.5434313270864,13.1391154703679
10.8784703004841,11.6132671330036,12.6991135549525
11.477086161898,11.5128661911685,13.1491555285875
10.7662201556012,11.506136741204,13.2362911586279
10.6076155984628,11.1621015041616,12.9447161008011
11.1583843518094,11.1612578681501,13.0993125639925
11.4262222356638,12.4351537242318,13.6914550436216
12.0591084948361,11.2872705436394,13.2772886332226
11.9500000881043,11.3089691248171,13.27231006641
10.9958049513934,11.3278330672027,13.4407630536001
12.1399888778507,11.4135901023646,13.3911631948165
14.9257766088009,11.9713102941984,13.4011066825297
10.6594909672874,11.7083318400433,13.371389054433
15.1360399938288,11.5046686201968,13.3347373028527
9.81687969397151,11.587869460275,13.3290770916183
12.3298066057833,11.7664297479868,13.0746177637691
12.3897527382386,12.0478537701847,12.7662175875535
9.05952503278886,11.7009872999744,13.1842329959003
9.99962371047995,11.6754614495616,13.240520720833
11.6173142353416,9.96588305531861,11.4031502849635
8.73071334978684,10.01974335805,11.2899031829949
10.3245928820405,10.0470444034435,11.1587286318823
10.5300236528808,10.1046017274671,10.9983233248036
9.96345898730583,10.1315804269687,10.8478198901234
9.66305839797315,10.0265031901997,10.6379593934851
8.18332573685097,10.0209329512843,10.7973390353404
10.864190976617,10.0329592857463,11.0024796792634
9.68619189418883,10.2762959263289,11.1876969338731
13.1834990034304,9.90749573606293,11.3593244009776
13.0118371669415,10.4457958814732,12.6174919930637
11.5545716209674,10.5261813031408,12.767279647839
10.0762366479692,10.499374918215,12.9026916373682
8.97670928037717,10.5263543762809,13.0435553041442
9.67182582656746,10.5971021015302,13.1627921835408
11.1815046723513,10.6378387294451,13.2765232671775
9.86318681987942,10.4553589996085,13.167070488688
12.7153226975519,10.7315123395157,13.0464908124141
13.567831215239,10.6068649945523,12.9375913697368
12.537764525734,10.823684318758,12.8271801066837
11.1874536760596,11.0102922805722,13.0848788164817
8.2524711323943,10.9604422460056,12.9672104268643
12.6449500653661,10.9819951597469,12.9096294817645
9.51639359956896,11.1140330584406,12.9256768909705
13.1778001773309,11.151214841748,12.9386418384721
6.79416467585802,10.9665881339036,12.3171759004352
9.40152133045471,10.6026591253432,12.2802069193463
13.3244768528666,10.5954331275152,12.237142010824
11.8966848465114,10.7012112366188,12.183977966846
9.84979014061573,10.6853891408848,12.1223766729737
13.7005165078116,11.0193705064361,13.3454084105431
13.623354910357,11.195445153691,13.2712323644693
11.1972058141783,11.416544923831,13.2130134941909
8.39083734904677,11.5148506658677,13.2118424818145
11.3497123246968,11.5526991939385,13.1629510425571
10.4970336527641,11.8405290125791,12.4638356021786
12.5362630355344,11.1937298915692,12.9466208353087
13.8972339508195,11.1941300329151,13.1682237339441
12.1827392381107,12.0036723039174,13.3927565135973
13.9462596917172,13.2936443287753,13.7570747849939
10.4018669549508,11.3842979539883,13.4523557201733
12.0868691514453,11.3617276539821,13.4201135259864
13.5327884892859,13.05421537637,13.5076755227765
10.5881284832779,11.6043824624831,13.4333201022855
14.0462609891789,13.0625385018857,13.8167356163317
11.5447763841848,11.6853142076323,13.3961458905304
12.8473656533636,11.5943267737466,13.1878585545822
14.1260106762877,11.9392675531863,12.8508267382161
8.11741962884165,11.7285840991578,13.2105577692402
12.1822469383384,11.6644577333767,13.2661019835851
10.260973267394,9.99064876841635,11.5847135969789
10.4602307926727,10.0503694910325,11.4628876695967
11.6136661012456,10.0757859814282,11.3300129579577
7.39274832603609,10.1371549849576,11.043487409115
9.88111327882453,9.51442849952099,9.8453431959704
11.4709213381768,9.71461713593481,10.4948853002417
8.71154494168198,10.5809508422823,11.7667555667072
12.865966334437,10.772181175539,12.0501635567586
9.63355203132686,10.7432570341813,12.2484425829533
14.4042137823205,10.7379737730184,12.4176734259342
9.73299166124405,10.610451967468,12.8666730415652
9.55743130746131,10.702972497023,12.991717269863
9.47489208392929,10.5861026445068,13.0782749898217
12.9292223652449,12.1590640962225,13.0117256554345
11.3871535963246,11.0299831186569,13.1778847820751
7.92522498576228,10.2320338734868,11.9892787288884
9.53884948198467,10.0724046179046,11.9669710891152
6.74169225783364,10.3331175787133,11.8813524051882
11.3319274277965,10.153726780052,11.7842478329448
11.1429402673076,10.4733965339875,11.6779102381381
4.05329763727872,11.1515862334425,13.3156716068269
11.3105697869783,11.0059399280363,13.2304482224995
13.825560470735,11.0878391578933,13.1891280081474
13.8883592232251,12.420271271582,13.4630035478567
12.2743670611357,11.2370844968804,13.179495587929
10.6675624839147,11.2282857241457,13.3152481230418
9.11103052733201,11.2507048983511,13.2759108931122
10.0671212548523,11.2404567716153,13.234412892688
10.930246132466,11.4920724072389,13.1873928230717
11.4844955240004,11.3133355426612,13.1358532244438
11.4009432061264,10.8921418453701,12.3594002557401
8.24698650103557,10.8736571937658,12.3053153990765
9.22371917116458,10.9600095422066,12.2606060275421
8.00147279467633,11.0671111921416,12.2252211595646
14.0170833993948,11.1480430633057,12.1863954765036
12.5818903254564,12.1888205122171,12.9873377323203
15.388904880782,11.4843202298968,13.5098437549674
13.307610583107,11.6513431331828,13.6774153101661
13.2692430911525,11.7588585927481,13.7878571317831
9.63755484360082,11.7631011110431,13.8393205179125
14.8594710725078,11.2789353834152,12.6797892327779
12.2308676541755,11.174952305551,12.650445938259
12.5137492167098,11.0600230176848,12.6338587436001
8.42562963199196,11.0001992492859,12.6404412397316
9.04276353153047,11.7845645281967,12.7578879416604
9.34902205953293,11.4536709753874,13.1327005266383
11.5943432715051,11.387462569866,13.0414143764107
11.9130981923019,11.4009080039208,13.0024584636835
11.0544093631006,11.5605161818052,13.0033324446335
13.3367324895582,11.6011283694479,13.0288258466096
11.3283944773939,10.0101482117459,11.6996694975616
10.8352142988835,10.0660702311466,11.5894547270083
10.6822035141914,10.1214813977683,11.4461497945023
10.8899909654571,10.1589632096856,11.2468925076669
9.37997487024105,9.16228180172183,9.36610698166714
8.43371724935741,10.0519186615905,10.8319259578422
9.0436266979777,10.6590659011504,11.7660596306449
10.20999818299,10.6978768279261,12.1391289703765
10.1945360110761,10.7109837378778,12.3388073278959
12.336729544152,10.6209679388439,12.4921156482549
8.72042767559071,10.5428502602529,12.9210883218666
11.8809762449225,10.5844835230972,13.0273007172759
9.12133608138726,10.6111811124021,13.0942016725051
9.11351146313352,11.57357376954,13.04499924954
10.3621724197156,10.7050137703329,13.117714180789
10.2643706286618,9.91770487882974,11.9436612246752
11.7606827597434,9.93110606149569,11.9093352151271
10.6529487469703,10.0392351182149,11.8406083464206
7.96132387087375,9.88508826445567,11.7488432182643
12.0249552363419,10.1399605788943,11.6476478746469
12.1851344567771,10.8067107131973,13.278255493157
14.7739593785572,11.0497716070406,13.1451859194211
13.788078337098,11.1033813608016,13.0568182620404
13.7390602725781,12.2777167997259,13.3051373227908
11.7136274958867,11.6109699797485,13.2044580870021
11.2584559415648,11.2988620975555,13.28350407979
12.7084901298557,11.4296290022064,13.2374302902878
12.8969728744456,11.6979608204274,13.2012241599552
8.13560560791136,11.5339572984025,13.163745124997
12.7121200685424,11.2727451824012,13.1247137376791
10.6982752809674,10.8428533368337,12.3531965581729
10.7261587757683,10.8308648567562,12.3068291735935
8.65182835117203,10.9598497030246,12.2597218216249
10.1395875657263,11.0081932920948,12.2186974029774
12.258687731655,10.9336729731704,12.1894461898053
12.3537325142238,11.7222948282433,13.424808209886
13.6729209783356,11.6410806932334,13.5218881282554
11.734574383653,11.7805540921742,13.63699372388
13.9729678798704,11.7693698720595,13.7404256732464
11.2817755902057,11.7665812257115,13.7999852097298
11.455869338118,11.197088712189,12.659481744632
7.58368346711073,11.078299690975,12.6260273584038
12.3700596920575,10.8428177663018,12.5998224627149
11.9155727421826,10.9626744986807,12.5793645808349
11.2220403813651,11.1608875073278,12.5641773988934
10.9794641647765,11.4232495211401,13.1071616551467
10.3010596119173,11.4749188722718,13.063572650775
11.1239047737087,11.4890909548581,13.0409894762993
10.6478563960349,11.5415699077935,13.0371621861496
13.0141212130649,11.6676473686707,13.0419158712837
11.3754606449864,10.0077198983314,11.8293631744576
8.75118009522838,10.0843930496824,11.7509983108423
11.627303336072,10.1541862515845,11.6412932647417
12.1508442510326,10.1507427466202,11.469976237339
10.1682733630172,10.1909594746905,11.2729624413778
8.36875445442604,10.6111866923445,11.937015935502
11.7456778758733,10.7112886254137,12.1776003277721
11.6223943543507,10.6526002936828,12.3442932854535
8.25115572770243,10.7564368632446,12.47204601093
9.46485554382567,10.7842212408971,12.5958375218018
11.9322296248716,10.5322589545744,13.0011282306432
8.78409991241667,10.5612847852207,13.1014739269855
13.7968587764399,10.6221410808801,13.1597730126435
12.1043906946736,10.6970969244401,13.1570036337854
13.1202432564866,10.7611288850532,13.1637888012628
12.5089540864783,10.0192892016284,11.9232995160206
10.3178026287357,9.95989609869411,11.8810239648355
6.32749890260999,10.0952291442539,11.8109309783545
7.19596227814759,10.0132520004734,11.7290101117313
5.99798219623202,10.1202045715264,11.6285632600677
7.43023376291284,10.5806821803377,13.2439031689949
9.72012672465933,11.0387052725426,13.0396558950015
11.7510235014132,11.6075762228051,12.0160698767761
17.5456940790562,11.2675137191362,12.7346274819552
7.98336373921337,11.219552822981,13.0356873158376
12.2434470719738,11.2846306908859,13.2352602422034
13.2508058182944,11.4217505644835,13.2048649554026
9.86375383216389,11.5963861631804,13.1730792464339
11.6780690345004,11.5370454896353,13.1445209008145
10.1982859528005,11.2083860770723,13.1134114434319
12.3229792533615,10.8207910077756,12.3556210039859
9.36690657581597,10.938596760267,12.3125515050383
9.3294305262067,10.9783992189652,12.2607867111168
11.7615176043206,11.0139290708684,12.2001881250957
12.4737123477551,10.8988372968644,12.1532158753023
11.6816042322636,11.6084669848813,13.4327590225513
13.0648448389338,11.6062824001271,13.5265412390147
11.1754979173269,11.7279838110795,13.6174992607811
12.0414905148352,12.3496619262837,13.85504687664
14.3010022774982,13.6272522376409,14.1909603762296
8.26568586547192,10.9559749938923,12.6401449283666
10.0084594783371,10.9606785192404,12.598814352036
11.6940609671134,11.0289336331821,12.5678347170333
12.4720068230013,10.8805129455831,12.5354141397318
11.4070948431075,11.2079609478961,12.5054140576345
8.60862677932416,11.4765647234909,13.0798705884212
16.9127095664246,11.503114969098,13.0640977318187
13.0290972439001,11.4852598360159,13.0577533693924
10.8525706926082,11.4987368433882,13.0547163168815
8.94218688175472,11.569220371209,13.0571819995106
11.549999029823,10.0304980020676,11.9862490438271
9.38724740567804,10.0878130415252,11.9276154066054
9.76082592684509,10.1504534718125,11.8673864826509
9.15288200829948,10.1659447420491,11.8082983969806
8.84326828582186,10.1958662423886,11.7555397005079
9.83326032407598,10.4981891562548,12.401177264006
10.1629040976525,10.6393947625226,12.4688641161362
10.3026102643535,10.7004524906336,12.5391524445603
11.1815514033779,10.7751010230955,12.627023984123
12.9854359275468,10.6843933752597,12.7196458239357
8.72113046679357,10.566618276314,13.1066479251347
9.84049539879704,11.4877963679946,13.3364578610802
10.9756483108762,11.3778356475423,13.3591830397007
10.2873406239228,10.6935955084124,13.2245409191318
14.7551768557747,10.6858471639097,13.1761543979505
11.4326449049972,10.1586861850659,11.9159198564153
12.5317170682087,9.93572473985435,11.8674405033807
8.3518143824076,9.89501879524999,11.8018235081831
10.4660874878558,9.97503646674426,11.7235125341661
7.14691089908567,9.41855494962699,11.6337932062324
8.12380081340786,10.768837267357,13.2668288390537
8.85175745728461,10.9888144738354,13.1343271111614
14.0099698865346,11.2773264556673,12.634097904773
11.7679423636253,11.1429040129059,12.9529746465441
8.55157511920603,11.2967729572721,13.0121363511804
8.90079980679868,11.3361113807605,13.2111728352561
12.2393856303056,11.3718452339891,13.179727061345
11.3022636318983,11.4205319063409,13.1443469647907
14.7429425403052,11.4348071607469,13.130156933655
10.2189793175775,11.6120270473238,13.1178266380889
13.0758381376826,10.7996974793118,12.377187399353
11.2382843637142,10.9040080325972,12.3392339234254
11.0113545606077,10.9656373144229,12.2761264619358
12.4846263493687,11.0147625431282,12.1701570025976
11.4996888329011,11.1272412733731,11.7341492784674
13.4383325803073,12.1565707753007,12.8460772128345
9.41419751257512,12.1025675694908,13.4918027855605
8.7425588030725,11.743801240592,13.5893516336642
11.1323144783877,11.778518027814,13.7008277836892
10.1927681062525,11.3774517922809,13.7560035172566
11.8766609031908,10.9376297663576,12.620071251001
10.9610423191531,10.856032020657,12.5693146511221
10.0788102625919,11.1258309835392,12.514833561287
14.4490636566527,11.0875457230883,12.4745373809569
9.63128459343345,11.2453206703797,12.4533351116906
13.5147077628462,11.489335345946,13.0551671747318
9.84605160781057,11.532623733642,13.0590498208701
9.33431942541555,11.5156147543899,13.0665350138836
11.775600931267,11.5469075184183,13.0696363756241
10.0945539964023,11.5246102265031,13.0711284300912
8.59789597824208,10.0211455839034,12.1445290712662
9.77085557242575,10.0812225201067,12.1315740621306
8.81406302988305,10.1096251188103,12.1109442172237
7.87158431503113,10.1673062161933,12.0945183169998
12.486817986229,10.4079735303166,12.1155108277991
13.1890724412921,10.8791781585088,12.8193555931968
10.8064120690944,10.5936992506836,12.756875942105
9.5578074483842,10.7372535215847,12.7517695670772
10.018489833031,10.6345805633177,12.7861398927553
11.2680752199789,10.7555884782254,12.8308657796921
10.0149536602321,10.6501039202789,13.2029050931131
10.6287417116524,12.3312642223674,13.5448128227964
13.7957013522712,12.0858355837259,13.5278118024454
10.6881133248297,10.677709635466,13.2463403742167
10.4492094414209,10.6916380267503,13.1931430539678
12.0461716158372,10.3627956156929,11.9205323680014
14.2421950306763,10.0412530051405,11.8686904514761
11.5126286409895,9.80030836371584,11.808613152372
9.57432713804515,9.73425870321064,11.7360017109496
7.7912757489104,10.0186626080869,11.6545870899704
10.2397636342898,10.7966800677417,13.3084170433454
10.1255836193231,10.8808027835615,13.2019466828224
12.5175485559688,10.9241653218403,13.124833905293
9.72255042025981,11.1873274213829,13.0678760830874
12.9543694358597,11.2239068565465,13.0556495589077
12.5548606215996,11.3404690539993,13.2187987619245
11.2590006990959,11.4604722093638,13.1248992938409
14.0256815333126,11.3455207994263,13.0640522871867
13.8521362252703,11.4394125240247,13.0876754307852
10.923836538998,11.6375606154588,13.1332902821628
11.2134810099492,10.9372179220734,12.4502260428953
15.2618614293219,11.6250978702829,12.483242985645
9.69319986759531,10.824876407661,12.3241273256038
8.26674554259397,10.9910484163109,12.172868249777
9.88390118143493,11.0878417141745,11.4606237301863
11.2115634655594,11.3108317578364,11.8633437715011
14.4489631030227,11.5998255166033,13.372010861287
9.60003624058285,11.6495171096488,13.5776917947722
9.8716414494946,11.7218348222086,13.6653178261818
10.6719831571655,11.7453900395515,13.7018960835549
11.1396746939354,11.0667205708905,12.5770934371008
10.4771848917791,11.0453371213597,12.544348746573
8.8747407844852,11.0189747459991,12.4696417293041
10.3799428930432,11.3318521408783,12.0999498725131
11.6318899911591,11.2128820838095,12.1427480966203
11.8842683663392,11.6505375048179,13.0046105418211
13.8672286308834,11.5650861193479,13.0596120161319
14.5423430359483,11.6353026152707,13.0779330443665
9.19533394744958,11.6506835722601,13.086167840832
11.4465120349828,11.5708501851262,13.0870633167581
10.8719978729863,10.055295269623,12.896028182286
9.90981495074548,10.1291281837095,12.9099830804591
12.0520115215226,10.3388758424543,12.9209942334625
8.45311468908255,10.3068455419076,12.9424109748026
8.18560156528183,10.3650603838482,13.0357520224846
13.7845493527214,13.1164554640654,13.6459878802546
12.5390458727648,10.544697963239,13.0763301401202
10.3790600452191,10.4797964697727,12.9209560390697
10.2255872424159,10.4499291826904,12.9130277467686
8.04433670885513,10.4579165910548,12.9207950457225
8.34917330182373,10.3077530054537,12.1887306561021
9.71243578208917,10.1300715331457,12.2094119435384
7.24963116228554,10.2579896164328,12.2192618423785
7.10364409046555,10.2886998707231,12.1792118463701
7.86959878440054,10.2784592117888,12.1365564161383
9.58597097364744,9.76403126762039,12.011313290278
10.3092501496568,10.11642153788,11.9581718392568
9.53187659655132,10.0225701761201,11.899435819561
8.3301564601814,9.98984077377193,11.8330602277115
5.67380487022164,10.0488306842115,11.7626474975736
10.2653871569746,10.5293368356764,12.8861813871272
11.8437883384383,10.7237055904379,12.815416586284
10.8077246607088,10.7755579275849,12.7488982047832
9.39112064800329,10.8379181982931,12.6937408967568
10.8034297508266,11.0503414548501,12.6434370393454
12.1134034381236,11.4726550948853,13.7095289027935
12.4635840284287,12.2482033563321,13.2367889594113
12.819984579892,12.652038292526,12.8977583730407
14.6008094979689,12.2922269894945,13.22019054312
11.0353755703846,11.8525893799197,13.6095992482115
9.7652130047508,10.8620690773554,12.5384776826299
12.6825725304779,11.2834039934394,12.5483302102119
11.1908512636361,10.8741204958479,12.4004839813015
8.15803422742925,10.9292147920657,12.2910685127877
14.0841336033772,11.0956198931146,12.1809837526724
10.2745450773113,11.3468564437884,12.9315750363499
12.4076322449114,11.4216420763495,13.017324295601
12.7334713405997,11.3554281777882,13.1502835506241
9.60283780809528,11.4758870419199,13.229642285921
10.2442976584195,11.4743678068939,13.2586919231229
9.27304611615323,10.8367996188226,12.1988244680109
8.45899537464535,10.869929371128,12.1623990455543
10.4583214335124,10.8880875514429,12.0847794913316
12.3900678272996,11.0299760955841,11.9320300864979
12.367633323227,11.4943393688841,11.8714043900365
12.4217336933523,11.918571135939,13.8334139840266
9.69849444681636,11.8992840581957,13.8932378493921
10.2863143448469,12.0114289045988,13.921116238209
8.75788714553891,12.0172604521757,13.9319580467105
12.3415840590062,11.8893791628144,13.9270216812889
9.80772195297752,10.110933299363,13.0650560269053
8.19069835610449,10.1697200707065,13.1058660484039
12.2557968753725,10.168941144315,13.1580179667197
9.15454008255669,10.4295581202474,13.2814931583358
11.3764312987085,10.3099880359649,13.2289796568434
9.00808680839417,11.4970909851009,13.4672167942018
9.96250613313589,10.3409615748738,13.1446640139782
9.12337439199448,10.3502547085617,13.0584952563541
11.1176819133919,10.4028098161578,13.0286489181701
12.8961938193332,10.4416116769867,13.0179632964377
10.1343219733899,9.82489670338216,12.2515090718583
9.63511374618041,10.0186954056183,12.2514758339464
7.38193036070927,10.1617875777115,12.2321416958592
10.1284574744914,10.2143606942326,12.1984467244798
11.951508089391,10.2070409990474,12.1567589246882
6.24175792472259,10.1358869238109,12.0298976758891
8.89235625830303,9.99182671425035,11.9798358928914
10.3051056207572,9.92248989408804,11.9233042734295
11.0459478397215,9.67439484121479,11.8654111741575
8.52570009642736,9.9967457537254,11.8054600987373
13.2756526055677,10.6081057466555,12.9395328380022
10.4922358283161,10.6907153735264,12.8818350254823
12.7378812130336,10.9275431329445,12.8275237754237
12.2911751234919,11.5044506293647,12.7718463133236
8.12810310607834,10.8863316347601,12.7268982055697
10.1350517852882,11.4358670633795,13.810746368172
13.1610646860928,11.6490549055342,13.6188431572277
11.2634178205755,11.9907363559212,13.4918740043371
12.1148121533343,11.9355313957559,13.4951509612232
13.5837584499287,11.8043890221564,13.7094584163615
11.1820433658435,11.1171864280225,12.5487674822862
12.4571322513434,10.7795830482639,12.5287685521058
10.8933777638984,10.7879519214487,12.4910938421762
9.56081384812296,10.8220315022109,12.4281165441912
9.76303741406101,10.7181460071329,12.3488055792201
12.9270214608124,12.2818157963598,12.9438672607891
10.9791437030199,11.3939293118632,13.141894738106
11.9840506348748,11.308806445409,13.2321668985376
8.57468300480633,11.3758332659191,13.2798434931521
12.278785919612,11.3824098645962,13.297301462408
13.275436992451,10.5185347067599,12.2257718236285
13.1283678133277,10.8069282430472,12.1899239193078
11.491422836628,10.7184661102263,12.1330428312738
9.06007297767757,10.9601373915222,12.0540022765567
12.8248702990042,11.0316087177612,11.997466222173
11.7846978077232,11.9383753710212,13.8541992116765
14.6943558402033,11.9870615800022,13.9189381238292
10.5389094815046,12.0199745849288,13.9574758029602
13.6504152255354,12.0678485406775,13.9616404378585
15.0729442973863,12.0598108892825,13.9497308925152
10.2437307071078,10.1350988077695,13.2068723447084
9.43629088661606,10.1911783825614,13.2904374944329
10.0401046541434,10.2008762942311,13.4311163114853
14.0907563374087,12.9160994294597,13.9247864759155
9.6274359771921,11.1412836971055,13.5740241244234
9.57676367744003,10.3158125560738,13.3437675351281
12.9565762693964,11.570939120128,13.0915989053463
8.62334467766654,11.0590727011002,13.0853593215464
13.2910390308239,10.3830150555682,13.1319608156861
12.1613130985422,10.2265007404932,13.1045999422188
11.7160388352586,10.0421461239047,12.3195825308213
13.480412904825,10.0469661567422,12.2899840753754
11.4204990950799,10.1450156383559,12.2612722133997
10.1877309439459,10.2074304393455,12.2239551873788
11.6014075507286,10.1325681951026,12.1798779199841
10.560446554389,10.0007247328811,12.0537459587098
9.88649019272396,9.93469690222142,12.0041748688392
10.363037802103,9.95067494322529,11.9521589936448
8.32567300075076,9.96994196939611,11.9020122221821
10.655398003019,10.2578776422868,11.8508250821041
12.8929596031415,10.6986892141783,12.9980637236297
13.3746728803184,10.7196652484176,12.9521161888244
13.9995586730686,10.7556210257494,12.9071719522194
12.8158245547147,12.0270871781091,12.8561938544083
8.85910260151468,10.8822512127112,12.8244290696919
12.7708575361042,11.4260831618811,13.9158302402247
13.7927548079805,11.5268217586003,13.8450608313367
9.27012561041077,11.5932530048328,13.8078725596564
13.9436575413316,11.6623457631625,13.8095119316416
7.75998702421025,11.7871382961459,13.8121129779285
11.4639603906502,10.7910548747769,12.6399242022792
11.0176504180957,10.7611609514531,12.617858480345
13.2613283848542,10.6339336428961,12.6037070433749
12.7390876746239,11.7769340301789,12.6217711433536
10.3225920910075,10.8412013853154,12.4931237565048
10.7051899741385,12.0250134530394,13.1293746943548
12.3111321324601,11.4707364131943,13.2565221677009
7.58978862772807,11.3161858957983,13.3207629069438
10.1612334668018,11.3730207619236,13.366121285873
10.2113764825667,11.3677513378453,13.3883461161305
8.75245361784499,10.2718087273788,12.2805143003819
14.6433527504975,10.6675312836292,12.2266396618694
8.89871169538029,10.5244589849509,12.1672276387913
8.36043898578018,10.8081639149365,12.0906272855978
11.3559626884582,10.9307599817361,11.6813791420114
12.7927152858805,11.8958375021417,13.7669850156875
15.6000558380996,11.974833742652,13.9708566517963
11.6773248953586,11.9930612750489,14.1142334196881
11.1242871654075,12.0708876014754,14.0331133462051
13.0041705826701,12.1141362985044,13.9742607016387
9.87650301774394,10.0866733154928,13.3307512158515
9.13544482377526,10.1792632408597,13.4852552824019
12.7661121221387,10.6575415209388,13.7667158337291
14.9067260390456,11.8537986162503,14.1006628549106
10.8217604895576,10.2903436562424,13.639190591853
9.71356441133116,10.3079550261875,13.4674431707915
8.86038220299231,11.2216760930965,13.254182604562
15.0763580246567,10.8573425749996,13.2280715553589
10.1344004809802,10.3682283510191,13.2296859129182
9.09108565791575,10.3044721299173,13.1896750210816
10.8328682176243,10.0491453472933,12.3835162445358
8.54052379066171,9.98797725277056,12.343781124558
10.8299125082757,9.94542851808099,12.3004966563059
10.945862548663,10.1486853062283,12.2544932280438
9.02867519412842,10.1490328636089,12.208949802444
14.3636421370144,10.0848960851291,12.081289992093
14.2998897601867,10.0656096668283,12.0323263811905
11.8715311861271,10.0766447529774,11.9846733335352
10.962436158182,10.1266723993114,11.9398749473438
11.9661866179026,10.1935490096763,11.8971157984289
11.1505610333735,10.4886774106462,13.0574934281252
13.1929798645633,10.717929707065,13.0203687913087
11.8382153291816,10.7514017174795,12.9858809765375
9.75507951537024,10.7884452349857,12.9397478262287
7.94452699890873,10.9641051323278,12.9297895715653
11.4551235430582,11.788057043661,14.0389366191714
12.8190622499076,11.5792663645101,14.0020945422173
10.0987166255471,11.6780285782058,13.9650953570814
11.446342356875,11.9697723409255,13.9427533518862
13.490222482948,11.9491625523174,13.9233372627764
12.3362569597611,11.128401912173,12.7388822030709
10.5417903279126,10.8002832336251,12.7171316851716
9.09566327587286,11.4180220386749,12.7277811461006
8.30652963327886,11.5757664054571,12.715257633507
8.12737162226188,10.8045248705546,12.6246170428001
11.7417489507973,11.1237475238565,13.379712331464
8.45564421733265,11.3144589919009,13.38970483993
11.3878067499547,11.342720793003,13.4306271456041
12.530370791849,11.9409397888,13.6371945307759
12.0760229194563,11.7635744053148,13.6564099328102
9.85859392182895,10.5493238891755,12.384988232354
11.8861866753559,10.7358765439579,12.2794038265253
12.1309678304329,10.7513309097074,12.2087757066891
9.91940396021951,10.6039571262398,12.1138072806622
8.22412404116143,10.8356341148346,11.8184095127
9.34208414925085,11.6735739831063,13.8754947967617
12.812187872259,11.9564129580828,14.0983445486842
9.70372451742091,13.6740049528796,14.9871358073808
9.11631694423025,12.4715750293197,14.3416688613246
14.2898098094669,12.0517721540905,14.013164726948
8.48410516756107,10.0665104579469,13.4320897329287
8.53278039231906,10.1457673454723,13.5505281896445
13.2675433003658,10.2853114667402,13.7664402849797
11.6566631680576,11.9231164452619,14.2395001112325
11.8135728896673,10.2660031840142,13.6887285549097
13.867625182458,10.2907822962198,13.6012460820383
9.25506329212504,10.2893309306877,13.4965207095345
11.4436624510695,10.3625876266237,13.4063730460602
7.62054742041043,10.3873372478932,13.3370714081672
6.93681132746863,10.3732442295825,13.2707208480895
4.87684308195225,10.1216030642741,12.4508294538193
7.62103351600102,10.135649431124,12.397629959637
13.895551047182,9.98183870735406,12.3437772578435
14.0224734076019,10.2602100554902,12.2917208841932
11.4410128620724,10.1812597794525,12.2405292140683
10.0355129317689,10.0925256143412,12.1108954503546
9.79797099070468,9.77660698092846,12.0622796621553
10.9717598693383,10.1646160137115,12.0185908242773
6.87262516991832,10.1624395488522,11.977789335197
8.95634486954933,10.4509771940562,11.9448606719754
6.44550132140885,10.7106018383217,13.1112114402442
9.28101275153074,10.7315312928045,13.0891613844388
10.6714783933401,10.703315007031,13.0706145016411
12.7697980238713,11.5436194429838,12.907726861751
8.04134169549521,11.5069645505777,12.9343119828312
13.0084688618188,11.2551595207351,14.1795845338367
9.23050339882997,11.5477610749322,14.1388244884876
11.5064341180813,11.6082431731828,14.1008079587338
12.0176013026733,11.7331258738238,14.0678305474498
10.7938464946337,11.3708232711401,14.0409763673651
15.481385489989,10.754314485483,12.8470753369668
11.5802894836708,10.874079859787,12.8173773574719
6.52489739412805,10.9271749849347,12.7878057445785
8.17143316845144,10.8011944418783,12.7525261642546
13.8720961102452,10.8287306558021,12.7200973128632
14.932812982766,11.1510829540359,13.4888140954918
14.9818576973318,11.2910925089066,13.485626198524
12.4510538166677,11.3275439786254,13.5396036950712
12.9297330094943,11.6836460894775,13.713637240967
14.4062165292121,12.8826960170143,14.034272266128
6.07828792689521,10.9582156378502,12.4247356932104
12.1126360709262,10.6945070290341,12.3258687943156
10.8549548576483,10.7222973236731,12.2533312361779
10.5966791287107,10.5804830480983,12.1832043306328
10.5690589217189,10.8381001580539,12.1283496595582
11.1480135959926,11.5197558324666,13.9437122786432
15.384749006139,11.9579390508623,14.0574018551365
16.0959575049309,13.8911551302774,15.0439489004505
12.3946316515669,12.0405268804089,14.2319991371428
10.4552580405221,11.9435464651437,13.9980754906962
6.55452824322044,9.98500783458057,13.1240473260984
6.84987779059445,10.0390473432956,13.2439572469467
8.25262663884192,10.0542958983893,13.3961510201021
11.2444653204446,10.1323702408411,13.4726139892399
10.9774899376199,10.1641523572879,13.4212434530415
10.8912078668103,10.1824546351091,13.2800855706763
5.96669525524512,10.2243769522762,13.1726022918366
7.67074317594691,10.3178756095647,13.0700861728248
12.8383860753495,10.3257958226433,12.9835636118394
11.484903196901,10.3686050289785,12.906716048958
11.0268515442798,10.4061657568604,13.6596990602781
11.5834436876828,10.8926254762178,13.5945143825594
10.2997988051288,10.6970719916006,13.5333986792705
15.2637728972046,10.9705004663329,13.4738118245532
11.1141728721966,10.8440638696345,13.4162803252118
13.5647995880731,10.2599833610738,12.5947233919527
7.50481615710734,10.0373600109428,12.54548848461
8.63717448312784,10.3063132408599,12.502529586526
9.29714500269645,10.3148112100808,12.4677978463848
7.88273183591754,10.3692427294576,12.4401914567505
9.53195413423207,10.598137953674,12.8853627516767
8.52324879765444,10.6671983258906,12.8765710769218
11.4355607889378,10.6436130254831,12.8771300385973
10.5856255409028,11.3500323827202,12.8527959550486
10.8717145765551,12.8835204352492,13.4538064824254
9.29199771884814,11.0989124999384,13.7785235044694
12.9475314320026,11.1237490022269,13.6786301254468
13.1809731159405,11.1733772614359,13.6244048610755
10.9862270003525,11.2119852441986,13.5901592390362
8.49859970481235,11.1781800142597,13.5591028620831
10.630675752414,10.8229007694402,12.8317605215818
10.497572142688,10.6019299769581,12.7938692374216
10.9155687808609,10.7717267948953,12.7520119382944
10.4003866992646,10.8349760724916,12.7120920809495
11.5991000918795,10.9359123293914,12.6771356517647
13.1553044422504,10.9429213161772,12.7692444362095
9.69036219363281,10.770163015107,12.7583792795342
10.2904130570334,10.845226008731,12.7672441784448
10.8439482440379,10.9724112341725,12.7819032889333
13.7708697948934,11.0678391034112,12.7815741713995
11.7129333735426,10.5852369388505,12.2231216984485
6.67035761125473,10.3980484552465,12.1432514340171
6.98329803974271,10.4649625393178,12.0711855848265
8.8389138088451,10.4255113985099,12.0013338000124
11.8677742923141,10.6686771620123,11.9476587979857
12.7073105934808,11.264942971345,13.0802680611465
11.5155589313701,11.265857179534,13.0975653476712
10.6226732577326,11.7917128904761,13.1627970551895
12.8494699317736,11.5651310050249,13.0650640207397
11.9396876135676,11.7273440690061,13.0105394970574
8.48693294342115,9.9756446699055,13.1693986287403
12.5216622982097,10.013090593267,13.2969739085021
9.69111280678059,10.0537933108441,13.4759167424692
9.69420757223049,10.0941111681563,13.6419640673007
13.0621434718958,10.1343022281682,13.7275054163677
6.24672527798586,10.1853932963291,13.3983183215712
9.94402641624484,10.2247586390911,13.2597555523813
7.8947387731503,10.2635756871864,13.1561801593196
13.3059724723525,10.3023484970552,13.0626961136669
11.2262061246605,10.4609247971772,12.9786467682576
11.9859753129957,10.8126592063859,13.723163129588
15.7726832579507,10.8876872588132,13.650106888775
10.7615393213655,10.9342893841489,13.5813931451271
10.0878167024648,10.8610022931356,13.514970282333
9.54474395354636,10.9432707680151,13.4517119557843
10.7110801494588,10.5949816713898,12.6246008695939
13.4912937907564,10.2514378902665,12.5732794516025
11.8977931744828,10.332910380978,12.528708907444
8.669811042983,10.3381959302364,12.4948037657265
9.81597184519436,10.4569167820778,12.4770999269489
11.1427233680662,10.5268256783265,12.930551816532
8.30248142273186,10.4785763434329,12.9312067026094
10.5669863966811,10.574900967047,12.9610732005216
10.1254908983575,10.624168187884,13.0609466601249
14.3700658127497,13.0453059292991,13.9407374156478
10.3449363583853,11.1159764323099,13.9215114223862
9.56787164019848,11.1083002850327,13.7700324003205
12.1097531603,11.1569810971919,13.72781852928
11.5275001903598,11.1834688004421,13.7020817920762
6.98656731061308,11.2499147516119,13.6758206347596
10.8081599872957,10.9531631371959,12.944773846334
13.3734219614876,10.7859412229033,12.8971375593805
13.049968705211,10.8633748065268,12.8408149940131
10.0839540940437,10.7991179496892,12.7916094443516
10.2644235972728,10.9070776830813,12.7488398630197
10.8079650126872,10.7768877694701,12.8345466965015
8.75245416787683,10.8283566956491,12.8166063715083
12.2414874144252,10.7967671063953,12.8052185166237
10.8491419639678,10.8342893138126,12.797600051674
9.94333333228986,10.8559695214574,12.7759597903204
12.1042915392227,10.3195790125144,12.2466310865136
8.77482349189192,10.5225288555797,12.1806662926963
7.02507619148657,10.542670898604,12.1028391220633
10.1698853998733,10.6122259161963,12.0217666890207
11.0265492583483,10.9918435267999,11.9521751971807
13.450295815338,11.3343890096026,13.0449209011992
10.6777361069641,11.4729979850605,12.9726992945653
12.7064025107827,11.4199853657331,12.9406705834385
11.7558141256913,11.5781771240238,12.9137018153768
9.8376008659047,11.8432798654554,12.8474878854791
8.21947579024107,9.97582299265406,13.1927977040793
10.6793818832037,10.0141717380531,13.3145119651269
8.31662010896201,10.0532676423409,13.4927382809074
15.3005884347034,13.2296790223264,14.6180965730841
6.78977745280165,12.9694352456021,14.5083136951288
9.92242739114211,10.18507327724,13.4657455251157
10.4500217008223,10.2263875338319,13.3242494973365
6.370528081791,10.2649995819047,13.2211215441431
12.0353935146037,10.3012550140976,13.1295902709956
10.8283894260958,10.489383553212,13.044324146685
11.5767677696136,10.8847367781627,13.7837835988138
8.36831474577317,10.8392409990443,13.7050948963327
10.8211909759501,10.8245148510827,13.6297319319254
7.73233409739968,10.8709024084494,13.5555333196037
14.6093933785929,10.9417992344888,13.4849859670034
10.740138084556,10.2178416266896,12.6530065011682
13.8627239307974,10.0735652538834,12.5960216140556
13.4775156356654,10.292167270979,12.5471829876306
9.04650539270729,10.2276291596217,12.5190039389765
8.9858580798617,10.3001411891276,12.5018319833845
12.765191947695,10.5081116216142,12.9597155406974
11.1815726654394,10.5502120894172,12.9666387745857
10.3596131076381,10.640910251473,12.9929448597366
10.2495158476151,10.6878179729253,13.0471151033992
9.9534083200967,10.6204820878764,13.123542242995
7.27600189439651,11.0569817757517,13.8597033015559
9.64215652062473,11.1497017672558,13.8171721653138
11.3996771653988,11.1518185483416,13.8181356307257
13.0971329885895,11.1865779264837,13.8102134368211
13.2802611039094,11.2416280200633,13.8108546372301
10.4138997168548,10.6771227654876,13.0728766150797
9.42967830386366,10.7736352303926,12.9973829844148
8.04691717837097,10.8866277469634,12.9265722194521
12.2296277596919,10.8662208828645,12.8616168036294
11.564311369523,10.8711261917502,12.8098958729753
11.1262183395026,10.9850533354657,12.8871432669044
10.9243775763825,11.0615550167643,12.8613866598848
10.7913912323812,11.0051890479209,12.8434933322785
9.25310996425172,11.0560077199376,12.8320601167955
9.77472148596021,11.0418924508969,12.8084980816725
9.45449248747412,10.7333783032726,12.28869594611
8.93181422506299,10.617878496587,12.2212595045307
9.90468347229203,10.667521626919,12.1346832587407
13.8513359052168,10.7313233126368,12.0409946831245
9.96844776784916,10.9508902606636,11.9338165645161
11.7423013414506,11.3546698421281,12.970071569084
11.5797859334575,11.5028841974389,12.8649452865438
13.514748317331,11.5998393002083,12.7590097708783
10.3328010208468,11.7792350372815,12.7095320552311
12.52663623465,12.3468472854365,12.6017446132624
8.19735328127348,9.9717639827452,13.182962543346
8.251373791449,10.0141539464537,13.2928934117587
13.8421785885493,10.0549450365835,13.4661549546205
13.2630136004048,10.0945378376339,13.5884764879994
12.6573028191537,10.1385230433483,13.6079628807005
11.2416724660364,10.1835021453318,13.4935576011595
9.42664772979457,10.2239483014794,13.3590520297215
9.09866254059992,10.2614611265989,13.2711402798498
9.97930354032418,10.3009633030222,13.1890157106598
13.4413179103427,10.3425046878565,13.1036264662635
6.34060517994788,10.7643639159489,13.8439331613846
9.42633698922359,10.7404264665498,13.7606248993919
12.5515026432084,11.0414891796663,13.6772412696628
7.39296960708556,10.857030452393,13.5963456865245
11.3359045266117,10.8798794575401,13.5181256617457
9.91804042481492,10.2824078252996,12.6787521336266
13.7130048319387,10.2750320761318,12.607884814492
10.4536942781639,10.2302157133726,12.5338333568262
9.20983112538407,10.2811484736947,12.5242895652178
9.7736940949724,10.3239286146865,12.5213330104353
9.40160102955803,10.5161646401432,12.9803453832174
12.6232127861741,10.5762128671285,12.9834420793453
13.3819579400304,10.5553220641781,12.9927245749638
13.4541558919643,10.6202386483283,13.0174182216442
7.5599619045795,10.6795563112916,13.0328942032114
12.1176200650343,11.0829415737863,13.8525730949548
14.1153900207125,11.1362784219009,13.8508192942096
9.56330584106988,11.1520295298065,13.8624599653707
12.7562445768535,11.1771079785094,13.9452130787713
15.3038952289584,10.9255829033321,14.0526776555994
13.4816619984217,10.6991493206767,13.2896122327262
13.4818412748527,10.7093745995636,13.097294239611
9.41322691413251,10.8643101674955,12.996088571297
6.37686520852253,10.9548768085784,12.9192195060509
10.7171945956806,10.9606196609946,12.8542865181178
10.3516593248009,10.8084693475159,12.920663049841
10.4531735773457,11.0267978443958,12.8872769129905
13.022457416137,11.0279834587649,12.8734274242247
8.85315087778693,11.011234483644,12.8681302040831
12.8848566320099,10.8048173243417,12.8677256311771
13.9278361293722,10.5752122641495,12.3531855197597
10.8553649759192,10.4140452963223,12.2870080046905
13.5498524096656,10.597332577047,12.1712029876175
9.64691077452884,10.6722674345124,12.0508142379521
9.7137960038226,10.926636106508,11.9338696273975
9.97476555907753,11.3690193670735,12.9472255780793
12.2741684330132,11.3339925821828,12.1656310443285
11.226556322237,11.4275087051244,11.7521538245226
8.27778561896935,11.8178468277496,12.5640270300592
11.5904287702531,12.3549109326395,12.4914717680554
9.01857664073562,9.89525173115683,13.155124566326
11.5600504038517,9.95425615074052,13.2574744288398
12.1137193889768,9.8366171055711,13.3491245336443
9.6108671928827,10.0813670615968,13.4332582717756
12.0579726688612,10.1358964547895,13.4937093528617
13.907685682519,10.1433700804659,13.4466679580797
12.3944284485806,10.1484751609016,13.3956270517109
10.5107029873503,10.2590741574736,13.3129757424836
9.31363888979334,10.2575686444,13.2346923603324
10.2125185379125,10.3113714709805,13.1591203713704
10.2848362498878,10.2080666875662,13.9045520625183
12.1576661560461,10.4620257203416,13.8169633179892
9.63437601356979,10.4202651533647,13.7213883896743
11.4136346017045,11.2823747147551,13.6314433468621
12.5359177140212,10.8379533799319,13.5472050074313
8.86728864204872,10.4667204666445,12.7024978733863
7.74007911590915,10.3600514218946,12.6231995518162
12.0741528197185,11.0814942094427,12.3153327664707
8.57587354631633,10.6316087641104,12.4516593007211
9.8075236434998,10.3784633799841,12.5328345220707
9.37594028953208,10.4797548722995,12.9953054240863
9.91659342334568,10.4038863819008,12.9862913666439
11.2803958053599,10.4948884393634,12.9891521365932
11.1631850082332,10.6407555695308,12.9969801547366
9.24022184563716,10.73987749107,13.0114789295215
12.3168527937051,11.0683876680873,13.8407777543103
11.6116731876835,11.3104269260901,13.8611477819408
9.85327014941257,11.2871956626314,13.898191360562
10.8986269230397,11.4599917765184,13.9893791026759
15.6437935939008,14.0867126024014,15.062616437687
11.7173819251035,13.0214270529042,13.9907452512593
8.23940648136339,10.8282021934226,13.1766397714463
9.59398699688799,10.9159700435266,13.0457322962576
10.6113980280089,10.9944248250294,12.9555167051037
13.0026442160219,10.9811129642917,12.8820107342415
7.58834313667389,10.9700866677273,12.9430467457938
11.1325591899782,11.136194466774,12.9033189275669
13.2493076372047,11.0546097003768,12.8907421038324
11.2381607605957,10.8579574490478,12.9125007000972
11.3068533737369,10.825945756683,12.9762483040594
12.3315017149297,10.6027901154242,12.546289875053
12.1744671085597,10.3883655893894,12.3980689037759
9.07867476436518,10.9317276078293,12.1991600009622
11.7247377763334,11.122305031586,12.0685947935503
12.0969251325739,10.8669463691405,11.9369273870538
13.2506139499929,11.4265843186933,12.9424159301369
11.4750736623609,11.2070388018053,12.6530956517898
8.87253542606151,11.5138991289585,12.0297887291369
11.3926320498334,11.4877220126668,12.6395660883064
10.3054818101626,11.4521388548026,12.7194015448801
7.2713378687607,9.27828208460965,11.6851824055708
6.62177085933262,9.47364669411519,11.7618592617535
8.56410554573069,9.36958111778175,11.8452616368817
7.44248176987854,9.434147619754,11.9177752123528
10.8058107334266,9.89871690473644,11.9941565294191
11.778233200311,9.96646472014333,13.4734633985235
11.3299675959633,10.5854232640567,13.5231286326946
8.82641813329713,10.1663472997827,13.3400398037781
11.6891460641871,10.1571423476279,13.2737351551676
15.0212331725751,10.043446234769,13.2093569604679
10.9319303197629,9.66314982953549,12.4133865303395
12.9714605450578,9.86538339170961,12.3128035869992
6.94183204851694,9.80411290411831,12.2127859434111
7.33050896094845,9.86116345472908,12.10147983605
8.10143554555262,10.4028478632309,12.008698832642
10.6298583902974,10.7120874766844,14.2301623187008
11.559636003636,10.8891594283688,14.144593852532
12.8837669343709,11.232683218572,13.9897688284548
11.2573519157523,10.6661447257221,14.1254581887501
11.1430569742645,10.9216361283637,14.0800027954193
10.2520568043656,11.1683168010603,13.6696603171119
8.92973003478214,11.0097229469206,13.647617640051
6.34857516649627,10.9228964968865,13.6375650949909
7.58831889507404,11.0808000894736,13.642956371673
11.8989905039977,11.0311534105887,13.6536720919123
13.7323956827675,11.3264192160103,14.259554742523
9.36239492630671,11.5447941722557,14.2829049924347
14.6426508243489,11.593868309993,14.326718207901
10.5319683083284,11.7053544312685,14.4211382882267
13.0764615037299,11.3254950549989,14.5111279929054
9.73890418061251,10.7493743773607,13.2178242543377
12.8537139244566,10.8729395286099,13.1143762590464
9.59288554846814,10.9566391481497,12.9868780671843
13.2317240316812,10.9343486651222,12.9007499912081
6.85605408003884,10.9259786998188,12.8215684304005
10.1457110813809,11.5542197271292,14.0498064380025
13.3657366620046,11.5711904595588,14.0030941465562
13.9116482198036,11.6217534430024,13.9723176168106
8.95175463229906,11.7056406873422,14.0156005178321
11.5338215297314,12.5661291711225,14.552393792268
16.497720351175,16.0981973832769,16.3512247296536
13.1884875869702,11.4256496270898,14.45618991041
10.8452766661613,11.9721212702219,14.2023282989159
12.1768771757619,11.8538783500895,14.0695334471724
11.269639027056,11.6673868226984,13.9586438316415
13.2321189273491,11.6315711053587,13.4997362772718
13.6588680464262,11.7161518109265,13.3542953071706
12.092939707864,11.7592438215215,13.2595419205364
11.3641641530506,11.7733035424148,13.2354899717812
12.061175851495,11.8054409959998,13.2435336176834
8.45051788014579,8.75447167992942,11.6379996132349
9.78070412071512,9.2438113230608,11.7010017720149
9.04197799935065,9.28898807394739,11.7685236837936
9.22206154029484,9.09215254591464,11.8406330785749
9.35191904245944,9.50035997973107,11.9312203942671
14.2690159752641,12.6830880769606,13.9645925723224
9.82907288919041,12.7577870383748,13.9419343961668
8.0348517019686,10.091631691348,13.3515065741551
9.81597065132827,10.0490771938451,13.29580124726
8.24221428178675,9.99455513764229,13.2752744194376
7.2042031753406,9.23694475868353,12.4878687657997
11.4593477397524,9.2021108386428,12.3793876500307
11.0013730403126,9.09656968005995,12.2440632086839
10.2805247570883,9.27413866593083,12.1109905288377
9.89552767322572,9.98766283002715,12.0093589667301
11.8646556515862,10.7027148284183,14.2284867552878
11.7107704905103,10.8510864089093,14.244386796281
11.521189960991,12.2796960493247,14.5676985740005
9.37813946624787,11.8216306366689,14.4627254545239
11.5468129329294,11.011178291695,14.137531860733
9.35454055402505,11.0747532681092,13.6624154916646
11.0292123793241,11.1691301699394,13.6239777421356
11.8404957671558,11.1750871836936,13.6117883963263
10.3365030388782,11.2876358599272,13.6116692662493
15.5448772584907,11.2377709842637,13.6219215996734
13.3548886848174,11.5101697691512,14.2293233092568
13.7214804450094,11.6655672676385,14.2582188549604
13.5904148551497,11.6829848976461,14.2920286430195
12.2713731685245,11.7712797179878,14.3310162638619
11.2396952560997,11.4556848280902,14.3550805932831
11.6137858641109,10.7372730104752,13.1340008645269
10.3577384238053,10.4701907677143,13.075179168203
10.1541239957058,10.8399432925546,13.003170883861
12.2593653798444,10.7789970532975,12.9203604466355
8.3473363224809,10.9083248954427,12.8337758261412
13.2757064068891,11.556737418409,14.0420270583523
11.8108849854199,11.6117212636295,13.9637718122037
11.4754799600528,11.8588811652098,13.8186426007203
12.8163295907487,11.6572045347724,13.9313418013755
12.1913307095819,11.7015468059995,14.048654217779
11.0475906092115,12.1372450721485,14.6582064772225
11.8638763813639,11.788097592996,14.3424732843478
9.70238192316844,11.8132259586453,14.1616396899518
10.4342148537273,11.8974009814428,14.0526659531702
13.4073128965881,12.0045353798277,14.0254791857321
14.2714516472161,13.1013698019603,13.9308441253277
10.2129679444268,11.7171898834376,13.4898323276106
16.9525609493656,11.7610814743791,13.3361522628288
11.7074956301397,11.8087101163665,13.284528856243
12.1070258114108,11.8456928392759,13.2693564939246
9.86939537586426,9.14893622434403,11.5802104612716
13.064187635277,9.14798472010594,11.6352958737077
15.0623650585467,9.10704888293029,11.6923492259353
6.48404981580979,9.19496833187883,11.7517321158564
7.83334260550286,9.30855379751637,11.8193327020856
9.72405428641497,10.0333910088514,13.3765813438049
9.15544163430026,9.99906304362835,13.3416103052853
7.6662540515281,10.0591126595636,13.3088665023941
9.30642425466669,10.1225612363177,13.2906885337899
10.6719474830547,10.359924364607,13.4316820455107
8.50923971336427,10.3612765066529,13.061193113577
9.92024126713759,10.2448316900486,12.6833200136771
7.95599104826375,9.59815187375832,12.2578258938479
10.5214216550934,9.244829851119,12.0903047791877
11.2160924577495,9.89088508034623,11.983726414083
13.4552885243045,10.8630083989192,14.1966775435823
10.5730141798861,10.9349696707738,14.2349830246614
14.5509199437575,13.2081207686393,14.7430254324219
15.3076050866773,14.3071518016691,15.1025581503152
12.655882653091,11.2412625024052,14.2074632571555
12.2405180756341,11.1969066811003,13.6230953667481
7.48935005666049,11.1405153365914,13.5817419191168
11.8876597269918,11.2465104826255,13.5687670647052
11.1753106287086,11.2260757551487,13.5697806886792
12.7377051639333,11.4419475126358,13.5840433062316
9.43334645461143,11.8030537734424,14.191618865501
11.5323550061472,11.6461130491259,14.2206757464477
11.1722467591223,11.6837370744517,14.2544008933765
9.18826698519444,11.9092706137396,14.2889603640705
11.0867051101315,11.4560530528558,14.3068169504966
10.9939541667487,10.7668802221062,13.1050892426472
13.0773184565178,10.7898450465336,13.0751224002996
12.6136606519202,10.7699537245851,13.0228274842003
10.5916543573612,10.7986418173202,12.9443715291056
9.00495001590854,11.1705082884235,12.8425850474527
11.2414372512643,11.587676464492,14.0189687799291
9.92117243612901,11.8171665652416,13.852688420249
13.3020682687265,13.1000161620242,13.3712385843647
10.9615413985497,12.299388777905,13.6556949992727
12.7943253388651,11.7129010912629,13.8812373220297
11.4900172079811,11.7731644520946,14.2823998626791
10.5275216195326,11.7795741162196,14.1793187902362
11.3038947970295,12.0839877350716,14.0665839630982
11.5733226094123,11.8610953916126,14.0278049962087
13.6759401096326,11.9625760990285,14.0145387381535
11.8583614436984,13.0945601074883,13.9376684020893
9.82698259427484,12.308225187388,13.6012244746971
12.4960077349896,11.7700069963223,13.3486823213939
12.8917096646857,11.8119545065232,13.2980314180294
12.20136853708,11.820992119154,13.2850018083775
6.89611306139253,9.37217825014542,11.5249262195864
10.6119670433377,9.13315701543519,11.564643264352
12.5927052897884,9.19029436330075,11.6080899599566
10.7505989372701,9.32503092855,11.65353949313
7.29915028951161,9.38043303993,11.7031245782412
9.74886504455545,9.93792878950774,13.1468631526694
9.74621394926649,10.0102515058145,13.1674361375583
8.84262473930843,10.0744068299036,13.1799830460493
11.0031913052454,10.1332635276477,13.2166319766095
12.1315250120123,10.957701246995,13.6053389138736
14.1183796489758,12.6457072905104,13.5687845811975
8.80319139332741,10.8960937038481,12.7851162819832
7.95522626475229,9.79237051956109,12.2293136765917
11.1498033907932,9.64790965708998,12.0291545402567
7.40669032335248,9.86423407382111,11.9094192118856
7.23335195826884,10.6943723207138,14.111061020821
10.5542189965507,10.9384898581198,14.0440096893042
12.8591969221264,11.5998491268704,13.7361059073112
12.9893432794089,12.9235392495794,13.7155565588481
12.2608646676816,11.050790388591,13.9599815912897
11.1868770842715,11.1477673282136,13.5412389281622
12.0895138302421,11.0966712343821,13.5207162892773
11.1604751214339,11.2427952403722,13.5148684726434
11.0076324480336,11.281123501836,13.5202060668791
12.9014530158763,11.3489925003705,13.5382914453873
9.74214405340492,11.4812386206167,14.146574932214
14.7903080250419,11.6521044514562,14.175971793219
9.00777142246617,11.8559241910885,14.2132993333899
10.8608065119721,11.8633575771306,14.2544389560107
11.7690153046962,11.8109395494933,14.2893449307534
10.712996742894,10.8378730701888,13.104299890396
11.1970360982061,10.8706663319909,13.0998789848666
9.20601545932809,10.8429620044441,13.0575517407466
8.92403865629741,10.9064035398451,12.9906816981858
9.2923035591046,10.9653713696774,12.8610878929706
9.61891873790145,11.7115399945124,13.8753027022742
12.0373622897551,11.7950936017875,13.7621834026742
13.6336495536414,11.6785279630641,13.8169299271958
11.4562133367701,11.6780197959488,13.847982042764
13.1185003573563,11.7159128428904,13.8224723418714
12.0396984067467,11.7587550826139,14.1719694581706
12.1162391971376,12.1607311455593,14.0440369192464
13.8274446326505,13.246967664688,13.8747874535977
12.7661623696846,11.9122222460087,13.9582138253217
11.1812983988924,11.9120974316651,13.9476861277687
10.3568665041069,11.7010112183786,13.5282828081107
14.1489520914566,11.7400180854823,13.4038559808274
10.0948818684952,11.7766150568821,13.3280671702852
10.7617602903349,11.813371105637,13.2944240687169
11.4653473012949,11.8514471462509,13.2914696147311
7.83069239676085,9.558753871846,11.4678320719987
8.86487946881138,9.41936607504759,11.4921506485036
7.68670280036291,9.36555839183487,11.5216720644082
8.79789710307164,9.2836859162753,11.5507105429715
7.3189722418533,9.64825425489006,11.5797373963743
11.111279863355,9.96436646449438,13.0114127947225
11.3751925284131,10.394375475045,13.0297530206079
9.31902376715407,10.0127582036873,13.0441125523948
8.92199218800291,10.525229343202,13.0672235368908
9.00517442034171,10.1247068246066,13.0894710409364
10.9060075952487,9.75116417956191,12.4267462845133
6.09830079920418,9.64503274985437,12.2491345473525
11.8386596191626,9.14029940303996,12.0740668393441
10.6568166286141,9.51931626245129,11.9276616204562
8.2044283664552,9.65988410720694,11.8097043825129
9.48451411200107,10.4230038360835,14.0029255505701
9.40046892370221,10.8905945296744,13.9172635874856
9.74682106143418,11.0109281276594,13.7853608929226
11.9497788769995,11.4078921424549,13.5741795662363
12.3774225859311,11.0186659072129,13.8053020354563
12.7178520112996,11.0128526670398,13.4380696857079
15.5726132342515,11.0271253347659,13.4418253736328
11.6018086466505,11.2399433344617,13.4507040160268
10.8776824307109,11.2693818899851,13.4650113275458
13.3858524926138,11.2200021749305,13.4860163412556
12.8624900542769,11.3706341515051,14.0974806730907
12.509195704381,11.6976663088135,14.116810964122
11.3009576913741,11.8028110596988,14.1608022597951
8.40793069150218,11.8058641638423,14.2238592426787
14.1288661879949,11.6859459847575,14.2785243869928
14.2315076359268,11.0612799840029,13.1176203355199
10.1693251714581,10.8773865618493,13.1573958337142
10.6703179292661,10.4515359126279,13.1538916140595
12.530416853195,10.7225998398876,13.0744299280334
10.1407536591765,10.867027920707,12.9337268601792
11.7253086671953,12.2691031387896,13.4467666729288
13.0272027310936,12.3801943421908,13.4044124254937
12.0302748175348,11.6027464289967,13.8761335860466
11.5438311692278,11.6603617278384,13.8681549970285
9.26076115204666,11.819117699189,13.8077147711356
13.0281741553726,12.0412062805407,14.1170169041715
11.3304031086797,12.1918587903299,13.9717167398915
13.4239819942894,12.6462347383014,13.8843201295573
15.9251225800951,11.8337201200762,13.9401252522333
8.79715620219739,11.85727694706,13.8920111295876
6.48642619945416,11.6940321349281,13.4430026778079
11.5857604632656,11.7358274819565,13.3116380936432
9.55513584517251,11.7682933088873,13.2217691565812
12.6093117875751,11.8159159984393,13.2385134467066
12.4077005152779,11.844005757212,13.2794347221397
8.3599971672004,9.95576931669707,12.5305351058979
10.5035273861665,9.99576131808987,12.5450854365764
9.41232032664628,9.91742636593678,12.5572450854742
7.8323741253617,9.81423723025673,12.5750936962195
12.5598398295023,10.1098362029977,12.5876073693291
6.78147350095343,10.4237974098335,13.7913420070436
8.70632033846461,10.8859269428209,13.8037535950362
10.0384833998596,10.5269131405496,13.8153670550106
9.12565231589414,10.9547064341915,13.8207537825812
11.539379287885,10.583919322092,13.818721646019
12.4627447762077,9.85538573061448,12.1979518705042
13.3928668917433,9.68761243249673,12.1076724599521
7.71808759220322,9.78574536003376,11.9920957039541
10.5496038854784,9.88888542902434,11.8709389586683
10.4595152249764,9.98276987949353,11.7510658703218
9.85334405488121,10.4778737756933,12.8043417204817
10.3766727093143,10.6113355409869,12.7174955047078
9.64230961706415,10.7371216311761,12.6572799562815
11.5149761844844,10.7480187019859,12.6133917222035
10.0612372120444,10.7505892886019,12.6240074107821
10.3593409198319,10.3620155269266,12.1310807730738
8.62033924476723,10.286731655957,12.1534268418401
7.61960272661112,10.2763455346597,12.1743124278222
7.64921473577142,10.413651973867,12.2002500851575
10.6291288136668,10.3729701840546,12.2294512451045
8.8808061095817,10.6052174840758,12.8680990069555
12.7358169442438,11.6474289372182,12.8044941462301
10.8592669432763,11.8380701056753,12.878151265931
12.5050797686998,10.970081764015,13.0261731920444
12.6896297669998,11.0338072549129,13.0964432734701
15.3303668426144,11.0583691258801,13.7782661939264
10.6307315772633,11.0591745671456,13.9072370000156
10.4842330421494,11.0828408739909,14.0532308966815
13.965280472748,11.0670246153063,13.987056083944
11.8416412984619,11.0429209495123,13.6693261504616
9.93510191196004,11.0544636777555,13.4386279545919
13.3139476592393,11.4923849066704,13.2251236793737
9.93174638298398,11.2111691316587,13.2761531644101
8.4992963024263,11.3186276105141,13.2185374169948
11.7361396056149,11.4625036214274,13.1018222587023
9.83276940437064,12.5324477945555,14.575815242081
11.0506069209144,12.4447210536378,13.6888559538891
11.2928814453029,12.2357089992727,14.5379787762666
12.2582771230535,12.1173994684791,14.592731900017
12.451508378191,12.2943802332832,14.5348256111619
12.2759232942126,11.9478684601202,13.2900902974165
8.02908616372211,11.8633766533592,12.7142322435566
12.0907390981833,11.9619252415368,12.4516220639041
9.97644270756053,11.8851895381412,12.8560741921119
11.1044528808315,11.8471741390045,13.1507929203174
8.13119658165255,9.94540647877578,12.4773333635937
9.65819897559694,9.99079601251779,12.4786433313273
9.49190100050284,10.0263262030072,12.4790765118699
9.73945101767173,10.0618105570809,12.4790178897323
10.8379555564958,10.1141322762651,12.4724456553215
9.09206389539931,10.6432535091774,13.6514581791864
11.729676369715,10.8266011083806,13.6667881369672
10.7797461037007,10.8435917892845,13.676694917571
8.90095746160886,11.2401299620946,13.6727652776469
12.8993348586217,11.0384137430146,13.6526457272594
8.12624950177961,9.32010330474972,12.0248304654811
9.97004273978404,9.53764280275283,11.9464705697999
11.3900488783639,9.56481251769255,11.8477288107123
9.38440510082455,9.77190946427009,11.7300218267542
14.0217768206986,9.94147999807825,11.6113526868288
7.99833006351953,10.2989949327496,12.6633895173639
10.1900953387583,10.5858956531596,12.5691794215565
12.3707941009117,10.6138948915544,12.5158503233471
10.8988289809635,10.6559622309635,12.4987304573659
11.4568226903392,10.6989922927098,12.5137522490731
10.0286800532672,10.1207350053165,12.0337959155857
10.2792463829458,10.2761265274444,12.0690468599714
5.85663126406182,10.375881892225,12.1070762600506
8.94255932868997,10.4502534114232,12.1457008155409
11.4568047681018,10.1878167778646,12.182330407877
9.69785964937019,10.5480839032915,12.8379776274226
13.9043588294412,10.9942058442996,12.849728376445
11.626970186725,10.8092087301624,12.9312971099415
8.8106793357166,10.7217693475455,13.005465173913
10.2259366781287,10.7983807063442,13.0840192258982
9.45352113805598,10.9488804165104,13.7760167937372
10.4598947425304,11.0351297075203,13.9621101029774
16.361636906767,14.5000343684432,15.5910066386764
9.09299943550672,11.9195845324052,14.4174305790957
13.1446136486643,11.0959967128742,13.8443907329581
12.7276277450748,11.0801528416805,13.6513451914237
8.56688390565938,11.1377152311174,13.5537737166105
11.9038897026645,11.1039676477197,13.4107236696481
8.89156116904465,11.1719711047733,13.295682784416
8.82825083488468,11.084154228951,13.174476317461
11.8826465249084,12.3886550480747,14.6874688835119
12.9110098941897,12.7242008816501,13.5941094510978
13.1584263595952,12.4037808422129,14.5863582597107
10.1860983462859,12.2912810900381,14.6412747676822
12.2620927101922,12.4833576778831,14.5860221214417
11.9233294254164,11.8689401769868,13.3587861099761
9.8685440398739,11.7693784717464,12.9781336694432
10.5003579840707,11.8271014022351,12.7503905137031
9.71909862245497,11.7484184423892,13.0651164064833
10.8153530919367,11.8127905741252,13.1728047510698
8.99841012202017,9.94156934775765,12.4227290786964
9.34427821581152,9.9859834511573,12.417089876457
11.5434795887531,10.0245487297937,12.4087463266653
9.58195305266077,10.0691824593126,12.3928172411753
12.1428159262942,10.1112156131415,12.3487713642054
9.5909568738952,11.5912759185012,13.3309698156685
13.4769972899414,10.8060373274652,13.5177103549455
12.8235299507249,10.8614380942742,13.5371094364536
8.02968116823144,11.0559429022715,13.5405168372436
9.21866487154489,10.9937954404943,13.5156325405232
10.1783659138457,9.83838688635148,11.8824478523583
9.72485506008137,9.63639105758128,11.804780024177
6.09008400169077,9.68690565056203,11.7087381781646
10.4707640685743,9.78923277237122,11.5962339692265
8.3402067520951,9.81600692200592,11.4816230794236
9.66089540487328,10.2919636143546,12.4864030770973
9.41306580077307,10.590491011921,12.3846336358528
12.6031222997601,10.6264105494323,12.3402105544289
9.51769782807855,10.6590220307318,12.3518337336953
9.64167634344014,10.6165211023805,12.3991943357099
15.6115587405618,10.152909255895,11.93702789046
9.78639030069513,10.3065495462692,11.9924446597398
9.10328575299833,10.3853099521639,12.0425552318402
7.98865449023857,10.4983764061457,12.0909791907437
5.79198499005478,10.6282730514284,12.1400182161437
11.985322044829,10.6953116702642,12.8043931254992
8.14125694307588,10.6477664941013,12.8559325896082
11.7186296513596,10.8324014185983,12.9137896948882
11.142091937878,10.7851640670098,12.9827501312742
9.19768279919653,10.7885920251299,13.0591323495815
8.31249920787043,10.9768838341869,13.7489897157801
10.8322392949988,11.0527621815035,13.8575934054456
10.9540536275909,11.0442710807545,14.1041031350947
8.42414186640014,11.1132653480395,14.0263159427725
11.5681910553066,11.182693158201,13.9354626603116
11.4884194390085,11.506352727421,13.9395803142992
8.63618586171304,11.0954327866148,13.7792278906891
7.85122604371547,11.0197900779908,13.6116211657217
15.1789359225299,11.1575952238117,13.3931597983379
9.96411199597227,11.1082422089551,13.2761312430244
13.4221712602842,12.0069619430081,14.9064475218933
15.7553212206121,12.4270511852067,14.8044483268683
12.4984338585187,12.6006908560969,14.8765036505653
11.613566209016,12.4486306414615,14.8755752482691
11.7683494424175,12.4205220156453,14.6909081059655
13.6226357774478,12.0090836915502,13.4709250103586
11.2673340507964,11.6890041007298,13.3341200993725
13.6774475257247,11.7224957666909,13.2529390052511
10.7268054009864,11.7787245934496,13.2385163084497
12.8467595462828,11.7799313631368,13.2480831559883
8.5125705934627,9.95911282537448,12.3763267799145
11.5586810391653,9.99127373308146,12.364655876814
11.8368546672192,10.0335445524319,12.3470100460376
11.1592776651311,10.0714011169248,12.322595631025
9.88672803947315,10.109976760642,12.2798093758736
12.9883836440107,11.7788660701631,13.1915108288507
11.9858961639914,11.2950184029658,13.3498363732273
12.146193280612,10.9606819276437,13.4443214232743
12.0916640062598,11.007746311933,13.4330897164865
12.708887981756,10.7532637531177,13.39178399085
7.48374187258787,9.81844503980295,11.7643654683297
9.33796984845784,9.68734298308675,11.687410862462
8.36513942406573,9.86393786983624,11.5889661526577
9.77946764272495,9.88879022257026,11.4831852573325
8.45952389396879,10.003637487319,11.3807017368426
12.5358314709429,11.7316003571849,12.4310127982997
10.7752079344456,10.5225772199752,11.8203632738248
16.0453862109148,10.6132117535549,12.0076134754127
11.0746869352633,10.6661341957007,12.1869841068654
11.6354796763378,10.5858673674399,12.2865226803963
16.0891076896298,10.2065887875729,11.8577613665562
13.2811723659551,10.1883736575059,11.9232732309995
7.4964524533714,10.2846256128657,11.9890859582717
12.1145148286573,10.4931408797892,12.0458844915587
7.73897543829646,10.6357055670429,12.1006770915624
13.189055670028,10.7308397162345,12.7712161233596
9.08549480009669,10.7909790667471,12.8259874338744
11.4865941167279,10.8117678123583,12.8845376584212
8.44262000166026,10.8186306608045,12.9507139845859
10.7197874958381,10.7680479393926,13.0213278855981
11.0149189604025,11.0327057011017,13.6982810177163
9.23727102434263,11.0502902404786,13.7826933517748
11.8973004002606,11.0446607030762,13.8374717614606
11.402009214213,11.0846382378503,13.8534909347927
10.6626400967191,11.1735394796043,13.8835316779439
12.1549098188011,13.0323666540089,14.5489960366093
15.5174347795084,13.8242694363583,14.8736382242463
10.7953380692097,11.1204802672231,13.6718090770375
11.7594231353055,11.1514538652735,13.4623317990451
10.6526444513336,11.2463612425172,13.3614544987732
16.90474476864,12.2529846704996,15.0497025262502
12.7651673751665,12.4098622157216,15.1164998774314
12.2855985870043,14.5284700601662,16.0168439779204
11.5629133473873,12.7453160924282,15.1861221669896
9.95571295419049,12.4569995210241,14.8375162314861
14.1290102643602,11.9955694805318,13.567094510745
12.4583638261304,11.6963425217949,13.4580426352731
13.5646476888815,11.7303359834945,13.3788122014229
10.947403473691,11.7494116245565,13.3376890461132
13.3167791657762,11.7837692004599,13.311476295363
8.60802319142092,9.9594883981469,12.3381502365141
11.8777717968873,9.99622246706305,12.3192041965405
10.39988760842,10.0293979547022,12.2983809250726
8.66101969384792,10.0610382693749,12.2748235014648
10.0803773986271,10.1096102905788,12.2345477030949
13.7289730026411,10.6152719205387,13.3845931173347
8.19574535792409,10.677087784376,13.3871981803201
11.5800048159146,10.9192247566625,13.3704879204253
13.6040749276247,10.8346851209129,13.340491710566
13.666965175371,10.4898260049748,13.2997694828518
8.30274369534263,10.0261144016587,11.661616954335
5.52591362200554,9.86379362284721,11.5866189906411
9.38561192556838,9.75205473690072,11.4993398440734
11.7293056158924,9.69422647000341,11.3893134022151
12.108874865349,11.0165132734557,11.311472459226
9.37190642696748,11.3449252983586,12.2161095034878
10.2479905482662,10.3568655831363,10.8462914562263
9.43827232128823,10.4177873484879,10.9159017115298
10.6965025653389,10.6689789176006,12.0393382933982
9.78322573811151,10.645109164456,12.2132769583805
9.35993824633119,10.2164837066514,11.7941393219574
13.2428232413177,10.4318770327259,11.8757763136086
11.7358530420185,10.4159618216525,11.944893970828
11.1368540170743,10.4846832587527,12.0101373444981
14.2747021450584,10.3824605833656,12.068577533418
14.5841067231282,10.6395119065435,12.7407354694789
8.24432774626634,10.8379691042342,12.7957362447027
8.22444400956578,10.8220963021478,12.8523814307058
7.62664344684636,10.798964166106,12.9133763660929
13.2264989989612,10.8442971162036,12.9749881367455
9.33725739850494,11.0416333942663,13.6386256819646
11.4869905662977,10.9977441526072,13.6979153482428
10.7109036184709,11.0296325488881,13.7434375249326
12.3040218321624,11.1201136069269,13.7681409829442
12.5214597565099,11.1984807501442,13.7978597615731
8.91242381931078,10.9804744939896,13.8601039219607
14.1467440831321,10.9296651249713,13.7861358185195
10.9300110228888,11.1070793917653,13.6093008198881
12.6687297872171,11.0529643711559,13.4815540652637
15.3690441181114,11.3469133618873,13.4044671871818
12.6379322687488,12.225854037021,15.1199093951987
15.6576246640541,12.2077712290333,15.2024552155084
17.2767740679163,14.7658875557669,16.2818021880149
14.1984077209194,13.4440041294482,15.6175129308486
11.0721108527679,12.2290762706878,14.8780018680469
14.6523065694129,11.7559347514204,13.6316239601569
13.0814041849924,11.7164357779501,13.5348662499213
11.9399907635575,11.6906755256673,13.4553098091688
10.8353723128986,11.7541736155593,13.4004602252743
10.4379873210611,11.8177754918932,13.363017932311
