"true","meld","down"
9.07016401043794,10.1057782134406,10.5970798181415
10.3859012937692,10.1004208312049,10.6013741438935
9.08470612151516,10.101054485602,10.6083857317858
8.99964629185703,10.107069339027,10.6174200446582
9.51287465056827,10.1165177065281,10.6303933661055
9.70743246898367,10.128688282179,10.6460563330398
11.1309658860315,10.1453542664178,10.6661170341945
8.65413168210103,10.1593728784277,10.6898459829215
9.23712888662445,10.1754058231321,10.7252155966376
11.1028452948307,10.206239492417,10.7747860523607
11.1340476976878,10.2560574522814,10.8424934154862
10.5173495065376,10.36494280708,10.9579148007803
9.98206440831268,10.5468977346319,11.1220614671599
10.8072046868196,10.8624715695368,11.3688655736068
12.1720681640105,11.3641926591299,11.7097422384312
12.0647761371064,11.9598672427653,12.0733814431251
10.8465377467949,11.5940505642725,11.8322231328719
10.9459039975654,11.0564688282677,11.4674758933886
9.70389528415533,10.6739183085469,11.1445515545727
9.3919692379207,10.3930388166849,10.87044841903
9.58933287276677,10.2250815183544,10.6435492206481
9.3994853558207,10.1224965046296,10.4630709982397
9.66340874312049,10.047112218605,10.2817652190921
10.3374567898326,10.005252736612,10.1018555809689
8.94305430699852,10.2704950321054,10.4149416566668
8.66135307914432,10.4819353990273,10.6334543753534
8.97130801825724,10.3844424402395,10.6451522629576
9.25709846779769,10.2414762889842,10.5625020209688
9.08982681722037,10.1473340289235,10.4785949273565
9.22227626172472,10.0788825828429,10.3920447555198
10.0518954866539,10.0077864964667,10.2733276936448
10.3900333246794,9.93718719557661,10.1530626773505
8.65145786202866,9.81870768979239,9.95867870542948
9.65034903253071,9.73093166551694,9.81932643983816
8.19508244913207,9.7867718053397,9.89219987955627
9.88768643193146,9.88703423201584,10.0512829055606
10.3931303610616,10.1092934890899,10.3682372460469
9.3890447296894,10.2967756058724,10.6194009425606
9.0742508503668,10.5974571270016,10.9285620450908
10.1830137532314,10.8184455576468,11.1459474490179
9.78838853277287,10.7932311112386,11.1634931434809
10.763985621872,10.5713807095292,11.0116631166913
9.91987683190904,10.3801428295641,10.8531032252908
11.0967997638592,10.2680370695093,10.7464512087273
9.23236105679214,10.1918868810056,10.6634261763331
8.56610531201395,10.1463429523313,10.6046989747954
7.59406127145468,10.1228302290645,10.5683829644836
9.25667302436378,10.1106149045047,10.5454072830905
7.92745304479518,10.1098521215042,10.5307778263755
7.12313489598156,10.1154297185937,10.5231302224721
8.86008548631233,10.0959401347834,10.5915842902977
10.7265395034019,10.0913239755402,10.596292298802
8.1712996829908,10.0941035806231,10.603523438955
7.0798941762748,10.1044211599111,10.6154070520397
9.22616740871738,10.1216698514719,10.6298064844964
11.5354061317955,10.1494515786732,10.6497624495115
10.5921714836997,10.1719001045344,10.6713373302531
10.0225412187325,10.1884257842628,10.6971821937417
9.18506504953128,10.1946169484133,10.7286179147527
9.95421999946679,10.2147684327975,10.7760810698229
9.5100840397184,10.2482001812868,10.8361923636506
11.7181339122627,10.3363070181559,10.9373028227796
11.7991298839691,10.5321458911078,11.1108176069814
9.30567035742791,10.7993973378969,11.3213809917345
10.2440445751573,11.27338289738,11.6471257862604
11.1087899458802,11.815478129579,11.9794940027126
10.2464324370609,11.4732168704697,11.7528808599499
10.9298537878178,11.0728062271931,11.4607224130188
12.0976318414636,10.6256228333847,11.110733179572
11.3360141040647,10.3812347746419,10.8618638819027
11.0445390687988,10.2044737037186,10.6331207842473
9.53531956220145,10.0842550327616,10.4175060047422
10.289273522953,9.98453489747643,10.1722095595096
9.83814599503698,9.90495054909628,9.92648700972175
9.83581218508575,10.3254546124276,10.4592617524024
10.8106753732671,10.6951188028409,10.7855613554093
10.8577486900123,10.4254489612221,10.6886946418819
10.5624622566508,10.2485372106574,10.5821105218908
10.2703327890813,10.1330683466401,10.4774575906544
10.9333243925478,10.0487802260338,10.3657090683081
10.3366719033534,9.97249017937983,10.2356383706429
9.96198547779414,9.86801721412895,10.0553466227127
10.4701619216011,9.73172482147739,9.83549741636431
9.44434924593463,9.51486816450844,9.52445431767019
9.34898794402897,9.51070880112762,9.52774311730566
10.5719142319344,9.82377636244425,9.96270642338403
11.063465354921,10.0604160197656,10.2975107407495
12.2748993561418,10.3533618988535,10.6540603860184
10.7386459144456,10.7038467303146,11.0108417363971
11.7442090634901,11.3105403740891,11.483546193491
10.4626190855675,11.2190038817981,11.4585885156733
11.662882901657,10.7209285670506,11.1289914316754
11.368059007034,10.4406170240421,10.9088031656922
9.95957635227497,10.2755217290449,10.754635586474
9.14641490454376,10.1962718480823,10.6656707603893
10.091606173375,10.1450869303498,10.5992363087561
9.80502843624401,10.1177866201294,10.5589392882448
8.02257377008149,10.1064548818844,10.5343015127211
8.90963830559671,10.1009380852652,10.5234522493849
10.2633184189392,10.10879030219,10.5167874886704
11.8896424557286,10.0888680602755,10.5822253098419
10.8676216643344,10.0859446505285,10.5872478589016
8.81458244176091,10.0944948215849,10.5962368717011
8.3175779788307,10.109976744588,10.6081875861423
10.0406622823882,10.144859731614,10.6276350607819
11.3749969966973,10.1917560482928,10.6522018930745
11.6398963164927,10.2371085127569,10.6794271983461
9.59980581697,10.2652749677838,10.7058867108331
8.91728055698789,10.2439180977046,10.7308620634133
10.3990559639317,10.2412286526217,10.7716410174971
11.7711655558588,10.2484163997536,10.8204571409474
11.7566841079943,10.316988609003,10.9076212605566
9.74603969386196,10.4578206513544,11.0424662730221
10.0238952508,10.7048402972923,11.2316391928718
9.17827713594846,11.0079594813131,11.4284782584487
11.2124224470036,11.2732167470674,11.590630522607
9.08995248982461,11.1758560824012,11.5165113166595
9.65492212387773,10.8698591413863,11.297110127826
11.1266866077167,10.5622356032133,11.049056099723
9.87888765498858,10.3364217669337,10.8325535484775
10.5982990180692,10.1849307787951,10.639889667513
10.8854237493993,10.08133871815,10.4611329406241
10.2780107976121,10.0323218126063,10.3149585608145
11.2964912573234,10.0775759985718,10.293389370215
10.9220690811749,10.2412460526963,10.4689086000464
9.90273474683125,10.3936519502387,10.6226840101538
9.56171904264942,10.3568765020616,10.6499070466273
9.32945488931914,10.195011950442,10.5520780213003
10.3397296829474,10.1003160319663,10.4538701254487
10.9049301399186,10.0204751699095,10.3421085652397
11.4596345945651,9.94201180613591,10.1989575007571
8.1451718888111,9.84372291804673,10.0248388097327
11.0950627227941,9.70496889036671,9.79613496987668
9.8592176799138,9.57887970080539,9.60722842295571
10.3031090173655,9.61756738600356,9.66406485894486
9.84647703339678,9.80718160911923,9.94629381839166
9.15976707602844,10.0557603134307,10.300758461451
8.76345566499566,10.3241329004488,10.6307191389575
11.1867414869954,10.6989347667563,11.0030849217567
11.0233493154315,11.0539844005157,11.3113456651902
11.6701140590027,10.9808066109936,11.3018801651081
9.86813564244726,10.7206366206594,11.1194552421287
9.78741114855619,10.4066429177075,10.8777997813943
9.91147623117125,10.2815582289971,10.7434628053759
9.40976415637382,10.1943742924458,10.6387889621024
10.5146399243928,10.1552651561894,10.5757142402925
11.577441097792,10.1302117963169,10.5398813406098
11.353840974933,10.1139789435167,10.5177315308151
10.0584016670495,10.1039821320432,10.5116615595513
10.8998263675462,10.1071200748249,10.5092883668062
10.2967120418805,10.0838418361369,10.5683863903631
10.9779022168564,10.0798176557132,10.5724511644095
10.792357218517,10.0916864798113,10.5817536863275
8.47425850910631,10.1220839824509,10.5973698639688
9.44349961600398,10.180036952002,10.6218524998704
9.57600294681372,10.2597932231778,10.6526441776532
9.167001523575,10.3614324350362,10.6907333027894
8.9063285473485,10.3968572989255,10.7180897476539
9.00588833780962,10.3288088801783,10.7320151507214
8.45784280309762,10.2598642507127,10.7527481515321
9.75442566121488,10.2512384412897,10.7969365651787
8.88038340331429,10.2966922923173,10.86955635743
10.7292395384738,10.3937800326432,10.9653185017794
9.8539392946755,10.5756995115623,11.0957858500883
10.5594139730059,10.8329062391716,11.2578105784031
9.01035629065908,11.073370557084,11.3657601314115
10.8832779050121,11.0176755595293,11.3244054384412
11.3484599452526,10.7365254932486,11.1526671857674
10.1800483417663,10.4752141057197,10.9657546878043
9.58234092117313,10.2919548947501,10.8019129642778
11.6527280461592,10.1550528428404,10.6432344709263
8.8917759298369,10.0871634405946,10.5321112635532
8.49256990594641,10.0467372139034,10.4390699158519
9.38939305812708,10.0731935368536,10.4390293762003
11.0596853911493,10.1607194540058,10.5373422555169
10.2606057280367,10.2082074335183,10.5357853647138
8.47119331593157,10.2013776060053,10.5587910330309
8.17191180451737,10.1300414201564,10.5095891423098
8.53831707906217,10.0573176684583,10.4236517146017
7.73135451634971,9.99450914924781,10.3188208420933
8.92098429938505,9.92789825561115,10.1852458337844
10.6066454946259,9.85518724751643,10.0372531820997
11.8836428774694,9.77723621084828,9.88965823502412
10.9787564600108,9.71950580880315,9.79445816058048
10.0087301713904,9.76843247282094,9.87360282378313
10.1152054929388,9.87658768364886,10.0531311149942
10.2660859690438,10.0503908562229,10.3148154925978
9.83684507752291,10.2311504146512,10.5654261206088
9.37507841212284,10.4518884639333,10.8202871310515
10.1740323291488,10.6365989332854,11.0152817621286
10.8614856682254,10.6205445663087,11.0336849421774
10.233081201538,10.5146116562448,10.9576419481989
8.5868589534907,10.340408169596,10.8051149735484
9.25062314843319,10.2496183824928,10.6883044067373
9.48290767856214,10.2065918098762,10.5936824492393
10.4948881136113,10.1813901696014,10.531994360765
9.88429292394236,10.1615612462943,10.5025997529871
10.7939951520674,10.1295738245733,10.4966689711474
10.4608897940962,10.1146049937273,10.4942955628006
10.1190665402514,10.1125249530894,10.4974633361389
9.24946276475191,10.0769555653065,10.5483627616365
8.26579515792662,10.0740221291797,10.5501475582942
10.303821912382,10.0893494831633,10.5569020257294
9.05903542026933,10.1293992391145,10.5763987087074
8.68855430322199,10.1975775998952,10.6021430157148
9.57313358172232,10.3153543674876,10.6414620068811
9.96251806218408,10.4875471689554,10.6910156171813
10.7384621424904,10.5887829421068,10.7309631728862
10.2754481836388,10.3989009577305,10.7234050437439
11.4288395230482,10.2764570302764,10.7296150159969
10.2220438467559,10.2449045310744,10.7627219053941
8.7814598652318,10.2663517375442,10.8158349006806
9.96459842875414,10.344912326163,10.89108420341
10.5782836284119,10.479552975809,10.9858239706962
8.76921003026246,10.6750521731574,11.0953827274786
11.3267011889033,11.0881687745002,11.248299891059
10.9866082817893,11.0543236656998,11.222716499799
10.1792524955964,10.6167833790105,11.0337853052876
10.4848685409252,10.3887587827643,10.8899669413709
8.27307894906945,10.2359636872002,10.7665089605999
9.82141375700641,10.1387284062723,10.6643118453068
9.30571767967736,10.0757777702535,10.575590976009
9.42783194056101,10.0501212474395,10.5236066265396
11.020537664689,10.0612418773476,10.5198159497665
9.52398521931396,10.093200662549,10.5561430195346
10.1908725999385,10.1097843239451,10.5013954429266
9.38343805215536,10.1058201817362,10.5096474838648
9.24067731466114,10.0720600212395,10.4733237853167
10.5583523816766,10.0238024023819,10.398054896554
10.1689054005628,9.97396006822111,10.3010208082563
11.6164049352864,9.91793725817173,10.1689116956193
9.32764787168566,9.85225163217375,10.0237022072119
8.87948189321588,9.80107222058379,9.90493160628299
10.889738198294,9.79015349440718,9.88290811187296
9.85477075124464,9.83707660642364,9.97285021003815
9.3567967199345,9.9259470953151,10.1363661685248
9.68129559270455,10.0371848920651,10.3261741773688
8.81617354979452,10.1543479362833,10.508749094624
9.90439885357004,10.2648425228613,10.6680026298649
7.74308639036775,10.374046299776,10.8083373611135
8.3849959029856,10.3741664304473,10.8328222287277
7.75680354279548,10.3226411487362,10.7914369603003
9.50281400890287,10.2508332768357,10.7049078668481
9.50064069292845,10.2168313111155,10.6188011791962
9.02612549207126,10.2176076712065,10.5378306908401
9.0613435342458,10.246394386811,10.4702571050908
10.9628684243634,10.194970832264,10.4646555826303
10.6210220693744,10.1567427948101,10.4663993681518
10.7092311946463,10.1232178501026,10.4783951368139
10.9439149153371,10.1136696682227,10.4876162625127
10.7944773997243,10.0697141910047,10.5179949779966
9.44507377088735,10.0676094170863,10.5174871850692
10.3635781973419,10.0846822697024,10.5239755854052
9.46520911026419,10.1319365853367,10.5427832275007
10.9744203696776,10.2022935256801,10.5687768131173
10.065122652992,10.3114511932904,10.6073818403239
9.43159886276172,10.451937303092,10.6539756533992
10.1174409408091,10.4871553800427,10.6826575900242
10.8187773622969,10.3487998244394,10.6837114323258
11.3826880804569,10.2671395044778,10.6948459244197
10.7013273415133,10.2274864664024,10.7210397842246
9.66216872996776,10.2351370469472,10.7599692947488
10.3114210805568,10.2897594418017,10.8166507330241
10.503293169216,10.3859290607457,10.8829979804504
11.3830026298368,10.5465195363207,10.9698290251063
10.0996895156706,10.7461629551457,11.0508166559647
11.1364053009736,10.6662584260331,11.013627928448
10.0277639557979,10.5003349037544,10.9331913282976
10.4152715130728,10.3033158894339,10.8252075376177
10.0499747339486,10.1856624052827,10.735302517112
10.4973282951135,10.1118800354713,10.6633770293789
11.0780623195999,10.0666348528885,10.6109824014643
9.94814551466913,10.0446227737288,10.5765853990217
9.82697286012124,10.0417642567237,10.5642513933432
10.1361230015903,10.0508887603201,10.5690687850408
11.0856876385974,10.0560289069548,10.4921989426565
10.0474961045465,10.0491262675937,10.4815245779328
8.36338019415693,10.0344328746714,10.4503643505211
11.3806858165489,10.0016157762739,10.381548790533
10.3334115098818,9.96291322317759,10.2930305081017
10.0185379814575,9.90784354531148,10.1568091929641
9.64280964710299,9.83371545577311,9.98002786054917
8.59889205819643,9.76987786194454,9.83203924646897
8.45862883820812,9.79057341445442,9.86366473112437
10.6257641066982,9.85535526879839,9.99612833477795
8.9075163646137,9.93727295038353,10.1665940588001
9.08738063251067,10.0219182370637,10.3286688505805
9.44134229016529,10.1029310494292,10.4731140277394
10.4278976857646,10.1585839302203,10.5758877873009
11.0195803883574,10.2159500229421,10.6681389886313
8.98165783348226,10.2254430043213,10.6988783412503
8.78205684554145,10.2028493088161,10.6757264723743
10.964036882596,10.1792958240506,10.6219123870984
10.5872505496176,10.1824119736142,10.5582146554449
9.07160405398609,10.2260430079096,10.4864408493908
10.3757926068563,10.3370283050358,10.4009935014943
9.28176836524261,10.2692804253571,10.4088269055832
8.08890847377234,10.1767398729883,10.4395880683049
10.7758426213155,10.1238020150761,10.4625738279534
9.5641554614287,10.1135981143683,10.4778770688396
10.0209977026674,10.0601904743383,10.4760571017991
9.01558746613069,10.0545255220852,10.4649756552363
8.68687092698493,10.0755708583878,10.4699498560418
9.96528293694759,10.1210581640858,10.4880541331671
12.799825658947,10.1954842167092,10.5198919315839
9.79975615570658,10.2769447179323,10.5546321808464
8.83172641919253,10.3561266667853,10.589790616195
9.35686886086507,10.3474649879107,10.6157473931199
9.94821598906223,10.2852859223146,10.6322941537394
10.7617908903463,10.2259445985172,10.648085061167
8.87881124096197,10.2051677042256,10.6714323025064
10.5500178871822,10.2217416313568,10.7065409849171
10.2245930263505,10.2560000766719,10.7486454514722
10.1040011528604,10.3037198282009,10.79252159598
9.4336749711332,10.3822991297577,10.8415277432113
9.80359247232611,10.4266063032877,10.8716679077773
11.6458619113228,10.4152667794699,10.86702840509
10.9292541301546,10.3156088010233,10.8192718644053
9.59676081268383,10.2169293289902,10.7621229239976
10.0183417613845,10.1374893237902,10.7073858976802
10.8123740879003,10.0855542902299,10.6611366824477
12.1525138896292,10.0517801689375,10.6213716965209
9.08906971078873,10.0350561919434,10.5995043738878
9.00774591467394,10.0304938485925,10.5888701676513
10.8499476616381,10.0309031349414,10.5834810888046
10.2805348842364,10.0323034468406,10.496852229068
10.5514861497859,10.0277428325141,10.4781678332871
10.614516015891,10.0145384612097,10.4405004133244
8.55850877682416,9.99261432955648,10.3840476470008
9.04817992653117,9.96038678569211,10.2972908479809
9.04069165521077,9.91541012992982,10.1732466500257
9.42942742809739,9.85004435717163,10.0060836135282
9.66554484845479,9.74272360600725,9.78058417395198
10.2783833327175,9.78131852644428,9.84313962160777
9.26054496621573,9.86887278537252,10.0238152876
9.94569196439407,9.9482234926091,10.1976171000186
8.60357134070169,10.0068454723528,10.325822148963
10.3633064092841,10.0609118490363,10.4411423071467
9.57718871496832,10.102881881839,10.5282310442477
8.76913992878834,10.1276723364647,10.5821197787932
7.90042180932859,10.1360452462653,10.6084661096544
8.51693210940476,10.1309606516069,10.5980958450729
9.50332690007077,10.1297611072082,10.5656897969452
9.46452013346103,10.1431283668529,10.5219787296285
9.05241293489105,10.1874007669868,10.4621720300638
9.27143925897444,10.242802291267,10.4102017709804
10.5901949199614,10.1970661688154,10.4169143374006
9.76719035776297,10.1486639459587,10.4324151702636
9.83443705524536,10.1195550282048,10.4519404948246
8.78787857561593,10.1099044449455,10.4689752084742
9.38553270769212,10.0466299186218,10.4138022446356
10.5911015740425,10.0383132327033,10.3895029946878
10.8485495228427,10.0534493123218,10.3846788595011
10.263663607951,10.1050543483343,10.4115293090816
9.49375694450762,10.1842757029562,10.4511909845444
8.15462640823882,10.274558396497,10.4875312549869
9.67904376284473,10.3325253134326,10.517953413081
13.3798554876412,10.2918812423539,10.5523324663202
11.1735440780726,10.232721332071,10.5751154616303
11.3473616063616,10.1984231512735,10.5929099900285
9.87320265353585,10.1979147619988,10.617724075539
10.6059424119365,10.217528817471,10.649068252506
11.1328226531133,10.2542291086461,10.6875650819547
8.51267058760552,10.2794808339857,10.7230943994715
9.15470161267963,10.2923407742285,10.749969737768
9.87601864913524,10.2844658718903,10.7639096597049
9.19300701126944,10.2632128467991,10.766423451281
8.35220457756622,10.205541406242,10.7438466496442
9.67731110950431,10.1457085172656,10.7122222502556
9.55761278132502,10.0972110679881,10.6809614668931
10.4528327453695,10.0631187389334,10.652972460075
10.3510163755695,10.0404249836623,10.6306979130657
11.0276467161202,10.0278283325171,10.6144856589742
8.86799294002788,10.0251345006744,10.6046524201914
9.78869569975991,10.0248813041106,10.5982459379165
10.7482204147079,10.0241917464985,10.5070273109634
11.090389035531,10.0224196587465,10.4872217284601
10.2181647010265,10.0158306006186,10.4554088871013
8.0580899664337,9.99823989467679,10.3986936720088
8.87668298103424,9.97512396583596,10.324402535936
10.5215081255935,9.94145128116852,10.2218145825696
9.31082124732675,9.89535487704178,10.0928468867445
10.7529890601421,9.85871901967582,9.9943670788618
10.7435064744144,9.87781066332809,10.0323712297208
10.8952481629896,9.91666766954939,10.1223270082074
10.4240642314482,9.96802733766082,10.2455655842717
9.76734098899403,10.0080958523401,10.3430197094421
9.30754930464052,10.0450624243474,10.4311234314916
9.49753002555314,10.0669621433272,10.4940568188818
10.9708182659414,10.0814754822628,10.5357359786628
9.38778063251692,10.0878019237212,10.5530067978749
10.0208588844793,10.088063034026,10.5455631028872
10.5014561258861,10.0893999039994,10.5264945583183
11.8129038213599,10.1035315950873,10.4945914805309
9.74909773934859,10.1245169922339,10.4584656568415
9.65071186647627,10.1383350430335,10.4316387287336
9.1456471123273,10.1384281825905,10.4200922919137
8.76073219596399,10.1080041712044,10.4307164450262
8.85032659378842,10.096286138259,10.4451210402328
11.155370560282,10.1003375811124,10.45985042418
9.58798901089352,10.0200576846081,10.3283983174493
9.33344800724844,10.0017673521495,10.2726186363453
11.1435955904192,10.0178899081323,10.2706050078014
9.03497625362642,10.077160017872,10.3212581622826
10.2657382954309,10.1711321960151,10.3746889372155
9.64720103372064,10.2952523689782,10.4144178499808
10.4165953040155,10.3617369254338,10.4464079369031
9.90527156953208,10.2742230894427,10.4912335614629
9.97314466884568,10.2002931183157,10.5158037436682
10.010354068131,10.181521859593,10.5300278988685
8.17694939881865,10.1821082804651,10.5475670677249
9.91471308960749,10.2383204512507,10.5807348467891
10.8228597785479,10.3076446729643,10.6293911415695
9.54125964706255,10.3213410141543,10.6644844699243
9.58400244355053,10.280686860031,10.6843781046417
9.17073398801263,10.2314944607125,10.6956910916937
7.78243065429311,10.1909973616594,10.6963309194931
8.70184123574879,10.1435598277867,10.6881994958435
9.04356896654981,10.1024459251744,10.6751914817323
10.1713187918086,10.0698823927091,10.6594592868309
11.403352598824,10.0465966814113,10.6445253398517
8.83637228484327,10.0327359141972,10.6324102491934
9.23375285993343,10.0273881445974,10.6249728270936
8.78556131570827,10.0258714508427,10.6180191706306
11.7822949582379,10.0281781132876,10.6142383367915
11.6111806400582,10.030152960358,10.5254924512611
10.5597908088818,10.0328038240355,10.5097482401208
10.4369875629501,10.0279872520794,10.4771556946068
8.89924302581567,10.0178189431837,10.4302614107998
10.57540099619,9.99949084617512,10.3617171657977
10.0698756410919,9.97491843821212,10.2803689547961
11.5765061303092,9.94726097776754,10.19528826526
10.0626257476087,9.92747337641633,10.1357558839405
7.8489963199309,9.93824873399308,10.1574542391078
9.51915798664828,9.96010784879306,10.2128381911448
8.99069684525319,9.99198149294505,10.2932788011943
10.7315264046568,10.0233355464972,10.3716692593144
9.85112174870975,10.0453402757177,10.4316166134047
12.2071361419478,10.0604600411634,10.4826803279146
9.59508328273,10.0657574832023,10.5111199152578
9.63113470940142,10.0654165260745,10.5234800138477
11.4487099557361,10.0616789000625,10.5177429948186
8.41712247724314,10.0636297835847,10.499292804877
11.3015520093133,10.0669102122782,10.4763186712635
10.5890811264212,10.0767641258715,10.4485615342713
8.24995166155892,10.0818456042444,10.4283085555679
10.7478266295714,10.077423693752,10.4224702679031
11.3688933631969,10.0750732410013,10.4244749603415
10.2776240753023,10.0732114945178,10.4346885968134
10.1701419891454,10.0838253367104,10.4490934689665
10.0094264896902,9.98588009723801,10.2297594586234
9.71431193697897,9.92449462572401,10.0861107725113
9.86726116475901,9.95319719421254,10.1031348247058
9.79026583713084,10.0307737765754,10.2096750482469
9.95812987534259,10.124823071291,10.3127321758684
10.1246301273213,10.2257482962219,10.3807873071677
9.77115580148667,10.2758731699839,10.4210655774989
10.1845843380799,10.2121494894963,10.4531468850201
9.5066656818636,10.1604323107146,10.4573274867591
9.86827590736804,10.1401409156413,10.4520596346168
9.71376996639946,10.1611139615206,10.4515466855418
11.2319456947041,10.2566486889745,10.4847560122585
10.5644088744629,10.4280538489014,10.5611885934356
10.9468810750223,10.4169006350645,10.6045732803703
10.8907737977817,10.2967976665895,10.618833812405
10.2210083804031,10.2198122567517,10.6356333655177
8.80974504286835,10.1588550655961,10.6450465789303
9.71915425959013,10.1153869021103,10.6483245805281
9.84025282859857,10.0820050018531,10.6496109709153
11.2274922927637,10.0549727889441,10.6426214699771
11.6028502246629,10.0388134965261,10.6395398855008
9.47145144318401,10.0304505916937,10.6346986841189
10.3896933673559,10.0300555327787,10.6330094607407
9.87532383680579,10.0355972862261,10.6348828149568
9.10674266449763,10.0425451931766,10.6358859081947
11.1465916998932,10.0502790972992,10.5525123793194
10.8965676862175,10.0624789331184,10.5460762223979
9.51797437804873,10.0594339367865,10.5185382867337
10.9261315898548,10.0541219815457,10.4748466513879
10.5833074521705,10.0365855757434,10.4079421937515
9.40168029058897,10.0095511065008,10.3262510470224
11.2477444363133,9.98458314277064,10.2572497126876
11.7132763291949,9.9683804664152,10.2132841667372
8.88700820478511,9.97320666185646,10.2271337826993
9.05897336714308,9.98980755026153,10.2693212473088
9.68585050284745,10.015871681515,10.3320864803356
9.28814369148052,10.0434865832941,10.3930533295077
9.83115280516681,10.0687755773032,10.4467130349271
10.0294349998434,10.0805424895797,10.4846992116073
9.43534639858976,10.0739980234285,10.5037172069725
11.4921123378969,10.0651297063575,10.5098540562261
9.54650458212577,10.0516225540607,10.5006327256264
8.12402909445639,10.0426738085468,10.4828066998627
9.35345266682289,10.0393240732483,10.4589182931005
9.98197957577873,10.0402819646505,10.4340247516587
11.3696240733137,10.0390029284837,10.4120599038778
9.72597714429324,10.0400914660728,10.4018421031422
9.13405036808639,10.0429206546076,10.4028551998231
10.1845270504737,10.0543155633388,10.415844031742
8.84730940275904,10.0713569599893,10.4324323369165
8.66244334202458,9.96120680651524,10.1673168906003
7.13483665490378,9.85422074864733,9.93024054745311
9.75858674946935,9.84651188827107,9.88632804349296
9.90215126683671,9.98510266248918,10.1279401367896
10.1980481828832,10.0869227433733,10.2949437503905
10.0045904649694,10.1418604518278,10.3688577036916
12.144487933263,10.1666779615987,10.41373619701
11.1817054915601,10.152271113241,10.4292243330667
9.22988439070286,10.116793194831,10.4122299786828
10.7441324954306,10.0932651020824,10.3623808980512
11.3226148580833,10.1048946257441,10.318805369551
10.4053933741606,10.1768831805767,10.3208394780723
9.46825239083413,10.3225920768121,10.4120945132783
10.3659051588927,10.379569388195,10.4980089207376
9.5305842032083,10.2937537071966,10.5438756161399
11.1279342573805,10.2133304198223,10.5780199169956
10.4740137662384,10.1523670091154,10.6038017897424
11.671415104545,10.104159126579,10.6213485031073
9.48206536062043,10.0698715436874,10.6300458200798
10.4190423929197,10.0480612066604,10.6318068089967
10.9791702926495,10.0364660171901,10.6349390663328
11.6147649976933,10.032680222747,10.637761588481
8.16368843293364,10.037183162475,10.6432643063277
9.15372047799262,10.0461816410578,10.6487936918105
8.17107268267062,10.0624003860334,10.6585185716833
11.2219067365267,10.0849743414843,10.5868601163203
9.36171746733411,10.1080604870796,10.5913488930918
9.75532332302273,10.1226417571186,10.5795801733017
8.67846451179031,10.120361828735,10.5349078821339
9.55016043063107,10.0942483049546,10.4568636804418
10.1764480821089,10.052676243401,10.3592664383755
10.4093347192881,10.0031618259116,10.2631362139886
10.3585997492441,9.98113310802701,10.2225299136053
9.83297713468324,9.98744320919263,10.249507375351
9.20714945158358,10.0079769201501,10.2969464629997
8.87898326058844,10.0441424501665,10.3592412602713
9.8321646284944,10.0815541565315,10.418813347532
10.6085514983644,10.1092414223569,10.4645929140822
8.64752907466878,10.1203828428485,10.4961457615267
9.58970506382642,10.1132159152798,10.5131210997475
10.9926756351126,10.086573540876,10.5090033437215
10.306059312908,10.0626556506852,10.4935688006901
9.52051589260103,10.0372012632882,10.4688575057964
7.27052442726816,10.0246717044626,10.4422292514424
9.05447657464218,10.0134697186174,10.4100797009043
10.0503170199965,10.0075656300073,10.3822186410654
8.35842317543807,10.0091589168319,10.3617491072559
10.6962966484728,10.0197995464952,10.3675598629586
8.87272232568533,10.034340776427,10.3806346992685
9.07233549739473,10.0613995066494,10.4130763408015
9.58033899683693,9.98688129629147,10.2229609966437
11.7262004950738,9.939993457807,10.1099331347533
13.1938812376482,9.92464102370677,10.0570729815271
9.93037801451578,10.0019621747541,10.1925112581746
10.0138525611046,10.0758058166806,10.3219503065218
10.1635889556194,10.1296577845768,10.4015276909626
11.0219081142253,10.133597592081,10.4239868880524
9.95299201977523,10.1165826308938,10.4203401211728
9.18836056504446,10.0828468706863,10.374678328285
9.24087472167992,10.0367159309682,10.2761777525811
8.00837711896344,9.98864236820969,10.1271623883893
10.8788046451245,10.0360723660668,10.0985985864966
11.284628838179,10.1624108415733,10.2291122780067
11.2462921911389,10.2450558128753,10.3570608230531
8.2904523293742,10.2803952406101,10.4618063334372
9.84759810769768,10.2220926490644,10.5232763349331
11.2297241052695,10.1559238060944,10.5650246940447
10.5531596672155,10.0999110411716,10.598250029199
8.90538100287966,10.0668467284429,10.6167958822709
11.4345489431963,10.0459879545873,10.626549538237
11.1420923517277,10.0393180133701,10.6361538161685
11.0029205362976,10.0397783212997,10.6431931306878
9.56437845813703,10.0491051625259,10.6545040221598
11.1642996060959,10.0699363752723,10.6695098049039
8.58254155970293,10.0975144076515,10.6873522877017
10.1396806888657,10.1438266778679,10.6323693322922
10.5855867571154,10.1956149090598,10.6610306138717
10.8773993803644,10.2366282849173,10.6735093964429
8.96523827083077,10.2659136071891,10.65286668107
9.78704065419639,10.2120182014755,10.5395910547826
10.2118344214843,10.1018239790927,10.3566880487082
10.1805511739765,10.0089193847209,10.2157335265839
9.09254031855859,9.96937663065025,10.175750963285
12.147166030189,9.9831039312168,10.2227262402203
10.7143622362611,10.0189743907945,10.296593024522
11.0249341650433,10.0716268158505,10.3750324518157
9.06682955918029,10.133182571563,10.4417163875677
10.5380525458702,10.1975588973465,10.4965807412342
8.70616169112169,10.2118247071773,10.5272060015741
9.72957791105891,10.1732505828968,10.5291298615978
9.40654279954507,10.1208871275071,10.5159122205664
10.3971221542346,10.0719861901463,10.4907733120581
11.484199399839,10.0372422544184,10.4589917533941
9.37689405330494,10.0139029382257,10.4208011394751
7.9573102462483,9.99601487346718,10.3748146392829
11.5811667815792,9.98312981450111,10.331642452516
9.91641091995905,9.98021385143747,10.3008637694393
10.4721672635032,9.98986059588055,10.2976033519536
9.79019675671104,10.0200650444134,10.3360547845996
11.6851717592902,10.0514470407723,10.3804306364896
9.56316381784493,10.0340026397149,10.3352250325019
11.222166128964,10.009130135917,10.2714332005959
9.86549533189496,10.02359986986,10.2725426551389
8.83016446424689,10.0602529774145,10.3196572332646
8.79913596213106,10.1090939656558,10.3968127057602
9.92902191390394,10.1310577427297,10.4403334423527
11.098856825943,10.1343026144625,10.4571471119345
10.2074097325446,10.1046451139247,10.4269698169129
10.8314885750071,10.0638612653063,10.3655118705292
10.3591593731092,10.0121684674047,10.2510361880492
7.95675935896479,9.95605601559016,10.1070502513164
9.84546494002156,9.89491121077402,9.91250525641703
10.3696491409265,10.050978290379,10.0951327703839
11.211751213432,10.2262423871962,10.283142461557
10.3565712464167,10.3272724025952,10.3875036961236
9.47812187975809,10.2295388884286,10.4870554077778
12.8044251067268,10.1522270878544,10.5494146817755
12.8471354565668,10.0962934117775,10.5875637145011
10.918789776705,10.0640690980432,10.6104960719451
9.50020218468552,10.045266263835,10.6260997411271
11.5286121570957,10.0413679142219,10.6380086633094
11.2597466909032,10.0483518529171,10.6509545898723
9.96682625877694,10.0637218727634,10.6665608970233
10.7422172262233,10.0983332550129,10.6906835750493
9.5322008093015,10.1503899370263,10.7241844007445
9.6367352904884,10.2193324290139,10.6835345694988
10.309044624451,10.32659984597,10.7490428920848
9.35029263000838,10.4343235307896,10.8170400445884
11.0836285356499,10.496842282217,10.8327994479035
11.7443118988585,10.4211880536466,10.6889860942557
10.9225764767158,10.1725867637387,10.3497041810553
8.87137437229475,9.99888077785782,10.1209062627677
9.95218958200434,9.94314985198969,10.0895878853535
10.2217414361466,9.96782798902855,10.1658600973301
10.1311356761733,10.0339490078606,10.2930331030737
9.92566919228589,10.1042837986683,10.3857183508154
10.5266368416661,10.2063194954557,10.4680748423456
10.7818989215983,10.2952482665813,10.5291374883678
10.6136926305166,10.3730428357248,10.5731091984003
10.286809834956,10.268170890281,10.5582432953387
11.5492343534382,10.16152522029,10.5259313877959
10.2587026929016,10.0872122370178,10.4903613629077
10.6367815652441,10.0406460720598,10.4501065597744
10.6627458147346,10.0089252312631,10.3996696311185
11.4850626447226,9.9839484413301,10.3322777752839
13.3120119362266,9.96389848483413,10.2692523260514
10.6324800422073,9.94105650849787,10.1999687205362
9.43799670096528,9.95525706615065,10.1993407796538
10.1107986195095,9.9985430211425,10.2630246043711
10.3212142435397,10.0527938376074,10.3521947543721
11.0180568416014,10.0663496923556,10.417864132873
10.2002334188738,10.0658808232208,10.4045160780967
9.5067236725615,10.094517270969,10.412953539326
9.33439648473062,10.1477152042762,10.4451401747856
8.75274297146412,10.1901147193404,10.4884363025349
9.88775436873443,10.1956056460427,10.5102035654361
9.2395982449742,10.1683840554324,10.504867590487
9.7310989204199,10.1248156387246,10.4679639732135
10.5426832355728,10.0715483096402,10.3960204523491
8.66432393036478,10.020880223762,10.3049162889025
10.1809879490906,9.97457805829496,10.1879211297764
9.5229153758817,9.97923341846171,10.1452913419532
9.64728134454183,10.0633916172018,10.2225388826494
10.4200434943346,10.1658762702882,10.321661283961
10.1178100817198,10.2513887969243,10.400634098924
10.0164212984807,10.1935685840572,10.4919438098286
11.0291553030093,10.1338337978645,10.5471492587571
11.0606788483169,10.0910447115917,10.5873250540228
11.6504025273764,10.0616949089231,10.6129503530427
11.9390022224516,10.0476309230327,10.6298185767944
10.3400232779592,10.0470567974958,10.6448288182014
10.7210766184463,10.0573401029053,10.6599173065378
9.7591409752086,10.0783416067611,10.678846949992
10.3438917988555,10.1208636786068,10.7070885219152
11.7014694304805,10.1983406312522,10.7511890720318
8.7116780822239,10.3172316762661,10.7359116265406
9.36059556544238,10.4986743120796,10.8372162265308
9.63569452199249,10.6800447228972,10.9793569941323
11.1171966525453,10.8182419466641,11.06157060681
9.75464372890754,10.8675836182515,11.032582016221
8.86473642804768,10.4183150691493,10.5528030389324
9.81498560046736,9.90803067273635,9.90018350871079
10.3490979402514,9.89769434433751,9.978907714609
9.24558080059767,9.97724587494558,10.1500781284618
9.81164300513481,10.0555264765132,10.296703036395
9.2798710986545,10.1401297596438,10.4003145198693
8.58397641552856,10.2542567683508,10.48533452454
8.36747513794672,10.4150669828702,10.564934061864
10.635460250628,10.5475336926979,10.6216255247438
9.44466738434028,10.3009083112301,10.5691185018919
10.2780551818673,10.1774579838152,10.5318980506374
11.4433725425287,10.0942533879942,10.492227023283
11.2095611224318,10.0440117088727,10.4487248985361
9.45121920578383,10.0129112047768,10.386479642537
10.3865332962019,9.98132791138746,10.3022266243373
10.3764995506507,9.94063591621171,10.1864178547027
9.59595147445793,9.89048129297365,10.0620534272102
9.27046291452818,9.89835533897008,10.0489743497614
12.2762404971066,10.0199836034995,10.2364177175816
9.40939145170459,10.0723048611781,10.346845237518
11.2100159441189,10.0957066918496,10.4952630158211
8.48623997299869,10.1101512363586,10.4968842427058
10.2482300845119,10.1581941929353,10.5155080472217
9.78258599604062,10.2417983063764,10.5549638522384
10.6404036154037,10.3255725674656,10.593926001327
9.82528332239671,10.3201615773123,10.5968509946945
10.2732603291308,10.2525157571393,10.5708747907453
9.49332817838363,10.1592005334107,10.514858807985
10.5016851450626,10.090736230694,10.4595877506694
9.90988615149457,10.0444058606132,10.3915298028637
11.3930092331697,10.0142737264204,10.328632802247
9.61658829190627,10.013730515573,10.2984243996878
8.24300243040301,10.0546021647618,10.3339742568244
10.4053341684238,10.1219926839184,10.3975327719851
11.7051494568911,10.14748864488,10.4582808030141
9.46932419566153,10.1337011140588,10.5173553219212
10.0745557184654,10.1094931212806,10.5632569589298
11.0003353454953,10.0767643869182,10.5975194241564
9.7450759375844,10.0589788114325,10.6225392080968
10.9281446629788,10.0499528002647,10.6392572533166
11.5026034874219,10.0530988926182,10.6547771055588
9.55448136310404,10.0658791068078,10.6706683462146
8.99754790709015,10.0913607816682,10.6912838142573
8.91607076717766,10.1465384226346,10.723629277653
9.21936778250675,10.2344490760033,10.7703750762554
9.14271186129486,10.4109153487369,10.7729540634464
10.8175062263322,10.7037156880174,10.9089615976736
10.2944898840942,10.9639519965172,11.1031334862269
9.7269532976571,11.1567383188917,11.3138819666482
11.5813924939296,11.311403302027,11.397902650664
10.0725923422306,10.5888535763864,10.7280177091116
9.51132819453083,10.1470624087227,10.2544991505856
8.58158042761946,10.0337298515273,10.1774422881397
10.9170637087978,10.0447220374003,10.2375877286802
10.2020671088595,10.0957251292768,10.3342367023423
9.9608894632931,10.15289253831,10.4154962797389
9.83547144068297,10.2336355446729,10.4883850014193
9.88072121268679,10.3306982483673,10.5472880732725
10.4670214538966,10.3619868746943,10.5777681192229
11.0539014925927,10.2745605959446,10.5625771120609
8.46002946296351,10.1498027274004,10.5262745278099
10.8205625335533,10.0855095253378,10.4934154706471
10.5418757169856,10.0484572074305,10.4543181951372
8.71851802926084,10.0234195184166,10.3951745314316
10.2250012623144,10.0017372566187,10.3093239070252
11.730747687712,9.95290063176693,10.1509525567065
9.30971825315324,9.86473353590854,9.94992306216646
9.73832033798004,9.87262201531658,9.92345434175055
10.934213613069,10.1018735099145,10.2690541519914
10.1945869882484,10.146720537343,10.397604983631
8.99289641535951,10.1109491566007,10.5410347416739
8.75367659989037,10.1322137567747,10.5519372955161
10.0867768328608,10.200472169617,10.5816774424952
9.63521319494579,10.3350892178962,10.6344621933232
10.7741198079358,10.5667397475356,10.7050516710617
11.8603380776397,10.5212618237834,10.6936313306689
10.7314502080695,10.3107486095224,10.6253069581969
9.62395502383728,10.1882754491837,10.5692216447598
9.85637698671817,10.1159001099909,10.5147749783999
10.130593546519,10.0615267757585,10.4624161988399
10.0991069480147,10.0376568142369,10.428092848575
9.60412830178964,10.0326893580754,10.4135029283626
10.0055114536022,10.0529899007484,10.433255894822
9.90177018013103,10.0774563250411,10.4682663955866
10.2795664419749,10.095931973155,10.510887828733
10.1562555715545,10.0918174803845,10.5505673767318
9.09649070919853,10.0826832583523,10.5880689366828
10.405488373356,10.0704058961448,10.6164809918843
9.83795461693103,10.0598052113275,10.6384338613908
10.1581539883814,10.0568603541372,10.6565533524228
9.03350522050127,10.0605731794927,10.6698869640892
10.853056497394,10.0734920017083,10.6841424665666
8.62788075480635,10.1029487439535,10.7043278115259
8.76020007854762,10.1533575640793,10.7332753234977
9.89430062747545,10.2504717805986,10.7813025679536
8.96156092691214,10.4158621298799,10.7746347129697
9.42152694713617,10.6949395082768,10.8995779226041
11.0307010926738,10.8943606723368,11.0414380817254
10.2839679707386,10.9212606140976,11.144984042801
9.49305832799817,10.8973908010285,11.1349259373099
12.4840423473433,10.5267539405144,10.7653607746253
10.4545018019913,10.2542229660582,10.4687844280801
9.66889283796912,10.1350832728549,10.3350413101026
8.75819847401543,10.1395104274157,10.3508475919255
8.74469625082256,10.1618832175792,10.3866626302944
7.64913064852855,10.1877266291767,10.4377357585499
11.3031118630961,10.2015400100273,10.4827731281099
8.21183844272971,10.2330292880647,10.5222554038184
10.0009409602974,10.2315030219496,10.5422436464923
12.7319784435981,10.1702312598675,10.5345866208103
11.3662199917386,10.1203772241064,10.5201920671527
8.20950532694846,10.0759283157226,10.4966014102631
10.1329129808083,10.055043401413,10.4687136259965
9.19610807031676,10.0501562948096,10.4324061989856
8.92783595164635,10.0619833073501,10.3836675502794
8.90944132981598,10.1014307286194,10.3219987037936
10.1362233356431,10.1556667950295,10.2377666762192
8.4042307545872,10.3139744250463,10.3466364172813
10.5248796727224,10.3081272063766,10.4623087824716
9.63474661392725,10.2334081938679,10.4936119113624
9.64678735354476,10.1191842258676,10.5740228672425
10.7463382181953,10.1452532319874,10.5926301324479
10.476740202469,10.2128667187389,10.6229552374089
8.03042296577079,10.3578663605786,10.675412262224
10.5905462892723,10.5193862831479,10.7245442387746
8.62307597461089,10.5148196155091,10.7205622534895
9.10934327543366,10.3112077228545,10.6551391003207
9.7329238946142,10.1917255017965,10.6009375136476
9.98783479533685,10.1108562020284,10.555884961557
9.36070011943934,10.0735393571924,10.5251526517
10.6064608684215,10.0511671058434,10.5058213473477
9.66519306753035,10.0429971408978,10.4954329325739
9.45081699629874,10.0502019148536,10.5056390665033
9.02889094276754,10.0657308276019,10.5294468196314
10.4557153963396,10.0735405236043,10.5569046903209
9.13765116768992,10.074290786203,10.5893016500861
10.2198481731092,10.0715774030187,10.6188278381611
9.98087716043323,10.0706575869321,10.6458247631966
11.2199621163853,10.0692198903423,10.665008078001
11.3285334252376,10.0693705520338,10.6794556156166
11.4870200899186,10.0741751591856,10.6924699679622
9.52627425615133,10.0858940067868,10.7030994274306
12.1239574884131,10.1115764207601,10.7186195108121
10.9360692524762,10.1541194242229,10.7409685414338
11.0416205459186,10.2285100445674,10.7783501830073
9.0433898327292,10.3407911256181,10.7489843352126
10.6520938267352,10.4963882619983,10.8283481966298
9.43553651636745,10.5833147854802,10.9001307416523
9.11422069387718,10.6104708371534,10.9409384917073
8.74224033021552,10.5814294766357,10.9089241682836
9.08152316083672,10.4054323930135,10.7209447955003
10.1293587523093,10.268543386438,10.5498208209365
10.9027589117337,10.201347420051,10.4381658648401
11.1700227928884,10.2193750990602,10.4090810448563
10.2875815947527,10.2616632528789,10.4278163076561
9.42324902935583,10.2518988025134,10.4536654424038
8.42763207254813,10.2038817762796,10.476538827978
9.24241198746405,10.1715953613743,10.4987168938549
11.1383160170608,10.1456369293415,10.5136876858517
12.4306271689546,10.1133402522166,10.5155044051538
11.8002424984888,10.0820288433619,10.5092001078027
9.54212815503012,10.0609666787083,10.5005011379331
9.0481111219883,10.0633836562298,10.4917700673818
10.3869400617705,10.0781353174726,10.4819033237448
10.6993232723326,10.1322388378922,10.4965375674355
11.8946491756727,10.2635505626601,10.5510145931211
9.56938818678097,10.5828513003728,10.7550627606067
11.0913695806333,10.9720211667493,11.0545041381599
10.3166891186319,10.5524025881542,10.7706476445524
10.0306298987458,10.323932800187,10.6116286702873
8.45219194082416,10.1120826483591,10.5934506178805
8.67358860396727,10.1332659715173,10.6093712382225
9.97478138958072,10.1760122499393,10.633429964159
9.27344399082258,10.2634578688717,10.6677837043383
11.8724622220368,10.3279424864114,10.6895767805498
11.0610201242529,10.3272708362929,10.6875073660619
8.86451274678433,10.2509685004164,10.6573060359558
8.47472106902693,10.1619651725122,10.6197273511426
9.64180627007625,10.1027119382551,10.5862042936761
10.1130624455328,10.0730031293884,10.5665586294155
9.36989974951722,10.0542547773985,10.5522183039683
9.04056039356565,10.0484381172583,10.5489771807022
9.9248643886006,10.0540703716426,10.558065140152
9.92446180442821,10.0629242779131,10.575601510123
11.4298372836749,10.0701560041535,10.60087091591
10.3937543800808,10.075268646314,10.6287932687025
8.94626662538299,10.079967611425,10.6564323558728
8.29525799206512,10.0853235019331,10.6828408183149
9.48073547241385,10.0881859047151,10.7017485840508
10.1218933008709,10.0921753845627,10.7166608369835
9.95414317366797,10.0952485252633,10.7229530332482
10.1933580983733,10.1039526998266,10.7289738743998
10.2654132803151,10.1249803124871,10.7381674124108
10.9044929108946,10.1592199062347,10.753182206057
9.17749245805342,10.2155997125836,10.7783972893132
9.91469490447426,10.2794116588663,10.725817581882
9.19559223114441,10.3524524571175,10.7643055372899
8.29349395611716,10.3952006034128,10.7940003646955
10.3648029692469,10.4128381354354,10.809696551219
10.5941841837619,10.3726444690801,10.75828531797
10.4335648519193,10.3078405723114,10.6684123325599
10.0502937753952,10.234211388222,10.5448810781427
10.9871128783307,10.2189247651877,10.4565781007943
11.197785637926,10.2677900494622,10.4086372783533
10.4317056538489,10.4092458124593,10.4315429287422
8.87322188698224,10.2615865888339,10.430276510193
9.24494622071232,10.1864890930925,10.457888060019
9.30272444612359,10.1369366834426,10.4796586619666
10.5783804997066,10.1035468895557,10.4953502814601
10.2495808590657,10.081091982938,10.5027600043896
11.1406549602211,10.0621859862152,10.5041610406459
9.98148911502935,10.0511735796761,10.5025977457259
11.5850299357518,10.0552225914844,10.5024461742796
10.8378089109342,10.0835849647809,10.5133315484227
10.9194422156247,10.1426315569983,10.5419367757612
11.4873508589828,10.25472966791,10.6133413886346
9.23466923175262,10.4518826243899,10.7639385136632
11.2331911486053,10.6671006032489,10.9317442530997
11.5887947598766,10.4400456030797,10.7471577174306
9.75124316009352,10.3017187561601,10.6282479348397
9.33905444446537,10.1028556200158,10.60349807895
9.12170980410048,10.1043644028257,10.6146944096948
11.2069615170029,10.1310269352887,10.632840633752
10.9640029211855,10.1695137471601,10.6511247944898
9.75947971643937,10.1978074915387,10.6620311087064
11.1853621814069,10.2111168429381,10.6651114032365
10.1169458381083,10.164496619973,10.6447983373928
10.0731220679403,10.1245952866487,10.6245726622977
9.5103181029825,10.090179665888,10.6060334572103
11.9108885742094,10.0681617895658,10.5905006193507
8.80815526418558,10.0590762745115,10.5846887037465
10.5137273280782,10.0559621215344,10.5857049386282
9.62648595741055,10.0623705678209,10.5961249300585
9.60130233361932,10.073127108118,10.6152656664566
10.1868876020545,10.084168732603,10.6398215864862
9.7935040978341,10.0957260655847,10.6714739012508
8.78074897841928,10.1089354033518,10.7042529129825
9.69588815203418,10.1180237160243,10.7326990119523
10.3531816075556,10.1269471278694,10.7557517183263
10.2340041807626,10.1299911780274,10.7679873743881
9.58529739882595,10.1311450269241,10.7702225324398
8.55406609673105,10.1343680987157,10.7665160946752
8.95843344369749,10.1495427782602,10.7672504131583
10.9104018287866,10.1770543327376,10.7715622951509
10.4778830948858,10.2215647584642,10.7855099762902
10.4228764264978,10.2669426588446,10.7171172901844
9.01296497139157,10.309226448693,10.7343374703539
10.583130926197,10.3228676241306,10.7404989469175
11.2985906679578,10.3045289600078,10.7256541508769
11.2218980706044,10.2605441591992,10.6727499478864
9.03219766859752,10.2216363658772,10.6066704603345
9.91653203742719,10.195980822601,10.5264193488121
9.19942647066123,10.2033910963435,10.4445196106388
7.90777908304722,10.2638406042675,10.3785309243349
11.1364236509282,10.3046888432924,10.3386962740948
10.2176215760618,10.2433591590892,10.3900715276084
10.7378346670036,10.1624655865313,10.4292736224315
9.70419111579263,10.1099591860826,10.4587056764788
9.05954663087312,10.0745996227582,10.479121945001
10.311320078302,10.0542523025507,10.4904556126104
8.9290209761685,10.0434363324339,10.4955629200317
8.8972302618611,10.0398375308545,10.4991802983368
9.03550809864076,10.0498318826811,10.5060580947365
9.61014113352095,10.078656857711,10.5229476537686
10.2992155410345,10.1272381009413,10.5546521549686
8.92953772046125,10.1960000135108,10.5987135492095
9.8242983078517,10.2970452599577,10.6726013424239
11.0067033879944,10.3499340281691,10.7130401468993
10.6754699427902,10.2986159357914,10.6576390298987
10.6729789163061,10.2198679374962,10.5716752098155
8.91297901492461,10.0873524340728,10.6077572053069
10.9007423640434,10.0825647257,10.616709733611
11.3415313169719,10.0914244875687,10.6278262651826
11.125969876432,10.1124912054813,10.6397763410176
10.6172668998637,10.1233814654415,10.645571658669
10.426459877357,10.1259880059461,10.645665997929
8.70363671748951,10.1138854902724,10.6392613240869
9.61148890669214,10.0946227649581,10.6279635925757
10.9855587766116,10.079799688341,10.6179699924629
11.6192009797264,10.0691657195516,10.6099399201603
7.1798991723159,10.0655775400511,10.6061310071655
8.40192548738787,10.0685415438156,10.6110608085751
10.5346934634356,10.0821035249768,10.6255584389431
11.7179526882057,10.0985491916748,10.6463910734562
10.5113833658186,10.1229648230516,10.6803181169537
9.20355161326869,10.1361033971652,10.7189194994612
9.53835488361176,10.1598428071478,10.7637679275721
9.55222282405311,10.1790230445182,10.80282997494
10.3430786823549,10.1982689346063,10.8356902601347
10.0424159106332,10.1978218190375,10.8449835590407
9.67396911117372,10.1847674968691,10.834456519627
11.4956029500015,10.1817228599666,10.821605708193
11.4598708424584,10.1919936108871,10.8080562934027
11.9845764607728,10.2170654153527,10.8037794784023
9.66716088289649,10.2622460389758,10.8051307247689
9.58852852148592,10.3171565443062,10.732285557151
9.47662671991615,10.3533559028234,10.7376754725571
9.29645512637786,10.3247665844137,10.7196026223035
9.24643804047409,10.2662500374305,10.6830694959378
9.88778239825003,10.2183174998736,10.6341240190283
9.17007722508775,10.1794090765088,10.5746394263041
9.35069678194816,10.1560981844658,10.5105468987953
9.39234041351925,10.1684865622008,10.4243741397706
11.5160335193104,10.1927069666518,10.341352660586
10.254690188366,10.2193441582112,10.2780234482076
10.7022499825781,10.1661252575471,10.3584877647946
10.2837914228592,10.114198052052,10.4113266848419
11.1749755121631,10.0755125098048,10.4476990212815
10.2219479005615,10.0489906574407,10.467665077747
8.43689562196149,10.0353162430446,10.4809487953507
8.09568173907657,10.0290509999271,10.4877445421619
8.56811106181005,10.0286770158599,10.4918786528921
10.7273365753401,10.0390860025527,10.4978521489815
9.58626612824441,10.058434379517,10.5071921817932
9.5078017001094,10.0895939674475,10.520339503314
9.77496294254268,10.1373439607568,10.5527858091533
9.96794086730884,10.1679625639834,10.5661508464487
9.99993563759279,10.1793022992164,10.5615875682439
8.90333387188203,10.1629586001269,10.5242943138729
10.3871891333377,10.1337844242241,10.4688780409493
9.23618326841709,10.0760283998587,10.609584010799
11.2903502830199,10.0668364432126,10.6164331084157
8.85909154385918,10.0667840959335,10.6240992917166
8.58386660250259,10.0746872953867,10.6318970036498
10.0859994113269,10.0830132653756,10.6371989139633
9.86129402709784,10.083297967723,10.6370565620002
9.66474994472267,10.0806559083356,10.6348812080012
9.1049065251998,10.0761051834977,10.6306007334444
9.99977916908851,10.0736585360779,10.6254840942734
9.34798009219001,10.0761133257322,10.6235271506124
9.99991197469666,10.0811398845242,10.6238071700187
9.78421701571687,10.0939128546391,10.6317427275741
10.3560889922435,10.1157729209628,10.6477064600859
11.636219302422,10.1427393393237,10.6748375180341
10.2301080269208,10.1747809207089,10.7179208518171
9.86830011408412,10.2078153502713,10.7774909229771
9.16057151669773,10.2453629954049,10.8439382195682
9.99017456252784,10.2917643367427,10.9105595860847
10.3288092540711,10.322904801341,10.9564089846052
8.41749698256581,10.3170145463153,10.9612029173102
9.10326025390141,10.285477570456,10.93439749153
8.47337906227324,10.2515730386279,10.8927084262339
10.3493779191814,10.2506424035694,10.8683627295601
11.2399704455949,10.272219038568,10.8419651680959
11.1803128656121,10.3329896661475,10.8393604671811
11.666376813671,10.4502228311063,10.7739640698456
10.9821117835108,10.5117820689333,10.7779025861408
11.1760890427614,10.3992503761235,10.7291533184931
10.5063714090795,10.2933015724862,10.6762515733714
8.98104935065406,10.2078838990958,10.6201806393092
9.41094325940621,10.1541340705154,10.5635403575819
10.5145613876347,10.1254865176877,10.5036356405905
9.85277697107668,10.1206703162775,10.4381044833287
10.2548828864387,10.1246358528501,10.3738380601058
10.0002606556865,10.1271150015865,10.3388093407694
9.11340110044997,10.1061344508555,10.3651841793412
10.1741562349997,10.0719377664213,10.4127281938759
10.3335988746574,10.0451164351323,10.4425375951133
9.56993354168707,10.0271390894721,10.4628969526325
9.40628677702545,10.0179916336408,10.4735683319495
9.49376449168734,10.0144796554725,10.4789834757264
10.2742124213149,10.0168763146841,10.4807447883427
10.126094814092,10.0250936914348,10.48130573352
8.73486949249487,10.038659086937,10.4812765314546
7.66601781572881,10.057673583579,10.483086210945
9.82380661269539,10.0714181953214,10.477673162918
9.33749125840315,10.0819017918974,10.4667493729539
9.55785636136997,10.0835703325201,10.4387301725693
9.12082415155377,10.0667032256086,10.3883993139172
9.13531550432108,10.0551808607922,10.3515621636289
10.8955976052459,10.0708986809913,10.6110448131494
11.0014769730319,10.0593867537526,10.6164246853688
9.0917529282348,10.0561668940428,10.6228544313578
8.78036885437849,10.0566632049982,10.6286658044363
11.3598892682045,10.0641447498819,10.6341073159565
9.72145230153665,10.0674029148025,10.6362258029778
9.96430928021088,10.0681720541998,10.6359418266522
11.5904671970399,10.0717881882383,10.6360457672093
8.60999639043993,10.0770764846246,10.6351513425134
9.53726237350627,10.0840358154754,10.6347175893249
10.4307491337798,10.1017173312204,10.6375611939839
10.3449121204628,10.1345195814742,10.6468798838969
11.2700883177705,10.1727909458964,10.6654135980088
10.7977547205311,10.2210435599141,10.6981790259289
8.75602282282848,10.258690166453,10.7536938121035
8.85921234073199,10.3010261052202,10.8343198921524
9.92505559687656,10.3756498388266,10.9469257182834
10.4362578404127,10.4599457988461,11.0512044477623
9.68864290261558,10.5221130844958,11.1273144021969
10.0030897521926,10.507885695075,11.1283098246966
10.9401748129798,10.4433740094652,11.0755548373375
10.2273620891002,10.3613736367096,10.9969792120342
8.6170626435162,10.3092115984741,10.9227994257663
8.5710566051456,10.3208463516842,10.8829722229069
9.5337485107113,10.4223341502208,10.8825290418271
10.1322565720769,10.5843150325631,10.820503163219
10.878942192816,10.7982310504721,10.8606406317147
9.57897238646269,10.5112218529775,10.7583732967886
9.48909193596882,10.3320026624711,10.6822093774439
9.66713968267493,10.2132157140221,10.6187429520856
8.75902929435266,10.1414555046795,10.5628572493225
10.5817476813347,10.1025545301637,10.5090296938576
9.36212299147148,10.0838553299161,10.4585284299117
10.7289854714338,10.074103020671,10.4186834148141
10.7074751609572,10.0660992437451,10.3978467993498
11.1403092874068,10.0509358117257,10.4071096626902
11.7034299917208,10.0335091048788,10.4269146878065
11.5734589780181,10.0199540615819,10.4471277519318
9.60858048389052,10.009112787585,10.460617222643
8.71324520186849,10.0036394240571,10.4674115910254
9.47226582096712,10.0014838881672,10.4692752639957
7.6606310902735,10.0043208442697,10.4666461742093
10.1357009802716,10.0107217410294,10.460667349717
8.84728174205147,10.0208020919163,10.4532830294952
9.90702033154998,10.028590580251,10.4363565822668
11.1975443318716,10.0327177631898,10.4175776594955
9.54039658231864,10.0240599352486,10.375104646891
7.91862790662943,10.0076417902337,10.3182482885757
8.48767166680535,9.9765686906659,10.2367841354093
9.71116973311899,9.95847649566275,10.1840643506383
10.3171566670968,10.0677014895692,10.6121708757119
10.1285058262228,10.0558676302817,10.6173435301433
10.5867968558598,10.0517424557329,10.623366679888
8.92172621110909,10.0516559414498,10.6291552753613
10.4657590898362,10.0560890877306,10.634521065972
10.5084907272929,10.0621841190971,10.639690171441
10.8061214993111,10.066623393589,10.6427129365977
8.96670815055148,10.0736922626362,10.6444402489037
8.61444728485533,10.0847907366488,10.6462261194144
12.882835428897,10.1011750681314,10.6480948533553
8.96044142857337,10.128064702532,10.6516441717891
10.6751046763451,10.1812107421261,10.6600642481925
10.4422072774654,10.2581329151725,10.6791596638373
10.6412238568608,10.3395928660368,10.7171924737757
10.1981768122802,10.3880873141278,10.7879161260626
10.6899985021125,10.4298255392049,10.8934442245054
9.34214114374908,10.5267653732228,11.0500715211241
8.98646441401585,10.7170566954617,11.2448130195407
10.1740635452881,10.8710114128682,11.3853866680493
11.019059700601,10.8850791138741,11.4096085781977
10.0720898894572,10.6558818096418,11.2487562751824
10.3463023998624,10.4734197554052,11.0985533156918
9.93910158891982,10.3774979895642,10.9897733120935
10.5576625811534,10.3783749631868,10.9306586319977
10.8024110882054,10.4593060940714,10.912088990472
11.6163340281917,10.5921824865628,10.8329748048987
9.36740366544439,10.6486817651268,10.8242212050813
11.2155967110241,10.5235226847881,10.7652703794579
9.88343740570772,10.3421229678095,10.6884012168585
9.47397629121034,10.2184055758827,10.6233709705471
9.6715711078751,10.1384375739945,10.5668815333956
12.1969463855153,10.0928642058262,10.5179597392291
9.85951652467822,10.06599756157,10.4768295288908
8.12628690184488,10.0487723795388,10.4467696082642
10.0321721147451,10.0351483593961,10.4301101469779
10.5765980873877,10.0215655330241,10.4316343522074
9.35781078052291,10.0093406014242,10.4397024558526
10.2675692907737,10.0006808001538,10.4510283886007
10.7527762907404,9.99405500853068,10.4591162300927
8.06931890305727,9.99123131489022,10.4618591707598
9.04409470590946,9.99071657807595,10.4596962181636
11.3769937644114,9.99418722545072,10.4502001074241
9.77299494026781,9.99947374864583,10.4387924540357
11.6444776275287,10.0075423024218,10.4214912260263
10.0944473768544,10.0130366933925,10.3972264592463
8.55998095425884,10.011540079056,10.3624377072062
9.83846487837019,10.0007449732557,10.3078265124123
10.3938476918348,9.96211418645832,10.2154637783523
9.22636229434482,9.90727623450438,10.0995422431437
11.260107255755,9.84528708514622,9.98029631428937
10.5024374531963,10.0667107455017,10.6137676893293
9.88101648810072,10.0564763837655,10.6194428448575
10.5336639940674,10.0525240291422,10.6257236475742
9.96954690990229,10.0538908061352,10.6329165658256
11.8795698649837,10.0606292530311,10.6407572731689
8.86205459685502,10.0669982204796,10.6479520862067
10.4754193074217,10.0739822732955,10.6538095865045
8.59722357288584,10.0860361701184,10.6606930728315
9.4345707510843,10.09937958593,10.6626259806998
9.92854797971661,10.1224149749123,10.6653969963726
10.4467491999952,10.1589200010011,10.6687817120429
8.31039640225792,10.2237170991987,10.6745264609494
11.015393148613,10.3605775651394,10.6921175048065
9.46065754264782,10.5044671011733,10.7303213233627
10.4365322967521,10.5727963028405,10.806536751117
9.81370626242565,10.5424988840916,10.9363258580009
8.81770092194941,10.6463999495631,11.1269120576081
8.99128913908009,11.017489766654,11.4485395946593
9.26826779230877,11.444108258712,11.7613219911819
9.68927737433721,11.3567720065055,11.7251579814285
9.76933489145771,10.9586601376197,11.4610376987198
9.20840789878596,10.5780009407304,11.1866006125764
10.4399065604168,10.4274991352415,11.0374875217605
9.65968434196507,10.4070010177216,10.9617160803662
11.2521471988777,10.4976760486954,10.9394952606329
9.79667939634098,10.6326367394435,10.856478023698
8.43552624025127,10.655594701205,10.8367965930792
9.79047986187683,10.5247374054911,10.7750407318466
10.3151718438925,10.3551397821132,10.7008462912891
10.1047547227117,10.2272765681039,10.6322241446418
8.71214585804627,10.1453768997251,10.5712025734962
12.3089086120203,10.0971188435712,10.5199655640526
8.22259836730764,10.0620823095879,10.483664041148
11.5265366845626,10.0379802937218,10.459097097909
11.8865360766333,10.0191470183235,10.4450224110333
11.2338680373161,10.0048802861874,10.4432087667836
9.72687124466239,9.99377407708803,10.4476842017366
10.1550456935046,9.98603449021737,10.4533216089002
10.9731018131445,9.98267717097574,10.4573952806635
10.8051899438234,9.98247907414114,10.4567006167778
11.3259860701359,9.98371813600263,10.449923413961
11.3154430800151,9.9873411252137,10.4356789084305
11.3313500158816,9.99456756827187,10.4145727001334
9.05025434408904,10.0021119088475,10.3874055144438
8.59893256365795,10.0076246732808,10.359257617335
10.1375130749366,10.0097689598757,10.3222113418553
11.1394276665137,9.99713807177514,10.2601027915233
11.0130863984932,9.95343836969201,10.1538384546981
8.50620126778567,9.85412692687019,9.97247750919384
9.65990579832585,9.72598599242844,9.76190131167751
10.6868347509822,10.0705969773552,10.6160198833517
9.42601969926791,10.0609770605592,10.6220617312729
10.0199565525384,10.0587367562234,10.63011162368
9.88483653698881,10.0623009878446,10.6396173940885
9.8800650662504,10.0702462780279,10.6493459663659
8.94888207407954,10.0830385285172,10.6626758285152
9.73918162244484,10.0927994616742,10.6729338789606
9.98097323793034,10.1108407767535,10.6850536533078
10.0478068238538,10.1246532275734,10.6880331844614
10.56841454347,10.1498223416046,10.6907063260061
12.3057469163119,10.1890572745446,10.692312469726
11.2001812866552,10.2510069257065,10.6954655401053
9.50298857219273,10.3714814272723,10.7064323645045
10.7584223014666,10.5819049213131,10.7441296955767
10.5828049176804,10.624827276262,10.8154094803792
11.188167727789,10.5628147410473,10.9438301667745
9.6842184577435,10.6917614759053,11.149863167891
11.2011157928576,10.9960734868209,11.4335848759092
12.163707004593,11.531919553943,11.8127562555109
10.7306938606375,11.4194600913844,11.7618196374991
9.99670033385647,10.9303806545019,11.451336558262
9.04533429582496,10.5996329101575,11.2065527274486
11.1742720756334,10.440137868874,11.0546980956412
8.94334513249868,10.4216785339303,10.9810305225241
10.8230016545742,10.5086685287885,10.9600300250773
8.82475070634488,10.6995796838099,10.896036233668
10.9473537726676,10.8043326329284,10.8980700062259
10.7034060287853,10.5549070209523,10.8083373766117
8.45205372652714,10.3705245157181,10.7257742071335
10.3581421599898,10.2454967356237,10.6465299687108
9.82381863378051,10.1671568210562,10.576732670708
10.8871192896824,10.1112979180742,10.5156961522257
10.522771555008,10.0689091363136,10.4752013147245
11.0471337922963,10.0346196293123,10.454160524167
11.6395792977201,10.0109107945167,10.4428058306088
11.9046744878602,9.99535053158545,10.441873658151
10.6399560375945,9.98491357719538,10.4467230752549
10.2341861006166,9.97835294170384,10.4522140910257
9.79569488934087,9.97819007951624,10.455001853962
10.008104504076,9.97884250141569,10.4524651742921
9.47252972697541,9.98145056159519,10.4419520263495
9.98037280133408,9.98621595560276,10.4213031657417
10.4093063821436,9.9927759049445,10.3890807896325
9.7694615141898,9.99993073869366,10.3506606828995
8.80875621105698,10.0105690562161,10.3193372379389
10.6687205026124,10.0275701683523,10.2970574657931
9.38183374074475,10.0391125447863,10.2680052181973
9.49360263488272,10.0270523744242,10.2026695951887
10.157600624469,9.93252898412032,10.027378243346
9.57848332502238,9.75668965985503,9.75459462581214
9.26745798846993,10.0803886586721,10.5807505598814
10.0179617038801,10.0723853190969,10.5882785143044
9.664433149842,10.0707132347497,10.5980496874328
9.35363994553853,10.0760191547768,10.6108752277312
8.19285923237681,10.0906579878015,10.6279852809816
10.48896331528,10.1039953723799,10.6421772783907
11.0462813017557,10.1259422625729,10.6629401169461
12.3192060258613,10.1472302146775,10.6787479688219
11.8592670583359,10.1708677660535,10.6903846037926
10.5901359985195,10.1868831420896,10.6909737491394
9.37768455692893,10.2114001270801,10.687256274642
9.63251481179762,10.2551196712022,10.6840711178541
9.97449002543547,10.3382065931211,10.6904751699139
11.0711903581158,10.4046157773819,10.7179040665504
8.06505081220281,10.4549466770341,10.7823552994494
10.5181715665344,10.4930778562908,10.8954167781728
10.9699833078629,10.5856227867746,11.0342898190656
9.826710020587,10.7999058521012,11.252553539429
10.5973510328421,11.1068687390179,11.493854262532
11.8827954550123,11.0275953087507,11.4682816307197
11.7234639949094,10.7400865468064,11.2738578073526
10.9136284886586,10.5154161812829,11.1034701480734
10.1354603431732,10.4119695348664,10.9974679367352
10.2374608485459,10.4111620224909,10.946471029231
10.6603215177044,10.4911474185741,10.9385864375344
9.1630774732641,10.6546301857903,10.8954884869315
10.8725958948614,10.7076539181323,10.8968355061211
8.48931246751857,10.5393137699094,10.8264991312918
9.86956280780561,10.3981568831729,10.7485786588987
10.6228915716257,10.291505930015,10.6530252051055
9.86113831738389,10.2100183323286,10.5613267743389
8.69221145213232,10.14067755242,10.4797702239723
9.859807954437,10.0823748217425,10.4333031427977
10.6084112224846,10.0363138801879,10.4141980577656
8.57641895710557,10.0056823313143,10.40663865949
10.0627282258861,9.98955080058842,10.4113649193124
9.92463700963133,9.97971650048177,10.4188063108311
10.4932621280978,9.97553876931648,10.4268673734476
10.1814803791758,9.97596693125571,10.4312379269023
9.34819987514752,9.97836864403287,10.4286773924356
9.03079157940365,9.98331138577458,10.4171620890074
10.0897566427185,9.98842869034007,10.3921675819575
9.49080868766861,9.99656280261374,10.3516200925997
10.0279189555886,10.0032543128616,10.2947296529348
10.6064713596943,10.0167224287144,10.2453397477327
9.17111201184991,10.0557871910787,10.2480052725517
9.02644464327754,10.1447314577884,10.331242807856
10.6582908705616,10.1984623265337,10.3547461183549
9.59311279051789,10.2469401346496,10.3655251497025
10.4842562198541,10.1805415344576,10.2509164285183
10.5140024478515,10.0901077249679,10.5831786098219
9.50600121655896,10.0836946863064,10.5925375450793
9.19777944562717,10.0842937788064,10.6052301515808
10.2490038221398,10.0923580522109,10.6220592774926
9.97637080972766,10.1101845320396,10.6426474608928
11.2574901738026,10.1401763601423,10.6719138158221
9.71116558863773,10.171369871186,10.7002193362061
10.2173243711708,10.2102716178353,10.7309960611007
10.5126746416022,10.2391675373897,10.7483171731132
9.65759368884503,10.244120270505,10.743756775142
8.63630914878412,10.2528282984133,10.7343269909929
9.54695277779137,10.2670003094151,10.7221860183402
9.7011434036914,10.2793282964246,10.7110704383491
10.5965163906199,10.3157383117175,10.7285404275716
8.87331561971807,10.3482186133695,10.7711316879334
9.24473210190455,10.3831691898965,10.8447201771366
10.8897810431561,10.4649588532739,10.962464994251
10.3007999465246,10.5612531570896,11.0764161921789
10.1135830460773,10.6693940042017,11.1872541500124
10.6898526293394,10.6444491938321,11.1893626355253
9.90026307390554,10.5213361568243,11.1080832792269
8.8198373704344,10.4129377523407,11.0193004559718
9.71729653419704,10.3534097975839,10.9570467512374
10.5451086550876,10.3649516725907,10.9377448012586
9.18632621108401,10.4318829752695,10.9559896861261
9.01089907611138,10.5275755070311,10.9181436992103
9.15877691596552,10.5687805199608,10.9328360548496
8.53133739523124,10.5290491665037,10.9013419099551
10.6782830249363,10.460176838846,10.8304536042436
8.53326322238362,10.3802544418776,10.7185947420045
10.4072452579937,10.2886646755517,10.5689192740732
10.279078182545,10.2014534513347,10.4501613358015
9.69914368274982,10.1038534012053,10.3955495908344
10.2488786054164,10.0402788998451,10.3776421784015
8.32484822399467,10.0028321450758,10.3783113138884
9.00130059236885,9.98497305113087,10.3904531510367
10.5644711674042,9.97541099172912,10.4047353276913
9.47649756690339,9.97547558877523,10.4190094432264
9.390869246235,9.97739384956786,10.4297049406744
8.38533549017585,9.98151682940522,10.4315034479895
11.1860728150754,9.98741176424235,10.4202686054838
9.55736337832099,10.0011114598676,10.398927786932
10.4122130776387,10.0215238103374,10.3533542044218
9.86159710238053,10.0288111974088,10.2687216110266
11.6451557668839,10.0464954344819,10.1944941990107
10.0273554024063,10.0883333371757,10.1829224062091
9.58770021531011,10.2425042468383,10.402152352526
9.91599756147672,10.4572981909604,10.6329305511746
10.4256687438347,10.7474935410701,10.8599476749324
9.35985273370852,10.6494726833314,10.774961899744
10.2791956663997,10.09805682572,10.5861884643608
8.36075639713493,10.091277419903,10.5958760276539
9.3624863697719,10.096423843494,10.6126699786813
11.946331407878,10.1082179352007,10.6338156454067
8.94718513583107,10.1330974161299,10.6624549421636
12.5773555367244,10.184486288414,10.7070166772805
11.4626588596153,10.2402934509884,10.7524156309941
10.3927536213293,10.306248224949,10.8029989049959
10.3178269561828,10.3645510187302,10.8410564394102
9.88998771522307,10.3468316412313,10.8254542359925
9.08416977212606,10.3293023663382,10.8041683489708
8.69938429802181,10.2820506141907,10.7613479275211
9.68367599517879,10.2688562943387,10.7420589656361
8.32425062681686,10.2623612227891,10.7359178389115
9.42163592625643,10.272871086419,10.7569528310172
11.3948224372374,10.2899571540194,10.8006957132977
11.1497656774012,10.3295810482696,10.8668559470611
9.1837827496259,10.3803675758751,10.9359356874223
10.5355198765238,10.4059797363825,10.9814427056175
11.2514025239532,10.4066727634589,11.0007291621321
9.02846416475331,10.3600003075212,10.9726941678844
9.58113048830176,10.3233061708282,10.9461400383225
11.2210794142812,10.2996738464683,10.9227528995118
10.2271793926394,10.3265613303235,10.9385452234097
10.1251561634035,10.3939368264237,10.9808176320986
10.1814928326597,10.5052915553638,10.9912165509111
8.69787391231407,10.5998090027317,11.062015445976
8.40744364051444,10.6492875089654,11.0802755000143
9.174224353133,10.6462880611755,11.0253912624958
10.2154469373033,10.5333841727764,10.8148366547213
10.4369448221714,10.4319371068674,10.5576426630746
10.6399646795036,10.287558398248,10.397632791186
11.0715945686002,10.1210331057401,10.3361526851164
9.61100620093883,10.0326380128568,10.3193392260732
11.0169741015242,9.99499534109145,10.3317555335022
10.3777392161675,9.97772469891068,10.3598951385869
10.9818567239382,9.97159864670581,10.3846231466571
11.2963037029972,9.97374177676658,10.4081988180184
11.3561422634753,9.97859146957358,10.4242017717821
10.4289073879015,9.98697883322632,10.4341466724365
12.0806294091613,9.99939641381523,10.4367740737778
10.0697254863951,10.0246026108779,10.4246785439132
10.9425803972294,10.0670515257344,10.3935972428093
10.3936138484593,10.1270139538565,10.349876582927
9.72643892705601,10.146967934295,10.2134910830299
10.0676551102494,10.2129763467624,10.2681077932604
8.21444173349713,10.3651684861255,10.5482402026264
10.9754227708237,10.6012905593539,10.8187519556425
11.3458833162032,11.062579306803,11.1971721564521
10.204515661964,10.9158534173735,11.0855742966025
8.88541344908994,10.1012550775548,10.5875785923173
12.093707697298,10.0982687928748,10.600565922549
11.5077788762299,10.1009885304993,10.6164880040529
11.248070703201,10.1198001548417,10.6437191641943
10.1735931901699,10.1584819791112,10.6829057792124
10.9510286203742,10.2241611358624,10.7380786458937
10.8103009739713,10.3502719145007,10.8289455364373
9.14354397865007,10.446106929443,10.8973867400219
9.95319185809068,10.5709922832548,10.9759376545717
10.3765659034245,10.543957904898,10.95802086356
9.93624339924783,10.4377591766054,10.8867491182743
11.0129856080426,10.3289267525339,10.8085149271232
10.4936945194501,10.2607353316505,10.7575151124484
8.41311948309835,10.2357608095514,10.7413321117258
10.6817898287907,10.2193618109234,10.7373264306733
11.2565120770297,10.2255932543749,10.7603544885202
11.4172005926206,10.2349216524019,10.7918605474083
12.4941972179859,10.2537647924984,10.8298969299991
9.31828121928799,10.27049554364,10.8635291392443
8.32953757202189,10.2642727561492,10.8735934387476
8.66492145325925,10.2571031368477,10.8786128804252
11.4573680175664,10.2470150529589,10.877871950971
7.65195756131608,10.2592589007765,10.8941913816147
10.9753159420389,10.301054926625,10.9332422919467
10.1258309794748,10.396609912381,11.0291369208477
9.67488099915289,10.5208753610886,11.0694600011609
8.58565939668544,10.7142768337394,11.2246642150914
8.82391305881465,10.8896501207557,11.3345962812319
9.20767082110592,10.9903586818615,11.3383051654991
10.748106136688,10.7358356827655,11.0101473183003
10.7187867121455,10.5485606280484,10.6769703759148
12.6722610459121,10.2892320436703,10.4164489897341
11.3692086713475,10.0915909222674,10.2559806572235
12.1519525302245,10.002149363982,10.2381729819775
11.7119452999508,9.96283644150668,10.2580019817039
9.96250690888561,9.95928502872948,10.3099291644947
9.89713868574651,9.96247962606819,10.3560008132831
8.76920295700163,9.971519740482,10.3957903031938
10.2889849640682,9.9826517629913,10.4249815877102
9.72669908550707,9.99591838336599,10.4463312093976
10.0342165061398,10.0129343367522,10.4574206982234
9.55581367672301,10.0469006776626,10.4635191900839
10.7395334868986,10.1152935810767,10.4663093263526
10.2438651315856,10.24961924631,10.4998238488148
10.5721588336857,10.4390055773455,10.5561992577456
10.4305187852476,10.4645993382644,10.5937886244247
7.94190867858499,10.4370039143855,10.6861035347973
10.0074941505117,10.5555689163957,10.8554386989945
9.97821359366202,10.6717602017251,10.9907848837719
8.91401839946723,10.6030897327549,10.9356315069755
9.25494564357117,10.1039327615936,10.5887655920686
9.82359076153299,10.0995390790378,10.6016973222363
8.78483290488823,10.1059692268674,10.6210714493626
8.10216901716032,10.1278223772892,10.6504785178199
8.93594939840853,10.1737870229021,10.6953313414698
11.4668417968494,10.2580332702156,10.7638038933128
9.81943022726263,10.4110191705873,10.8714187668316
9.49317695691809,10.6476705801353,11.0211797410587
9.72293167590095,10.9711253725698,11.2027924800041
10.45462665266,10.8777473713384,11.1495278447287
8.50744970531144,10.5625263827895,10.9697394336496
10.9862867215024,10.3640998755901,10.84039395533
10.8280354787744,10.2632075898832,10.7688686048348
9.35593474792278,10.2116631992316,10.7318825491821
9.50426993764398,10.1879469421445,10.7207178151705
9.30768648653782,10.1767611455704,10.7225799631904
8.41410598461655,10.1760189853985,10.7379412057118
9.12583176463933,10.1800605519604,10.7574055254135
9.00884429362274,10.1865242638241,10.7790225850689
10.601876380377,10.1872927124266,10.7937835310414
10.2508909351709,10.1894074821426,10.8076475814106
11.4974835608264,10.1989625121803,10.8277463437811
8.71743219790124,10.2262370552341,10.864437568666
11.0956550655771,10.2838842014404,10.9329079418306
10.7053042060029,10.3955064241595,11.0505017557926
11.1494443829413,10.5944566342055,11.1672440636478
10.3705688770952,10.9518682925977,11.4530894737417
10.3543229450877,11.3295902638516,11.7135602387704
10.7427848330351,11.5393261740978,11.7807865972824
10.4676964342279,10.9919885456048,11.2450565366003
9.95675507509683,10.5300927702997,10.7203975207689
11.2792959638806,10.2118388303101,10.3484169509722
11.3508060109366,10.0055165850947,10.1427141534839
11.1738877095157,9.92186226575027,10.1028233412453
10.0909651763315,9.92001555016353,10.1740120962732
10.0223638777833,9.9385060045584,10.2627357750699
9.14026367721451,9.95632703278078,10.335177112695
9.51624380449619,9.9697984954565,10.3864299366106
11.0718333434284,9.98793638916812,10.4298473577198
9.17847174307257,10.0041825974846,10.4580444578665
8.91503789285367,10.0284385417165,10.4830722892067
9.44728136314117,10.0698933099997,10.505453968652
9.91799105030912,10.1406772326291,10.5362961007654
9.79441264420238,10.232877066529,10.574439363037
9.02130831787419,10.3354455613616,10.6234191533797
11.2597110726536,10.3696162476015,10.6676941578161
11.357890123072,10.3682266146542,10.7173905439115
10.759547204674,10.3986986281869,10.7941945738799
10.2053813546691,10.4547311179483,10.8672889180459
11.4026102245119,10.417699201267,10.8394520230154
9.75285791416707,10.10399325105,10.5879178000099
10.5533254829108,10.0995836111167,10.6009001096053
9.86041245724966,10.1059827155569,10.6204594522558
7.46542151398833,10.1270245001173,10.6491177639318
8.42953353460937,10.175579235884,10.6960492382607
9.77164842142163,10.2674497276792,10.7698875328012
10.0796743799603,10.4252113220333,10.8814944578474
10.2769283185934,10.6633696376137,11.0332204450383
11.427047351386,11.1054061013743,11.2808420250969
9.36903488270863,10.989968575467,11.2143412338682
7.75195215711148,10.5768982110182,10.9800010637088
9.19219935054287,10.3640168641424,10.8428101250079
10.1647998299787,10.2504100995487,10.7622815446199
9.89328529735095,10.1932181750892,10.7189482083862
10.7750631131661,10.1614354240786,10.6978497807653
10.8716370174013,10.144848262541,10.6910252272876
10.7887732317537,10.1400811771439,10.6961168667648
10.4377704688438,10.1407950916121,10.709090251476
10.6992700427005,10.1429611006804,10.7235181380874
10.6096423145731,10.1441948757295,10.7379736521055
9.97227730045706,10.151959668964,10.7578701184232
9.3373915762565,10.167183562926,10.7865208794755
9.62413583835629,10.1997042293994,10.8322213082839
9.73662390311383,10.2596124026077,10.9098211922606
10.8745968405369,10.3725372494945,11.0361447244132
9.75155313505241,10.5888208333147,11.1773382716224
9.21712680937791,10.9461712818677,11.4666624416876
9.92146505483616,11.6229775842601,11.9501204581702
12.3613799358219,11.8297559278436,12.0121507386899
9.87249197088357,11.0615846884696,11.3228313597445
9.72667393317272,10.5020079550277,10.7123532430318
9.05672530346075,10.1004867242567,10.2111752602646
10.8136848651917,9.81106772608077,9.87140168743134
8.19837974568459,9.80576852028969,9.93262285215553
9.58175407825686,9.86275990885227,10.0815176344276
8.78841484670874,9.91613299125376,10.2197142525008
10.4948794953724,9.95029749440176,10.3201603008566
10.3837136002961,9.97143127076093,10.3852878334928
11.9966228708925,9.99173436538374,10.4334064221547
12.9222871573373,10.0161666384246,10.4746702494309
8.25216369306185,10.0472462484065,10.5096815001054
9.48878863094309,10.0933016159804,10.5457085846062
10.2977881943343,10.1570504123273,10.5860983378903
10.6649982239758,10.2268371183503,10.6271896879885
10.7533137052355,10.2802724662914,10.66560426854
10.0024620334393,10.2929323194054,10.694383865666
11.2710620497546,10.3011727216016,10.7287521447121
9.90836316299763,10.3059154929663,10.7613291059965
9.44457680017367,10.3151257139414,10.7822323516933
9.71658312433579,10.3078299162472,10.7727957280038
9.72838680755229,10.1043940459804,10.5855275863984
11.6635846190551,10.0994713729946,10.5976241427272
8.64253532838689,10.1040650675415,10.615929881701
8.52351225135833,10.1225311476374,10.6422279529261
8.64441810687807,10.1644475653694,10.6853156199185
9.75466848975454,10.2312598045954,10.7429646409482
9.99349323080796,10.3456618412882,10.828599570108
10.6181574863693,10.5521082689217,10.960313127291
10.1882249673059,10.6746650562626,11.0381997524434
9.71234140476159,10.6329412775996,11.0122079440849
10.0625589445603,10.4733529320238,10.9120605744441
9.04743133131636,10.3157821902479,10.8067186026881
9.33165094499661,10.2236328142651,10.7392099117514
10.9868245421102,10.1696915603799,10.696787448407
10.8475666486485,10.1377443607873,10.6724163483096
10.1991012907016,10.1245692196528,10.6635909521942
9.29182004185555,10.1172915305588,10.6617734642821
9.40201664911574,10.1166968973453,10.6691813983103
9.46362794461008,10.1186385475758,10.6814027915977
10.2642072528065,10.1227713001884,10.6977632908411
9.91376215274601,10.1301113510512,10.7189762446898
9.92240290121944,10.1474510642317,10.7521574437183
9.17123030397203,10.1786368232147,10.8015278718665
9.30962043162085,10.2270248835197,10.8697073579586
11.1534316852728,10.3258457170023,10.9869997163011
10.5546150519496,10.4833992386763,11.0779463838611
9.91550093998795,10.773978577141,11.3231270025512
10.40730718077,10.9971362969342,11.4743282819597
9.26834261295208,11.0534966330341,11.4443255795828
10.2243619874153,10.7650678724818,11.1010990983646
9.13056447569635,10.3925696800105,10.6263794430862
9.91631899784574,10.0530867676218,10.1354382253142
9.55290905650081,9.66879286515796,9.66652532955459
9.87821278627771,9.74850505165368,9.85677131501678
10.3522963211303,9.85165525006145,10.0722990180722
8.56521165797826,9.9092166022036,10.2148342181901
10.0406275683147,9.94787551970125,10.319414191947
9.87042053839921,9.97369002029655,10.3910441363635
12.1701791986695,9.99768561331531,10.4441538011704
10.984239415624,10.0270732223555,10.4923013375551
9.58802033416611,10.0695005067975,10.5380942618323
10.0158652176171,10.1262212070578,10.5851649682314
8.86791045008978,10.2012077867511,10.6368910822677
9.33247261748884,10.2699229987721,10.6839767099837
10.8336511970859,10.2976415822373,10.7129444317356
10.5699122485749,10.2927443794454,10.7278396408872
11.9953106525152,10.2707866301246,10.7367512296283
8.9429605736321,10.2615938353263,10.747289992736
9.2951783088751,10.2510998338802,10.74939201438
10.1766004435578,10.2479433352319,10.73420552785
10.1797881430395,10.107098383429,10.5829439703384
10.7679467878067,10.0988004420532,10.5930375718906
10.1198646971726,10.1010901014068,10.6089632120341
9.64847394857367,10.1154858931378,10.6312739141382
9.96692684703367,10.1432740752216,10.6639558730675
10.2046712256401,10.1893042881005,10.7075360626143
8.09592290732993,10.2622120051057,10.7662832576833
9.45433537838412,10.3553317873489,10.8317278430784
8.94143228833664,10.415954222073,10.8712940434794
10.6188877990643,10.4058563592736,10.8645530474475
12.1587526372583,10.3440087652397,10.8188953895809
9.00757728936852,10.2421255486708,10.7470911631352
10.3037117588364,10.1877087642074,10.7027949824431
9.78352238125268,10.1440773004507,10.666069116844
10.9508870966076,10.1205264995778,10.6447088653004
10.7075508466475,10.1097622295362,10.6342178424257
9.48005790424651,10.1037446094249,10.6314771946709
10.0113699573859,10.1048531001564,10.6366229168805
11.6506287013399,10.1059738082054,10.6474775131158
8.4689108250079,10.1102307410894,10.6634080258974
10.511619878159,10.1187138628513,10.6868462477996
11.8610341284416,10.1314415982858,10.7183661473271
11.1334715842062,10.1542463345542,10.7612787849322
8.64084252758122,10.1952953875605,10.8248029504945
10.1911083862764,10.2649915286048,10.9155491355108
9.91398754349357,10.3718983855681,10.9624616129095
10.8425324667551,10.4977589690376,11.0745130018242
10.3607838277218,10.5986338168293,11.1370763588677
9.47419793418691,10.6026313216472,11.0785791714644
8.57958774301596,10.456676689974,10.8548857359843
7.52145679628344,10.2699215936534,10.5664386707352
7.6771608203181,10.0210222689205,10.1642875465493
9.42509086237322,9.90887518394622,10.0248169755733
10.618694612182,9.86389088931559,10.0466222629432
10.6451620728165,9.88318014025806,10.1462995976886
9.040973363722,9.92182617443582,10.2551011722569
9.34819069831286,9.95272034565595,10.342958651993
7.85939116177368,9.97593344754963,10.4063819066765
9.60932532506977,10.001446339945,10.4598912319945
9.39801119517133,10.0386662740448,10.5100807280242
9.75067301782956,10.0909752093756,10.5620642108639
8.32115295813193,10.1723762506561,10.6247503039142
8.58405053817773,10.2921091254842,10.7013785109972
10.1557730901126,10.3867123412288,10.7638183740814
9.89004336079819,10.4085779630398,10.7895511770761
10.8635007789697,10.3456025542204,10.7757694679667
10.6751579567882,10.2956166311523,10.7648485791053
8.31640566352757,10.2580913285882,10.7562056554401
10.3989914491249,10.2431891714744,10.749726990106
10.6925719540046,10.2394101369376,10.7353524058786
11.6493553006936,10.1043227924346,10.5784833661541
10.309691639373,10.0975162087333,10.5881460198592
9.6329835740156,10.0960696789017,10.5992356949156
10.4702138798605,10.1069047268724,10.6176379020169
11.3769767019972,10.1249494299286,10.6415434777082
9.24710876977905,10.1512560088642,10.6700477330589
9.06023693776094,10.1907270836108,10.7055261553657
9.6989264107102,10.2439979406263,10.7452644502651
9.41357493571909,10.2641604452732,10.7610916391675
10.7662213870102,10.2524497025333,10.7514787979962
10.5580345809188,10.225197361045,10.7271331597139
9.16145947480247,10.1875041819015,10.6940956418337
10.1326662728556,10.1498930292985,10.6591644123519
13.0627478325518,10.1234144789941,10.632315479352
11.1489567377961,10.1078071737845,10.614334040959
11.482805096516,10.1000544760838,10.6040010899604
9.67505279847815,10.0967249170917,10.6011693523491
11.325918566554,10.0977401876696,10.6054962245017
10.5828689940907,10.1000851296853,10.6176596140539
10.0216619310153,10.104406081559,10.6347043553726
9.73995758304643,10.1117546574612,10.6582759073529
11.1602020824398,10.1235967042199,10.6887648921765
10.2266945494088,10.1398176178848,10.7264540971857
10.6425732531801,10.163162013307,10.7738038007463
9.14760076312611,10.1968579302195,10.8286822794489
9.67184679332129,10.2464247664347,10.8257562113253
12.2804011178528,10.3050293050577,10.881418646119
10.2603301612186,10.355627416623,10.9047633321469
10.2616556003658,10.3301929629448,10.8360855088871
10.062541463301,10.2698418177948,10.7157857867847
8.33836553716289,10.1732620085622,10.5387749168956
10.2947902879623,10.0625204553327,10.3574461253707
9.48732076571313,9.95946599966266,10.2071914296492
9.78253090754393,9.92743003056348,10.2011338515223
8.28873904009106,9.92538473947137,10.2479768814451
10.6513082983486,9.93968194936718,10.3113958585587
11.4494330905366,9.958435118733,10.3715774417573
10.0568169073512,9.97931054752033,10.4278153754648
10.4272748384462,10.007338808606,10.4759047990347
9.52921180747252,10.0474458508497,10.5255856776984
8.46643169627504,10.1174941046638,10.5851449337959
8.85535282416707,10.2349959685114,10.6658630505871
10.0272129191585,10.3951639173441,10.7623466623651
10.1101114423835,10.6182167744362,10.8825610879045
10.6392810323738,10.6167509988359,10.9004953152447
9.3554556225932,10.4509171023818,10.8395299536782
9.64498582720971,10.3416416197944,10.8030803723102
10.2340612137229,10.2974073105882,10.7904159161506
11.9662036794213,10.2828842963451,10.7869536028375
10.1242824065248,10.2706491063609,10.7656038874449
11.79294083076,10.1009615472853,10.5744924895153
10.7604336604297,10.0923925571612,10.5809213740474
10.0646261499708,10.0912042475552,10.589655472902
7.97235730678313,10.0967348673658,10.603022397226
10.431234478048,10.1067201299764,10.6189126744665
11.8949552958115,10.1228012988002,10.6383885398242
9.953823358163,10.1431892204993,10.6579889246231
9.40519109252,10.1583888294415,10.6719992642106
9.45130263839212,10.1737243066824,10.6838131413242
11.1831967191358,10.1711537309128,10.6793368149493
9.37404405240697,10.155967761234,10.6626808395519
8.51593023519342,10.1410337921504,10.6428832912843
7.82353905912248,10.1243558045166,10.6196941813063
12.3621401574313,10.1100240927539,10.5982468356357
12.6288228434605,10.1003894652969,10.5819697161317
8.92857533951565,10.0951904482672,10.5708036467963
9.55313124093366,10.093558056651,10.5676424731969
9.9451984222739,10.0946474744566,10.5720207011259
8.78980632552774,10.0975253423536,10.5860495449645
9.88537587750811,10.1031381523662,10.6069021552089
10.0164067088025,10.1112868476083,10.6325764020561
9.88377569451921,10.1219094610481,10.6627312054498
10.779804351427,10.1344816582545,10.6972350758458
10.0030287758067,10.1471416985551,10.7331669408296
10.4023868486469,10.158761217721,10.7667903696245
11.0606451249659,10.1862831318297,10.7431679577802
8.16018822702118,10.193001933476,10.7550805650127
9.42779381686377,10.2196655226221,10.7651563220932
7.77523823626395,10.2089355158932,10.7254389126298
9.09062236063344,10.1658476980097,10.6342003072906
8.59171343792534,10.1009738913458,10.5172896736549
9.15156757911131,10.0451422806626,10.4251148554043
10.658685134466,9.98418792568818,10.3289006734599
10.9284184068154,9.96070669171435,10.3192984209329
8.30116302505348,9.95113386652894,10.3291805796507
9.53549545427824,9.9553324981395,10.3660627743039
11.7131315034643,9.9661972274453,10.4048786442703
11.892197084253,9.98475154394645,10.4486833853537
11.0477682229725,10.0091775999423,10.4891712317209
9.49928152894488,10.0542635717256,10.536945341034
9.81337257453404,10.1263337710374,10.5956161177335
11.7783631478263,10.2481362613074,10.6758384102521
10.8542827468772,10.4666989801884,10.7984987693582
11.0794395555884,10.8551540204758,10.9898887913287
10.3609643298653,10.7825870647713,10.9762695643515
9.67458246766352,10.5172081979867,10.8763752515951
8.6004543900579,10.3933119347974,10.8411395324001
10.0924505805251,10.3548583176878,10.8356489028726
10.8795993361836,10.3476287964201,10.8414564973642
11.9483409956589,10.3379483757864,10.8197432528423
9.77352899339519,10.1000002443956,10.5692338059495
9.37020428997057,10.0907389483086,10.5743039258754
8.99777679805685,10.085219459529,10.5797811488599
8.89037936007307,10.0859217934192,10.5875864139483
11.6821519883291,10.091599610306,10.5980178398262
11.5392124707067,10.0977959489523,10.6075120455128
10.41227305234,10.1081805144034,10.6185822802008
8.48977935122351,10.1180642446724,10.6276887721435
10.7508190615739,10.1230032567342,10.6310283037934
10.5178005568836,10.1228150336274,10.6265281745957
9.9705480690742,10.1182678225859,10.6155411510426
9.5107845815989,10.112720769962,10.6004225604224
9.01850652451802,10.1055076944651,10.581738969422
10.9131218871462,10.1000622123035,10.5626709757371
10.1868847045452,10.0944114965425,10.5447989534294
10.8198844274931,10.0918860931958,10.5320115203509
9.36256980142316,10.0919692543786,10.5261562381743
11.9281292047923,10.0943111907288,10.532069653878
9.6114482312331,10.1003816204649,10.5498751445775
10.5302445924181,10.1080790086351,10.576535945851
10.7724911341555,10.1187975488468,10.6103304045707
10.011479595437,10.1307517026586,10.6445978500853
10.4852294482687,10.1402466681561,10.6758824461867
10.2564720000609,10.144942249363,10.7044199588883
11.5779635297422,10.1467610158476,10.7295123532982
10.244771584947,10.142149193485,10.6784194744902
9.20269113355986,10.1335548262329,10.6796715001644
9.14114036940241,10.1284910811642,10.6658008415976
9.28583128148639,10.1193581698977,10.6379462898669
9.17733971109029,10.0953930331288,10.5798075293225
11.3080010808698,10.061398859081,10.5177318007967
8.72285214889299,10.022468708437,10.4527240868885
9.52323013112653,9.99178131709463,10.4074823542876
10.6579649895204,9.97214484779589,10.3866480698218
9.0211985534303,9.96377979307814,10.3900818500633
8.91104064236362,9.96621666292556,10.4111268100841
9.44283751221261,9.97319597541173,10.4337999762844
9.37711677153094,9.98698513718474,10.4641238907022
9.17094874277439,10.010258611326,10.4975094535565
10.0195154274468,10.0455384416727,10.5346095097759
10.5614382802677,10.1078938320529,10.5867003421222
11.7254709518079,10.2242865192654,10.6618213431453
9.55704472956553,10.4121766730467,10.7668912112263
9.46453201667533,10.5714757487965,10.8572162091613
11.7881208315555,10.5953508457308,10.8874058504465
9.51765685834189,10.5064849882754,10.8707201776695
9.42162266056766,10.4159322933294,10.8554558300847
9.00242801710535,10.4387743621966,10.8953355107556
8.74811955890463,10.484104900127,10.9377999115674
9.43528218990557,10.4717810882759,10.9203113878131
8.993735949107,10.0993190835179,10.5647678300168
9.75487576604506,10.0885176032138,10.5671412233216
9.90119052809747,10.0816789615688,10.5705749688072
10.5002472770393,10.0786962771733,10.5747907300302
10.7860614866938,10.0807553021248,10.5800765459849
12.3070477211561,10.0838863302928,10.585265613376
9.39131523080226,10.0876583160751,10.589667872115
9.73395310943397,10.0914840088941,10.5926721006985
6.8900158576214,10.0949911326181,10.5930245042696
8.85066673300279,10.096383273405,10.5881946153177
10.2380962220529,10.0970181459291,10.578966799954
9.47659804433175,10.0961482370228,10.5647029167857
9.33603070949006,10.0960597177401,10.5477315049247
10.4904280919352,10.0922624209375,10.5269514909431
11.1959518902009,10.0894261817384,10.503360996194
10.5363305507307,10.088313016019,10.4821453573314
9.01253537164551,10.0911477674231,10.4701108522933
11.2288385474875,10.0964003348773,10.4766198320613
9.9498359290823,10.1080846980299,10.5054850222609
10.9765924828036,10.1218850521205,10.5433469451598
9.19353111241288,10.141204278542,10.592824041773
9.05144638390374,10.1552940492428,10.6333286941445
8.16727579110784,10.1638708820209,10.6683239985578
10.0302023503784,10.1663834065525,10.6955801998361
8.65744150880798,10.1484596761412,10.7068196442838
10.1168862389156,10.1240984387958,10.6409891992633
8.83290356730167,10.1043823949499,10.6351490499886
10.280055660718,10.0895268597598,10.6194628420992
11.1133221312165,10.0734691635414,10.5903952416239
10.7116428438045,10.0580514958928,10.5579589200298
10.9766543272441,10.0345263468182,10.5149024283307
9.60427148990236,10.0101771755122,10.4766556610053
8.26369750095111,9.98962165811435,10.4485408985278
8.23817748690364,9.97525753850399,10.4319980453471
8.81424096956168,9.96809354011365,10.4303354884735
10.6842468440815,9.96870344052534,10.4390868586324
9.29642515152238,9.97585895380916,10.454746421311
7.8425932110749,9.99067752087544,10.4745858823239
10.265016776671,10.0114214330126,10.4982547024336
9.96941593404782,10.0384158760688,10.5276287702973
9.92514761683457,10.0830679768786,10.5668781167014
10.3998599812641,10.1529805037346,10.6158322351316
9.78898180997085,10.2534219268586,10.6766930586627
10.3861804344543,10.3530301077137,10.734695453432
10.2241874387075,10.3911774692066,10.7707661831365
10.4332460663878,10.3951079714932,10.7970310179267
8.72910504357844,10.436401516291,10.8579341760284
10.2676455739534,10.5732212383081,10.9743300092675
8.9829259907395,10.734517744959,11.0976323810166
11.9412845429664,10.7515478437433,11.1011511889684
8.42564865924998,10.0979528861477,10.5594304743629
12.1261615047476,10.0853403486517,10.5601526075493
10.3965981577387,10.0776337978002,10.5610667874328
10.0400661004135,10.0734462967054,10.5629519019043
10.7111916612555,10.0719219124329,10.5635264439062
9.00989387267276,10.0733410615472,10.5654155963903
10.7782269885222,10.0748881970468,10.5651196651512
9.84158643847672,10.0775052003685,10.5654496769917
9.67421091565964,10.0785653899936,10.5626910968839
10.2423279113218,10.0809097059339,10.5569298542873
10.6815730482515,10.0838952568857,10.5477118583359
7.10148789780908,10.0854270571258,10.5339216307303
9.9867299240465,10.086577949891,10.51545940847
11.4191958451249,10.0858732097387,10.4886933002157
11.2189724160225,10.0849954440856,10.4541679656684
9.60827826738981,10.0851408115455,10.4196402226126
9.82027015499666,10.089353908422,10.3847082716781
11.406113842212,10.099515638634,10.3972425497771
8.91521039751026,10.1166730778119,10.438307165007
8.62577800667388,10.1421326349284,10.5027273092941
8.93695985942592,10.1745572743761,10.5734937277849
8.41070947246276,10.2095847326465,10.6414332238997
9.57199770340824,10.2205772034828,10.6805967645725
10.5486582170853,10.2128040033097,10.7059354016392
9.6644477047631,10.1742482657589,10.7055564688214
8.37204368477133,10.1289754811446,10.6277172598883
10.3565851837429,10.1009242587653,10.6137176012841
8.71639263204378,10.0722291069506,10.5927879451922
7.67877239873052,10.0521176933803,10.5686733379324
10.3624165327225,10.034314367571,10.5410718807636
10.8604996571616,10.0178567378292,10.512398295949
11.1308069566388,10.0011054801097,10.4882095068683
9.36202959961525,9.98569807702094,10.4678078743257
9.06572681478084,9.97386364468264,10.455990475581
11.1736334565422,9.96850314070488,10.4523420334303
10.7917599149026,9.97068250256823,10.4559320217818
9.13167746388944,9.97933541047329,10.4653956886578
8.54490730483431,9.99253586939967,10.4784149943358
10.2441482081148,10.0072929584526,10.4932714941343
11.0962765531819,10.0283618526615,10.5157339994209
9.92914213268305,10.0532739565417,10.5383555302562
9.65975307088261,10.0936141739924,10.5673610321327
9.72077728474687,10.1478632167124,10.6002703442879
9.0800431609238,10.1976925458133,10.6289796621239
8.41240666412417,10.2380087885233,10.6573501862724
8.85952887662461,10.2822560062761,10.6955153598324
10.587757761536,10.3963536879995,10.7919407619447
9.39656352794216,10.6495266744639,10.9823802122738
9.67359884198908,11.0887721650486,11.2852950066547
11.4951325374389,11.0979627482614,11.2880398531205
10.0873291733911,10.0962833844058,10.5546487357698
11.0796913824648,10.082213388222,10.5533042063455
9.00057740316616,10.0738045804756,10.5520649600401
9.35320682145861,10.0680199180764,10.5507723574508
9.82575485902532,10.0658993769726,10.5485676344042
8.42120195822653,10.066042929453,10.5464529467341
11.0297297909833,10.066425393641,10.5435116613064
10.7148891788046,10.0667566243588,10.5400908079183
10.8574434802612,10.0681118359625,10.5355167515844
9.87546106530253,10.0714116290275,10.5291078486802
9.13782414815377,10.0752899623136,10.5197337904029
10.4723308126072,10.0778746221516,10.50484344213
10.1355421767944,10.0790292884268,10.4847555137398
10.8617753187788,10.079307464237,10.4528885004436
11.4471308869873,10.079718466376,10.4103278800958
10.0163961688649,10.080288992918,10.3396242442599
11.5127092687509,10.0856636013576,10.2699029263791
11.9729149362973,10.1008517327449,10.28585891236
10.3655892087167,10.1244422329296,10.34640558177
9.68658480507093,10.1674545778792,10.4581441796678
10.552263154518,10.2229348240769,10.5641967951246
10.517745270333,10.2885840865878,10.6578720519738
10.8463993957427,10.3304125821437,10.7271326041554
10.7649270883535,10.3036359342609,10.7427990164335
10.215733398348,10.2275299671359,10.7222395529429
9.95884854202696,10.1645589942607,10.6350750303513
10.457632334932,10.1018787120513,10.602870762307
10.1533512160277,10.0657147681754,10.5776649246081
8.35229303082314,10.0403131153936,10.5539008479126
9.48956011530455,10.0229897660628,10.5313760881816
10.081129035098,10.0084982863954,10.5107534147017
10.288270837515,9.99788648541763,10.4911436634122
9.89685365575715,9.9866370363225,10.4772230805375
10.5381055295773,9.97727905897737,10.468417041624
9.58601160944218,9.97508125466815,10.4639079896094
9.29590318188014,9.97874873698331,10.4654124849739
9.79537663313888,9.98599246041304,10.4691483350031
7.41296163161522,9.99597891537838,10.4775755105131
8.65338786948058,10.0026210663547,10.4865159005264
10.3180974308798,10.0141994009239,10.4990804198267
10.7715082035295,10.0259728167862,10.5075190014101
12.1525178532113,10.0478309093116,10.5206894469389
9.02102710539034,10.0723357615796,10.5292393571375
9.01944384675516,10.0992897700297,10.5357033064204
9.94319261198729,10.1255113379274,10.5379574555716
10.5155844647857,10.1679777703938,10.5560307104953
8.1112505880895,10.2787338489015,10.6324525479759
10.3569270749015,10.5131211087398,10.8048233301523
11.4419654418972,10.821499338077,11.0182995959734
9.42852132580236,10.9443485795724,11.1168505597187
11.118596290375,10.0948446963365,10.5490424743847
10.4411565473129,10.0804813964604,10.5466827396607
10.6627276729858,10.0710614885412,10.5427111022256
10.7126309725977,10.0648531845649,10.5386336811727
8.86761136896438,10.061457786727,10.5332265514583
10.4867637113402,10.0599590026724,10.5265805213004
10.5317648821714,10.0591973244684,10.5204555959701
9.94605220763332,10.0585394013204,10.5144423046906
10.2107054288004,10.0602480286192,10.5077702307711
10.9747342111539,10.0640439645736,10.5007069599646
10.0204465907831,10.0683583910922,10.4922842095939
10.7301273037388,10.0724017355671,10.4790805244983
8.89067557599732,10.0737581461784,10.4558803524268
10.0472675579598,10.0748920548126,10.4191945666491
11.3905727254399,10.0722943219359,10.3621328449155
11.2225027892385,10.0712785902756,10.2853209965168
10.2911062807958,10.0745520489113,10.1734054189953
10.0795111399436,10.088569595789,10.1180018270271
10.1316923744941,10.1205006355011,10.2587216495839
9.06361271008634,10.1765378730302,10.4070750771363
10.8148604595946,10.2699489674307,10.5508871936891
10.768461041085,10.4229166399638,10.7019103901458
11.206091193203,10.5323582978718,10.8112376053541
10.51875440331,10.4528557504846,10.8097923928925
9.13664531662318,10.3251460488483,10.7627714763087
10.2688972068129,10.1912195663944,10.6387655241257
8.82503988375469,10.1152705091159,10.5999903833029
11.1503619799617,10.0659531084939,10.569081365503
10.4420089819122,10.0362314275712,10.5444506725249
9.98573901621567,10.0175140540469,10.5247306718093
9.49987529405683,10.005146475518,10.5071436522523
11.1603670646291,9.99813307689011,10.4921301477544
11.5020818455148,9.99099665735194,10.4807176480178
11.7366432409262,9.98800385471903,10.4722652996132
10.6135776698692,9.98657787428844,10.467249752309
8.86373148220112,9.98995864126496,10.467075274747
8.84689188496177,9.99473852790038,10.4688954518717
8.07175836230017,9.99617502577087,10.4712772364228
11.043393063221,9.99791019094313,10.4760149272063
9.59820248402516,10.0010649827066,10.4800787838465
9.55941334354789,10.007695532536,10.4825076974993
10.8881344523098,10.0151526771518,10.4779235452282
11.7554360599536,10.023887354375,10.4663345271253
11.3503698351744,10.0277233718551,10.4405770230658
9.1222204872398,10.0378835817112,10.4205377525484
9.27526979469822,10.0504051516472,10.3929586989155
10.8702654160104,10.1014726829888,10.3926323759162
11.4372364870096,10.1971154031564,10.4416892794589
10.9913740518112,10.4003040756443,10.6036840043747
10.5227651426514,10.4057968761362,10.6418417445648
9.77447789542674,10.0940803077423,10.5441270182556
10.5595492156313,10.0793456759698,10.5390567190609
11.2203106528012,10.0694177289954,10.5327990853054
8.76933348617037,10.0631266804711,10.5244256790066
8.51291212117567,10.0585215642815,10.5154330498511
10.5106231361324,10.0554668385187,10.5043207220161
9.85495070680004,10.0535118927668,10.4938904674769
8.15409475745699,10.0516133558553,10.4831598306845
10.6456374672748,10.0520573611344,10.4747261764696
10.2092909398431,10.0560544994484,10.4692319779454
9.91878930420397,10.0610617514946,10.4619894512349
8.74663001798112,10.066787917952,10.4518108499801
9.87311764031424,10.0712807821529,10.4315292325122
8.58940087914857,10.0711632007877,10.3948328565916
11.3432174486589,10.0670452819128,10.3315390584783
10.6472656001905,10.0525598880549,10.2474792597202
9.55087840971796,10.0442626239384,10.1548055891122
9.0457468961772,10.0488531121671,10.1193093391672
9.15603517066516,10.0776967040811,10.2078319024489
6.83683187023051,10.1566549311955,10.35137657329
11.4181734274703,10.3003229814339,10.5231795762645
9.81310419336329,10.4951976848161,10.7049515353366
10.993881341817,10.8530950668321,10.9426776366025
9.6037198796546,10.6043844461297,10.8664820070904
9.78948015626781,10.3663975889437,10.7715267062671
10.476066275333,10.2083443926319,10.6366536051989
10.623372855896,10.1212318852032,10.5924030651448
8.93265535802145,10.0691918326758,10.5609888144224
11.0524159861484,10.0349039925021,10.5359352864357
11.0061376794244,10.0159749864724,10.5176660110563
11.402601194052,10.0064285616556,10.5029731270181
10.4783051491407,10.0025248847403,10.4901951721251
10.5445131308975,10.0006938702699,10.4789631476813
12.2697826425457,10.0007604023008,10.4708622199466
8.63173840773339,10.001266202691,10.4656299115267
10.6878005223306,10.0030391948353,10.4627118860107
8.60094288260477,10.0027004734062,10.4632505308035
10.9186119929314,9.99931835005662,10.464909689516
9.69364369153718,9.99758261608912,10.4660155770437
8.03579116337262,9.99562472760909,10.4634116238898
8.70378063714524,9.99616545890781,10.4578250080434
9.79975039818642,9.9949830888416,10.4416318308559
10.0587708970716,9.98892286761774,10.4112253226175
10.5304907687979,9.97585778246887,10.3635387938484
8.65764132104903,9.94811770888032,10.2865714441064
10.792876885332,9.9107315646979,10.1901486357405
10.582288503252,9.85766765746756,10.0643458648428
9.06529524859352,9.87440379240882,10.0312195325442
9.51121374141395,9.9947099425578,10.1522313577795
10.7439669138929,10.1410927607984,10.3491688386775
9.85090864950326,10.0952162028301,10.5387022350852
11.3274596074417,10.0811561405817,10.5314938976078
9.71645263307611,10.0707499568382,10.5223863506455
9.72411105416938,10.0633999188845,10.5104313743174
10.1495792411121,10.0575123667061,10.495416124352
10.2819900567268,10.051985940764,10.4767879718944
11.8548929941974,10.0464171652093,10.4575941893376
11.9848573583909,10.0419014566134,10.4417474725904
12.2868887241947,10.0402293030221,10.4313081761282
11.3819942047633,10.0441479279142,10.4283919094278
9.23833498399496,10.0509734818413,10.42411318382
7.47196454967186,10.0620165813873,10.4240987431906
8.88556754692745,10.0689568015694,10.4090036405674
9.63668379696503,10.0716645798605,10.3755756906263
8.1600308228975,10.0592101273739,10.3123465474549
8.62496916491889,10.0284801033591,10.2180917027677
10.3531783354875,9.99200862618883,10.1241507020582
9.7736965933968,9.97832629778202,10.0815909161288
10.8238650625996,9.99791272095589,10.1210674667531
9.70926278810441,10.0828478016168,10.252337847072
7.22048499801326,10.2344125236387,10.4390454419349
8.19979524845633,10.4679131959445,10.6481377769317
11.1435577591829,10.6599105143725,10.8160951317026
11.2802412090878,10.506606393663,10.7925090043862
11.8718707560339,10.3206218856026,10.7278028265223
10.5981804893769,10.1922987375239,10.6113133666334
8.44018334769201,10.1202479214478,10.5778513829345
10.3178951717719,10.0661664323313,10.5476652381773
11.1553711529526,10.0336662528987,10.5264394395332
9.16351232585627,10.0162698777161,10.5104392921067
10.7804642694515,10.0103175163189,10.4972339921427
9.6242933798279,10.0083253099539,10.484880365768
9.68835030425785,10.0124863264361,10.4733470934405
11.1684025393601,10.0171811661976,10.4646523217265
11.3041375860938,10.0221043263849,10.4573941740771
8.78846439911248,10.0237863862744,10.4530915199606
8.57158385401723,10.0137740263033,10.4537341621922
8.55139572927813,10.0061618069567,10.4547346123701
7.91278675220523,9.99747081056399,10.4545096152874
7.68119680195261,9.99315385779777,10.4508896299061
9.56827332427769,9.98899586544269,10.4392751616984
7.59119457472391,9.98148834666451,10.4152300817332
10.1376974442559,9.96629232158699,10.3704441953938
10.9643839786144,9.9355934788351,10.2972378414836
11.1931361724918,9.88854532584968,10.1950246274149
10.2409373446723,9.79674736652081,10.0248717979091
10.2519905818983,9.61896919994719,9.74705162545262
9.64078492118784,9.39384180060151,9.43227865479276
8.38162491225289,9.64041544375381,9.72284438704188
9.51360997070489,9.92522754342526,10.091336971098
9.76040049025185,10.1006042033679,10.5325743371652
10.7753935422405,10.0868675745296,10.5241405168402
7.72080794603783,10.0756064624665,10.5111851991338
10.1244028847334,10.0669980653068,10.4939236260876
10.0480251111204,10.057448151423,10.470382757297
10.0557856093934,10.0452404826362,10.439041210685
10.7154340780349,10.0332176055141,10.4082812472929
11.2853275496269,10.0232818265041,10.3829606935786
11.2215019642999,10.0183236479527,10.3684816087042
10.3470583222444,10.0237181675913,10.3681210236618
8.8327987665563,10.0371347996517,10.3781488627485
10.0842220928735,10.0541728496675,10.3881566660832
10.3810143321016,10.0683310252037,10.3846750731419
9.38861064030071,10.0771823417175,10.3635002721846
10.2504091680142,10.0683831019559,10.3061499170561
9.41911989450171,10.0157526393272,10.1907875189492
9.21009560149373,9.91455366354679,10.0289890233206
9.16956988135337,9.80090512383196,9.87114058004791
9.58036862722965,9.82960757557161,9.9195141107214
9.58855705791817,9.95114832142484,10.0933056825519
9.96622719174087,10.1126202954893,10.3006076669801
10.486585467084,10.2550635429218,10.4912561775793
10.5667823713109,10.3749352484165,10.6387217309101
10.0059863621401,10.3336066630696,10.6756777277344
7.42399561206597,10.2397104892636,10.6620102749323
8.86982221367942,10.1588202999809,10.5742588048057
10.2717500384778,10.1010990078258,10.5524740337475
9.55700442110168,10.0563970193266,10.530452399223
9.38825419191432,10.0311078986587,10.5150192387472
9.72220069255873,10.0194515022493,10.50245934955
9.70957926294988,10.0145077730458,10.4902294007169
10.3765955966821,10.0189445375188,10.4778551389783
9.18101490626968,10.030707113953,10.4649887652797
9.75525642980099,10.0438863370724,10.4536289291871
10.9860405368736,10.062343032563,10.4416771790235
9.99215535429581,10.058567734726,10.4382990764213
10.1410781162898,10.0448525726384,10.4395343565241
8.98546293145597,10.0264775490125,10.442487502271
9.66045578831125,10.0073380663651,10.4441732371299
9.64437043985064,9.99386526283531,10.4400589514389
9.30778195754732,9.9845507750815,10.4257222489146
8.55048650209537,9.97142660647292,10.3983021796307
9.74096407980197,9.95418648770037,10.352329527466
10.1606878220848,9.91366580405724,10.2643019135269
9.9853736083792,9.85325991180696,10.143019167404
9.3462826405799,9.72839727377368,9.93350974110016
9.75894150421892,9.53231906645998,9.63583291758465
9.00718306981202,9.22538874744678,9.22496589059963
9.04146314143333,9.51224636120202,9.5770930848537
11.3608071535995,9.81976678595286,9.97057137756357
11.906103891217,10.1103624702113,10.5269139120093
9.76847069271197,10.097036972822,10.5169873668681
8.22157125291951,10.0865477316469,10.5010865594166
10.4320894586002,10.0741400389768,10.4762659960497
11.736256628524,10.0589548784201,10.4417879132891
10.7784994510609,10.0397639509542,10.398603043573
10.5162480874909,10.015499539253,10.3486107089476
8.57475318415109,9.99367863913337,10.3057717612117
9.35933072496804,9.98188825301584,10.2815916604986
10.8603758541115,9.9837854235936,10.2781526972542
8.74618319401547,10.0098112630475,10.307528376171
10.3057164302559,10.0369200101833,10.3335548646066
11.0805017324073,10.0729521545101,10.3626847582555
9.39159544509117,10.0944304193757,10.3551109981478
9.5739517301648,10.0933327844386,10.3044097545406
8.69097492954233,9.9946992351123,10.137701884243
8.96062593993336,9.81607280791078,9.88717441830535
9.65906579768252,9.58734924659844,9.60941170145354
9.47291417693938,9.58247930388912,9.62042699354404
9.9441702309534,9.79671614335527,9.90656516791
9.28478368829472,9.98919729254144,10.1753499202985
8.57968245223006,10.1111601114851,10.3665343553674
11.3813822802925,10.1970983541386,10.5104155190867
10.2593547916631,10.1997911039809,10.5776700024121
9.61765217412488,10.1598407605265,10.5952884424251
8.90364131360197,10.1140937099829,10.5323335257101
9.0538598409345,10.0754999591325,10.5244257302534
8.86276694890962,10.0486578882557,10.5141142222701
10.83451847388,10.0292945131492,10.5046853216691
9.12167615993683,10.0198828314391,10.4943697812743
8.22556417792541,10.0167112472798,10.4832355179536
11.0903418510802,10.0287792761502,10.4707522869455
9.35571052940231,10.0509645177125,10.4558486336715
11.2808771226533,10.0894887507873,10.4367566080962
10.2387343558361,10.1157759627454,10.4225245103993
7.46714892195362,10.1235025665919,10.4152722522772
8.71663675578485,10.0997373579788,10.4193760940415
10.0939864290052,10.052186704982,10.4315132547565
12.4860910046446,10.023066757106,10.4348052603271
10.3716866945292,9.99886094090415,10.4330389135307
8.79142309810154,9.98426380149052,10.4193541501814
9.88005479008703,9.96953821732834,10.3928729025239
9.3479631677944,9.94830881209636,10.3444197276572
9.80377581727674,9.91365750642657,10.267785492559
9.69195657851972,9.85634401961718,10.1545922734412
11.4273864846177,9.76886861394544,9.99739658741379
9.58229891750716,9.6488696505463,9.80104355588722
9.66712961591527,9.56075917415736,9.66317898557163
11.8128448649984,9.69923818152054,9.8275327823054
11.5900940379288,9.83701502460392,10.0133587804131
9.47822782179714,10.1273377320948,10.5213713518514
9.39936256626847,10.1144328372036,10.5108487980156
9.14430629253685,10.1027608820034,10.492781742585
10.3121696153411,10.0881858636598,10.4610871608768
8.99197870853255,10.0669700186881,10.416304050238
9.65311815386912,10.0280345029197,10.3430956086311
9.70389617502235,9.975396670027,10.2528332223178
9.4225859790162,9.929804128487,10.17627470195
8.59956154467463,9.90766684829681,10.1387005623313
9.40249832324303,9.91562151060919,10.1465365609239
8.3251921677848,9.9613329912022,10.2052903971966
10.431540036826,10.0169138602826,10.2733535771322
9.83711989942137,10.0738356027765,10.3301366476981
11.0762922722812,10.1227063189269,10.3534976628832
9.72283511258556,10.1699702955788,10.340078336368
10.3256593648314,10.1202387903182,10.2084419308078
10.3186318080648,9.77479546718876,9.80019426790659
9.0509442449932,9.30860914877618,9.27864867722207
11.1618308374175,9.34210275609003,9.33977943955512
11.9575043478742,9.69122671944616,9.77948989735788
12.0687267803195,9.90513470514293,10.086264714895
10.4015591906548,10.0212243971199,10.2827941707898
10.6271094502161,10.0897494658002,10.4212202389048
10.4750741878656,10.1157050693682,10.5057384329336
9.01838611154263,10.1013523223695,10.5436465130274
10.2678850670883,10.0804968401486,10.4986147997743
11.4115695358172,10.0557612019217,10.5015362970537
9.4541673179968,10.0353450578116,10.4982164275079
10.9913494008039,10.0233693502742,10.4932952277235
11.4654798057829,10.0174508076304,10.4868121372376
9.2475600488468,10.0220561310822,10.477185394637
10.2496231186837,10.0358000828592,10.4652775701819
8.78298447621844,10.0706503030291,10.4477427931617
8.23884050185033,10.126851652909,10.4234568121142
8.97111095790873,10.2111401150915,10.391426387373
8.78060391593523,10.23794621236,10.3790209851608
9.74303597201808,10.1510931203329,10.4020910004798
8.89952520246858,10.084967115855,10.4199265737249
11.0075075577026,10.0337508073706,10.4307821798061
8.53322801671134,10.0069329673392,10.4303820907916
7.48554536135251,9.9901325809026,10.4184304189724
9.28437172718358,9.97380252298498,10.3932316464136
8.48675996454106,9.95516800898643,10.3556369017913
11.3084017293187,9.92752163684482,10.2954115838414
9.92165909222411,9.89090984872681,10.2167489531983
8.27668835118291,9.83971368828349,10.1148480461534
8.6454856248668,9.78406984649816,10.0096600586233
11.5650494382292,9.7783698953554,9.97615712080447
11.1138079850168,9.82807443024494,10.0316756552847
9.5034922131913,9.90015217340828,10.1217138277679
9.6081871937159,10.1499788783605,10.5157705617531
8.61992414563134,10.1407957112133,10.5061708671713
11.5196282874915,10.1323750876491,10.489494125378
10.0875804917447,10.1170930293484,10.4555683341676
8.99221725724668,10.0878612882924,10.3970020228465
8.50029560471755,10.0211980144742,10.2865037494786
9.99735188432156,9.93983100777993,10.1575214520314
10.3022377974362,9.82332237056306,9.99085870382203
10.7272884868977,9.78392094691352,9.93337919523277
10.923706714368,9.81258223652956,9.96797635631791
9.74856849253684,9.88829183624397,10.0690677911865
10.3448438192438,9.99097816910881,10.2023663031248
7.95506213645118,10.0644841935967,10.2840510229627
10.5025023070978,10.1395964475924,10.3359824297806
8.8767163253888,10.198327544775,10.3318793011755
10.3394068397473,10.2812762774608,10.3069024841184
10.2441526046409,9.92608478063309,9.92755720925693
8.96494066942267,9.60193667692532,9.59053246504855
11.8780208673497,9.57921162995982,9.603563495835
7.82123763199844,9.74621362156996,9.84869164218511
10.7739505803227,9.8874069335253,10.0764491183648
9.74513555084581,9.9905568292416,10.2597532227253
9.76985541410385,10.0506471414332,10.3886842902691
10.5463633378213,10.0733072775749,10.4681316568957
9.77900576210438,10.0701819227761,10.5102489167168
10.390591691076,10.0566097058234,10.4711234331892
11.1134511105107,10.039674244796,10.4819719661234
12.47682283402,10.0270887093586,10.4860452845311
10.1028667574076,10.0183271028584,10.4849425730809
9.36774063546133,10.0155331672887,10.4804771499304
9.20882434282917,10.0217004207536,10.4733179220755
11.1720641350712,10.0399517817724,10.4623843346174
10.0370334739939,10.0755760766728,10.4452462809818
9.91508517807188,10.1336084647449,10.4211973927566
9.35388840203423,10.2241207122115,10.3879056832131
10.3491311151333,10.2717994050181,10.3694043738737
10.9297434825395,10.1754806694415,10.3954668272444
9.77851828133717,10.0897861186189,10.419828003706
11.7025538863972,10.0468024028496,10.430476631517
11.5175051765416,10.0169617773238,10.43238576165
9.64778425029942,10.0007392285117,10.4249957983867
9.4366041804278,9.98507066221591,10.4070270021919
8.98414006818623,9.96894536967188,10.3765137284011
10.7248629483218,9.9470438007205,10.3311056957041
10.6929765161709,9.92543484923692,10.2806127299182
9.91483204766582,9.89976832786381,10.2214263003384
8.72890116792973,9.8790348941961,10.1681636889089
10.4932532569652,9.88566842417088,10.1553609653183
10.7009484460835,9.91035343630216,10.1749623435368
9.62622177395972,9.96178499523167,10.2334403478871
10.8197986151705,10.183218639093,10.5070929554889
7.35586600192016,10.1847480385283,10.5040202016063
8.90060584903726,10.1809260076206,10.4943705170572
10.0450519994438,10.1729692852245,10.4706826510001
10.5196182731109,10.1493764459507,10.411695501235
10.6693543890301,10.0564945565251,10.2688911959187
9.58324398371759,9.90922687407525,10.0600694915972
10.246554714854,9.65150726847768,9.73105222385436
10.5649154955034,9.54285896248093,9.5947320723001
11.2025580024737,9.59461182499459,9.6642565011268
10.918763149369,9.82451640523952,9.95305596030758
9.84830484499722,9.95744322873954,10.1239908418433
9.61220724661569,10.0515653115456,10.2337751444851
11.7234648267489,10.110806220259,10.2672842264385
11.1143640050784,10.1487939089522,10.2532237470411
9.44304169495441,10.0825717548139,10.1301712497736
9.52255087722521,9.88862207700583,9.90757577303714
9.17003964886171,9.75540672725321,9.77723607043802
8.92605356378093,9.73279739879433,9.79471300013696
8.2932901711285,9.81213806662806,9.94487151724809
8.71927565991632,9.91580498864816,10.1257009170119
9.72258102234353,9.99119162042447,10.2734904803839
10.0868432706945,10.0390406570945,10.3850162601701
9.94283483019409,10.057548013034,10.4555035507763
10.9780084731048,10.0539050157064,10.4930489974237
11.5409601924256,10.0462676505465,10.4574825710113
10.1565122369299,10.0335140878448,10.4715281031404
9.54462877038331,10.0219696137286,10.4768041964196
10.7846532784581,10.0159002622018,10.4786904459849
11.2498610801442,10.0153891427709,10.4768838494037
8.1837733792438,10.0238706949066,10.4707620201974
10.221009414848,10.0380815759685,10.4630715887446
9.69458605089138,10.0647866885538,10.4500646197677
10.0841506888032,10.1101997594801,10.4311191640365
9.58133793612727,10.1496097434334,10.4141247766716
9.09347654336217,10.1693558733769,10.4044654122989
11.7246344781758,10.1245274957449,10.4160906306151
9.90118029543774,10.083411563493,10.4280774032711
10.4302553984491,10.0489179383043,10.4365961390758
9.40900373162615,10.0284454055292,10.4385851883203
9.14184716214525,10.011959271935,10.4325891959077
11.6152245538673,9.99708515369226,10.4185518363936
12.0013193933523,9.9839326259537,10.3985759228348
11.8610007977441,9.96866170184107,10.3689400600398
10.6162067513388,9.9588658355244,10.3369635520939
9.51081530767733,9.94837584784576,10.3031017152813
8.88516179333097,9.94093370827535,10.2742109808604
10.5693929757417,9.94295470200918,10.2590334009339
8.25527927832483,9.96603571100624,10.2766190252906
9.9748201145324,9.99874702761438,10.3048232033111
8.60690353942894,10.2429973600404,10.4950944881756
8.95871692403848,10.2532131368759,10.4998384720943
8.62784098039729,10.2550470320433,10.5159481936328
10.5927518165437,10.2553560855296,10.4996717081576
11.4820577115796,10.2575488091164,10.4657292344737
10.0504793842195,10.1790588532143,10.3271473073911
9.59315995149892,9.96860746575339,10.0644293248968
8.49699578718224,9.64694092859656,9.68158105183032
9.04885184322924,9.11946411182486,9.07429428968899
8.79788063006458,9.52652719478911,9.55912510260074
8.45339380997909,9.79328932267668,9.89011193170679
9.20597996212101,9.9401173209019,10.0753139398911
10.9451437428505,10.03712801929,10.1805699081907
10.4508289835008,10.0856769816859,10.1988110898455
10.7776149809036,10.0847426170043,10.1378002820059
9.75385763956553,9.94833765827452,9.96670534745738
10.7373232987143,9.79174523319635,9.7979308416242
9.73830008748861,9.75554949038197,9.78961140055451
8.49849258689793,9.82319123575714,9.92428964914561
10.0237701341794,9.89894745133163,10.0705609036836
9.72819219660741,9.96190054802866,10.2001756669542
11.4305729644964,10.0093967656971,10.3084998945048
12.0908380385358,10.0381008095156,10.3917925382291
11.6086996737547,10.0508250434642,10.4497880905598
12.2831936108917,10.0502444323473,10.4881716213548
10.7111596915718,10.0432419910851,10.4502339790727
7.73713203889153,10.0316152302634,10.4638075267992
8.6504525451752,10.0234894101864,10.4715236869246
7.34165343902973,10.0205344577381,10.4750574070654
8.67845213364552,10.0196974726774,10.4748042017044
8.44646421810604,10.0259610777843,10.4716618507021
10.5367347071945,10.0393742503069,10.4654816930605
9.25193198690805,10.0559747734991,10.4573004516375
9.89385029340239,10.077055464867,10.4469575197425
9.77727596876109,10.0966708076996,10.4367621743755
10.1606725002517,10.0997526273303,10.4331465762325
10.1776506911493,10.0856539854726,10.4364180146034
10.1451070396194,10.0710246955177,10.4406659147148
10.9415828922971,10.0522571474617,10.4460912269881
10.1720029042598,10.0385036711457,10.4456499675916
9.65574188476102,10.0247553491923,10.4417879450962
10.5754832720675,10.0101654954567,10.4326231325433
13.0247703169188,9.99805593331581,10.4193753294024
10.2980945016713,9.98870701002455,10.4003472020233
8.78257260309536,9.98365954786259,10.3788678506374
9.63113870216598,9.98103394974584,10.3583753897066
8.44068231740218,9.98228648476161,10.3437633175292
10.5518597958316,9.9892513192338,10.3399312660251
9.47478196045332,10.0087794589587,10.3510403417991
9.1944357407345,10.0341233358742,10.3641784986358
9.29452523758656,10.3345305973166,10.474935658521
9.38151069110905,10.3488519886706,10.4931152052119
10.6985381047408,10.3334588156553,10.5366881062714
10.0656432643984,10.3790151777067,10.5692976234789
8.8955547385601,10.408101755263,10.5457949645499
9.96766569713912,10.3773225283545,10.4515057382949
10.3453158779953,10.1325153308001,10.1934692661752
9.78420651749442,9.80268850228013,9.83575099103728
9.11394890444188,9.58642861333526,9.60741624862994
9.57219620189398,9.68283751287062,9.73395249033731
10.3179270354854,9.85842615900734,9.96512248150631
9.4171446540571,9.96986100736579,10.1005405543919
8.68949896593976,10.0521804605901,10.1799596205704
9.58786947088255,10.086833080996,10.1711845865552
10.7916763014541,10.0752321129794,10.0879635474022
8.70044676746776,9.94108114407071,9.94128370452667
9.62407774761536,9.70731790201422,9.70331486797688
9.76725441967553,9.81901141953059,9.89065606014454
9.67457298931648,9.89042904687932,10.0310707995741
10.936902353236,9.95313280655721,10.1589148886581
9.74488021863801,9.99864162868256,10.2614808954258
9.99447175012846,10.0321060788806,10.3467527757358
10.9910920124139,10.0519021197111,10.4116373742267
11.7782265528712,10.0576456098452,10.4556369271012
9.64440006718513,10.0563663063654,10.4897500631927
6.73436370308453,10.0473519024634,10.4456765544537
6.87235858140094,10.0392572140408,10.4606256970009
8.34962094506481,10.0337775010165,10.468784273961
9.62805411397469,10.0315656722741,10.4732002368418
11.0095677214221,10.0325017994708,10.4738328142455
8.79453520120934,10.0391536613895,10.472986660786
9.00017489478664,10.0474054753085,10.4694702990211
10.6050931230554,10.0583420429622,10.4640748503811
9.75335778780975,10.0699926334007,10.4580238163424
9.22717392476524,10.074985990203,10.4530091342057
11.1421837503941,10.0779884874109,10.4497100265454
10.0826047620042,10.0713995847542,10.45061784809
10.799477788031,10.0635311952662,10.4531092852358
9.95816621316319,10.0583053138238,10.4551358598675
10.4617381113367,10.0514698125458,10.4544751222393
10.5379001024253,10.0399863243166,10.4507506279876
9.75970332932362,10.0270622666887,10.4451737878039
10.1229696765198,10.0150746588469,10.4359358774669
10.5234028728251,10.0097589895598,10.4249124294177
8.88322284354125,10.0080330393713,10.4115437736771
11.2403626322678,10.010159044871,10.4007869194413
9.7971946832651,10.0154404517432,10.3917615942306
9.08053947537102,10.0237752997784,10.389393694898
11.002220394324,10.0379686496784,10.3955271769313
10.6584375807573,10.0627924697134,10.4069449928796
10.4512869804139,10.3891642634634,10.4663739383659
11.148723392764,10.3746618527619,10.5114372533767
8.7251991318981,10.3970486823628,10.5759596116914
10.3162167144304,10.4510073886884,10.6256349225988
11.9196436247309,10.5981017632182,10.6774554480011
10.6357345266594,10.5683039900103,10.5891580588739
8.40526290896282,10.2918281101545,10.3502589109087
9.61760615635879,10.0567685297996,10.1456783344161
11.1321296459493,9.90023981334541,9.9950483029169
9.86833908929122,9.89230780755317,10.0090057658661
9.46405404682895,9.95396405883954,10.0925709577011
10.905366187792,10.0251915051083,10.1721035925695
10.1501782080297,10.0872418095522,10.2232916448355
8.57676974073638,10.1233477639123,10.1998203421879
10.1155205152362,10.1168503667299,10.1277444308227
11.2194305182749,10.0145229819633,10.0344540500635
10.4276655363139,9.91470606423167,9.97797405404762
10.4674983115156,9.91519749269766,10.0364798762491
9.60340648859802,9.96218255224676,10.1454776522287
9.53889348912469,10.002848768434,10.2381486037822
9.06858885344557,10.0385908081053,10.3238005030553
10.4524136097408,10.0591963700334,10.3842525560197
9.78516589926275,10.0717513428823,10.4336684089291
8.7338012410493,10.0729049429637,10.4665135908065
10.2199267528446,10.0680906931042,10.4930827648624
9.96380066573803,10.0605180559853,10.4484914719089
8.17943521758581,10.0564620398307,10.4601599069509
10.0220565470833,10.0508760763662,10.4683970484038
10.7082854464443,10.0507596281246,10.4728380672468
10.0392779371079,10.0528280978241,10.4744966185571
11.5279986367708,10.0596084698975,10.4741606290567
10.2742693525871,10.0665407176853,10.472720235737
8.90868191232933,10.0703935414553,10.4702454798661
10.0112729918113,10.0751740230592,10.466761241821
9.96152950589372,10.0787365155168,10.4631608911908
10.0297146912219,10.073333487149,10.4620816226524
9.8427998097848,10.0724090645662,10.461518898806
11.7231632412546,10.0700844478537,10.4625631369494
10.0701040210996,10.0708593818011,10.4629317401171
10.3334558847998,10.0680423551235,10.4620168884638
10.4633690778266,10.0614568762356,10.4594280595193
7.94541657180145,10.0522864027887,10.4557700612171
9.85635139948325,10.0441792318989,10.449880117506
9.80549825090774,10.0369171939371,10.4429479800972
9.20663390957446,10.0357798920971,10.4345718318918
11.359379746609,10.0395360220901,10.428825505789
11.2523186120318,10.0469827724924,10.4257048366304
10.2641868218926,10.0562040617014,10.4239012509715
9.1817458879114,10.0682244918763,10.4249411424604
10.5571305650316,10.0852058427003,10.4325891729244
