"true","meld","down"
10.2186586349473,7.66041237658573,10.4746919283861
10.0485662284396,7.64947317152934,10.4378550980622
9.58964612774076,7.64747468916669,10.3982537482212
8.5141955593846,7.66301174769933,10.3576665564416
7.82369901027552,7.70031961018977,10.3175202533746
7.02502861018414,7.75606603203919,10.2763850270188
6.26244602780611,7.83684908945388,10.2354381153484
6.02644703276303,7.9385532253974,10.1947870783225
5.96294267456831,8.05496432810702,10.1533337037631
5.81730005706177,8.18408915955812,10.1111596956417
5.94656579733048,8.32301043391393,10.0662967822544
6.95822297624005,8.4686644600463,10.019963777891
8.2505805568506,8.59156398146491,9.96743190835019
10.148982068084,8.69227362693722,9.90819434397713
11.4178687059948,8.74881946388293,9.83853629982892
11.7559348053536,8.76926380221031,9.76105018741649
11.3180686174404,8.71932052505046,9.66636931546222
10.8467968423131,8.63315194041665,9.56137152054001
9.94849626320642,8.51007691953648,9.43920747304523
8.89104647552348,8.35836343516022,9.30237068329056
7.83029199869182,8.19541573220408,9.15267634471703
6.58453837038433,8.02989664559054,8.993539909788
5.77055393849783,7.85919056840793,8.82083348765189
5.42374243580522,7.70707617343172,8.65441255853598
5.73981230495753,7.56369839489343,8.4857521008934
5.88204162565551,7.44635076285901,8.29773661297445
5.95969498896379,7.36392852913212,8.17910486563885
5.82451447499101,7.32404396878351,8.1095707493177
6.40357399012973,7.32733175817432,8.08863167427099
7.11515007324324,7.3764691252222,8.1235999505617
7.76984346065534,7.48640058205297,8.22594821837703
8.30618667155952,7.62892068549269,8.36435608027313
8.52032918824607,7.81057891988552,8.54150051780025
8.47234710458379,8.02482334169065,8.7462516122005
8.43700182265558,8.25621599264187,8.96035630734735
8.45499342294072,8.49613811341201,9.17409910212672
7.85179589022127,8.75801200415692,9.40039798800668
7.80413920922387,9.01592479585567,9.61326775786702
8.15417070207461,9.27678964541795,9.82416541129265
8.88171632533105,9.53907655808741,10.0334236032993
9.67530443688815,9.7721309212611,10.2175137256324
10.6594668490067,9.97787526549241,10.3793257511008
10.9499382561987,10.1512438892664,10.5169841901554
11.0483809303723,10.2847598638564,10.6255712263533
11.3624811674047,10.3742605214038,10.7046068549714
11.4509964394098,10.4502206644895,10.7715947622919
11.4061708508013,10.4956101264635,10.8187393426092
11.0238554397336,10.5283574556675,10.855666579648
10.3357370085222,10.5564824324703,10.8878877385259
9.04857311785601,10.5834790082826,10.9171241863876
10.5573582732999,7.68808782140697,10.47976779923
10.2280024068115,7.6636942531473,10.4400414395368
9.71685750904707,7.66463183089243,10.3987699051733
8.44081163547172,7.68127354673681,10.3564313617811
7.72519405124714,7.71980973363903,10.3130300167391
7.29503143599185,7.78330221309822,10.2712296377404
6.81784138256771,7.86984588115723,10.2295898029962
6.30397814550737,7.98031686256224,10.1895521189548
6.22730351407635,8.11159956246399,10.1500542968634
6.10681930443866,8.26443476853589,10.1113167531042
6.2526648587599,8.42791994755044,10.0710512081671
7.46078931250837,8.60023494671055,10.0292341127645
9.05049399232371,8.74850878360054,9.98059674537829
10.8526529924918,8.88498040328379,9.92837931451104
12.0016461815776,8.96002185579284,9.86297880716617
12.2267027319992,8.98514502245522,9.78788623055426
11.3694130009106,8.94168737215649,9.70031525566072
10.6535119410344,8.82859001598971,9.590891421213
9.59921507627989,8.68357956934454,9.46651721406397
8.35778812382168,8.50892374874808,9.32152106125369
7.17642792534341,8.32061381369482,9.16065999032401
6.25864554985553,8.11764258231494,8.97690720856889
5.63683994468761,7.92926030402158,8.78798742434403
5.25847395026918,7.73931802680757,8.58659840012725
5.19409984741429,7.56910637141955,8.38561626734174
5.10988947986524,7.42065655848807,8.15970848969936
5.52646279360664,7.31151615267709,8.00817230144659
5.82508193990775,7.25120021914235,7.90686025862721
6.33015495783542,7.24773743968054,7.88236917389361
6.56428058248598,7.29704579551499,7.92310305790903
6.8110346605832,7.40755513999273,8.03997398965477
7.04558745166896,7.55868323106743,8.19889093164612
7.5199156616853,7.75327068712672,8.40289487801982
7.7209668588032,7.97877172229931,8.6319859251412
7.75046917953229,8.22264179033907,8.8675730704283
7.816567721199,8.48646523971504,9.11058046407256
7.4676634893561,8.76144596200427,9.35440920257801
7.72668850448901,9.04759639701057,9.59679595469002
8.75440373626118,9.32579207095711,9.82320785518775
9.8684303981545,9.60165241293207,10.0442741201742
9.985024413865,9.86077560927743,10.2473613747917
10.244758520636,10.074595298157,10.4152213434328
10.4307207521001,10.2520288326752,10.5565061276816
10.6216450839788,10.3801668894691,10.6632036687812
10.6904739402677,10.4689633827125,10.743134041427
10.6171053915465,10.5251798130135,10.800108819702
10.4130256340275,10.5574902716582,10.8399616318497
10.3185675869845,10.5833101152195,10.8739614064717
10.1030489974263,10.6026237702085,10.9028765481132
9.053010404733,10.6209052431,10.9273983699555
10.8687724387784,7.72994392031176,10.4874889080854
10.2136850307514,7.70741436100574,10.4450138970481
9.48933950926195,7.70102225831752,10.3998099562643
8.17074547895696,7.72256527416787,10.3544310310323
7.26030760845619,7.76059962153184,10.3091503333526
6.73714101396173,7.82817990783645,10.2653143422635
6.47930112323294,7.92245510097897,10.2233513863233
5.999472593255,8.04643182087841,10.184476857634
6.09356177718176,8.1919189480418,10.1474733831016
6.13171535259932,8.36516987017877,10.1131214419382
6.19940503700518,8.55572322013372,10.0792671651637
7.16968259313236,8.74530253758406,10.0418366558969
8.84736371245652,8.93782522069827,10.0027378789923
10.4841017007561,9.09470277025981,9.95507523163077
11.4819491133427,9.2096962937489,9.90058814991035
11.8320287405154,9.24501387297002,9.82954641940096
10.9785043761653,9.1908905164659,9.74552395862774
10.1827057925325,9.05897735407506,9.64205651668495
9.27709625874057,8.89002561148984,9.51767889490905
8.1361214168198,8.68808072426651,9.3650332785535
6.66283053846304,8.47049528873405,9.18955905397601
5.78390502744354,8.25503484683225,9.00255203730331
5.44671378898598,8.02519991806053,8.77771988105349
5.49000782929953,7.81585874266848,8.55435083532396
5.51286225945716,7.6153546592953,8.31575523655974
5.22128496679604,7.43706423571442,8.04765873714884
5.36729458186082,7.29427249034595,7.84948524819407
5.6906017075823,7.21368847664325,7.72370300926833
6.21047436791387,7.19017166544126,7.67640647093613
6.43147033530637,7.23728345763155,7.72568346063836
6.7243343389096,7.35458524656132,7.86765729807139
6.5861360291025,7.50990106898196,8.05025762901739
6.63953072669937,7.71418035923795,8.28187804799284
6.73545598198441,7.94870676857884,8.53165517342516
7.09571644840644,8.20524865189916,8.79080332169505
7.58884913290445,8.48340698782635,9.05545812083229
7.79399396896054,8.77560816918213,9.31685931108858
8.17656698593281,9.07323247370608,9.57394211124926
9.33574285794897,9.37438532368835,9.82194392131326
10.7470649647267,9.66797792495622,10.0565708775551
10.7002774984375,9.94165316125674,10.2706639974703
10.3495106748625,10.1780492942326,10.4542739040771
10.176566059684,10.367629122573,10.6040957705786
10.1547957686922,10.4862942385264,10.7054142702005
9.76459655401044,10.5597067081788,10.7758062431133
9.6578691375754,10.5996267954804,10.8232561823424
9.57872320724524,10.6175882472568,10.8559280175015
9.60720378064785,10.6301771135656,10.8838207265191
9.47649265852965,10.6425664169717,10.9093153412948
8.67821601541619,10.6581425332162,10.9345268811954
11.2120659120743,7.78984035896537,10.4968703254122
10.1671141400099,7.76692864594115,10.4520416277764
9.23900265995704,7.76354825236251,10.4038118852502
8.23963990072272,7.7754537512256,10.3534232503753
7.31783493072743,7.82491303782879,10.3058124970435
6.33859376880247,7.89602696859899,10.259479154043
6.00851945535137,7.99371808056535,10.2165797895002
5.91991104095564,8.12326937641761,10.1785326104362
6.48002981747939,8.28265026624659,10.1448098430218
6.65781498105923,8.47305667837052,10.1156197284406
6.36673492303119,8.68383990047343,10.0888177107939
6.52531432154529,8.89970984571155,10.0598260835572
7.98384220102029,9.12205820568068,10.0305377218773
9.71527472805065,9.32723005100908,9.99542325083464
10.8365790390342,9.45917072547232,9.94543406877059
11.2955770179141,9.51040040580265,9.8871406427812
10.4139736438943,9.46384443350076,9.81208338959148
9.28515657417879,9.30817312235467,9.71598899718719
8.55713473705371,9.11216865329872,9.59304930597494
8.15367410058121,8.89347651200974,9.43665185115537
6.98433514209427,8.65767922278691,9.25748027795306
6.04437744630232,8.41110287093206,9.05009407745875
5.55828100874789,8.1728939631125,8.81773267455888
5.66284032114044,7.92303695371856,8.55062580628803
5.82702731133641,7.6993868706375,8.28002519661923
5.78865617874639,7.48168237600351,7.95940643585163
5.84808552656453,7.31817369508759,7.72387615423122
6.04884646270005,7.19747678928654,7.54700521266436
6.36922457942978,7.16005730089118,7.48536881073682
6.41306843936718,7.20773420417579,7.55591350937105
6.695496161802,7.31694571813058,7.70322792945337
6.48807664068925,7.48694037647492,7.9238530890773
6.39448165052971,7.69645274024806,8.17751051120106
6.58795432139447,7.94129361272711,8.45259177129659
7.36859785597939,8.20786467641751,8.73369036532061
8.03229331709867,8.49380890258192,9.01593944762182
8.49136601069964,8.7936511503531,9.29052345640542
8.93313210132763,9.10361110324449,9.55990951094718
10.0492436770695,9.4143570294189,9.81759783705911
11.5780135991581,9.72758630139304,10.0666199944618
11.7472170228978,10.0219302309107,10.2944053778395
11.071977277984,10.2775242004842,10.4904168955635
10.4675533067918,10.4708600503729,10.6421090002757
10.1967552450404,10.583179559136,10.7389636799281
9.43082640200944,10.6350915178133,10.7960544654639
9.25633677969303,10.6540859109762,10.8310681417329
9.36006382916905,10.6655241166663,10.8612729853557
9.47181912865435,10.6686809096497,10.8845224324188
9.28906532802396,10.6759349620704,10.9088725210556
8.81547190484186,10.6888850868251,10.9353606798856
10.9994292302046,7.87295228044623,10.5127230267055
10.0972044537253,7.85114784043776,10.461687583249
9.03614143118997,7.8482627460406,10.409007264767
8.24380619227056,7.86892654367767,10.3553660396542
7.5123840057844,7.91082802603957,10.302717647244
6.40879769498035,7.98458777259896,10.2537286189947
5.97510194457602,8.08736979081803,10.210318068216
6.09734672345776,8.22288539671298,10.1736565866114
6.69576510545011,8.39279137879475,10.1443284545289
6.75014662900037,8.59354488777923,10.1213248660684
6.49602566116326,8.81239264522914,10.1006319328388
6.37035561882319,9.0526314610585,10.0854999554023
7.45754915912455,9.29750930800654,10.0669793193667
8.75427080168589,9.529496124135,10.0429137359916
9.5281637196123,9.72535892711907,10.0108414767914
9.99972023462503,9.80435893317648,9.95960753997416
9.82109340079073,9.7023158965029,9.90047598118711
9.08418173484087,9.54585532280771,9.81307730999829
8.39345014949805,9.35188936722187,9.70417948218024
8.14271696064235,9.12403031377204,9.55485985184247
7.05713250205146,8.88303296480726,9.38161587574155
6.0908343279317,8.62379863604086,9.1546262239803
5.75500961445501,8.36202358743501,8.90768526453985
6.16706177346045,8.09632778335642,8.61963210811848
6.40770502557719,7.84579858252618,8.31974596999038
6.4937856744342,7.60376360023433,7.96010642141581
6.37384252262184,7.38875866897406,7.65248709991883
6.35881154347679,7.21360711217638,7.390799109523
6.54816664549833,7.17049526794277,7.32970747080629
6.58500564910997,7.20869012353897,7.40052551479318
6.76186776827321,7.32701959591144,7.59251403599813
6.51523366578287,7.50258051298811,7.84274907587522
6.4031500564826,7.7183864880877,8.12252090741473
6.69850567692708,7.9623556859957,8.40894456093984
7.7396984715994,8.22565922166261,8.70011527417124
8.36708360345747,8.5143372480143,8.99208991475958
8.93065370434926,8.81591202843452,9.27361317880185
9.62548752552418,9.12903554927696,9.54918904445133
10.7662108016927,9.44664904739933,9.81165169264904
11.9598062858925,9.76194851708412,10.0646812649899
12.1903208480219,10.0686783720287,10.3000460387008
11.4949090963158,10.3535151282871,10.5133379667654
10.7163773438404,10.5698663877698,10.6781170224737
10.433989585972,10.6500458210348,10.7527872973133
9.74176416654422,10.6755886919229,10.791403440033
9.62951317230623,10.6885030979585,10.822925077861
9.86002382687696,10.6914807442087,10.8485172616208
9.93131962932587,10.6929681303061,10.8729301723966
9.43089020461997,10.700516627756,10.9009053457974
9.17539577071012,10.7163759687563,10.9328541496932
10.3562451003174,7.98105035586929,10.531869189968
9.83492724441825,7.9614279436428,10.4766036285009
8.82729024926753,7.95977508803377,10.4190499391756
8.16482209264599,7.98232629502731,10.3599781905578
7.56903487403941,8.02033358240381,10.3019886698618
6.50300735730318,8.09561115078975,10.2491337294861
5.9160009926779,8.19917453326622,10.2039682415785
6.20862412020559,8.34302696325793,10.1703209846435
6.91108635558569,8.51153604209956,10.1429977056232
6.83141452116508,8.71916034745784,10.1302894399844
6.50368425931676,8.94476830580487,10.1195415890798
6.04088787669854,9.1935471782944,10.1170966606537
6.53917797389413,9.44852859570125,10.1109716788167
7.49569505296005,9.68391560432437,10.1013384412508
8.42088939894758,9.87650120617285,10.0875477740014
9.02466515835871,9.95751082485013,10.0564656073807
9.25065127127717,9.89294769051999,10.0063886364617
8.63200050063231,9.77321745899184,9.94475879989993
7.7368845468107,9.5894418636453,9.84673133897639
7.60586880375296,9.37801146386873,9.71676080370127
7.17471329055237,9.14031137038089,9.54674206024689
6.51171321836329,8.88098863841051,9.3276208961022
5.99411131076319,8.60397857307363,9.05857069691906
6.16114694300451,8.32867933491399,8.76159544032556
6.28819614406984,8.04060672322003,8.41763358150778
6.8563117160967,7.78148978589826,8.03287076475084
7.26020926377563,7.5394350244099,7.68916044534915
7.31476224699207,7.34993353226279,7.40552804694079
7.12924855989467,7.23732045983893,7.24183557861624
6.98657733328775,7.28645961383315,7.3679697823931
7.01293131884761,7.40195139044936,7.57983076616209
6.86406798163582,7.57551959935132,7.84432201548128
6.88902676578956,7.77907496984915,8.12350084054726
7.16075607575799,8.01237205584045,8.41054877597545
8.08912497406712,8.27389279244395,8.7016519659831
8.62962169285501,8.55092936607494,8.99128165073371
9.41818585505316,8.84387186445332,9.27059885604276
10.5236388282175,9.14954874560072,9.54291473233295
11.663792812878,9.4636360948696,9.80447821223803
12.0834437766374,9.77715431596246,10.0538006596351
12.1713090208977,10.0738958178638,10.2823681731059
12.0456389975834,10.3599849223828,10.4938451813202
11.7147674340382,10.5552983375418,10.6415069209689
11.3432302962684,10.6567136754034,10.7272661391984
10.4191546695645,10.6786834351237,10.7621485527266
9.95504420219927,10.683417075303,10.7867554134934
10.1535915674563,10.6910919148994,10.815648552202
10.5488762758177,10.701215857657,10.8482727572764
10.1001104647243,10.7150687376157,10.882927787457
9.8221491674444,10.7397377317961,10.925139678573
9.60688861087463,8.11869407994726,10.5569983202508
9.34141829384479,8.10011027267774,10.4986350785342
8.58321247206819,8.10236527648951,10.4352878911631
8.22199877758274,8.12244527532901,10.3683425756135
7.84094151912706,8.1631722960467,10.3047979694511
7.1022738384579,8.22996737803618,10.2457631094947
6.50635201634479,8.33858721158674,10.2007458108636
6.75753017597098,8.47482118901419,10.1663549939069
7.38148034856528,8.63851784570401,10.1432459504059
7.28682717237433,8.85180843549593,10.1432843411951
7.155753603969,9.08390664773928,10.14635350233
6.90386254760584,9.33001714343618,10.1570215596349
7.08076617274925,9.57885278339498,10.1704639949707
7.50481433899298,9.80984849403332,10.1812027435927
8.29774766248892,9.99162157618395,10.1840569733067
8.74713115903303,10.0865003994727,10.1757782985074
9.15446073500519,10.0754736205238,10.1487633214563
8.98767065538186,9.98093296993727,10.1040476429398
8.2916879718607,9.84878135200489,10.0381161719669
7.87900807055946,9.65736836036489,9.92428081173284
7.49591466230332,9.42453041000856,9.75059944468451
6.90140867296223,9.17896387879755,9.54874832075618
6.34168637598747,8.90904880447482,9.29201118118015
6.57885972423708,8.62253862084237,8.98226576235889
6.78115222285513,8.33128714224945,8.63409972989063
7.42673859985202,8.04578414868564,8.22862313994554
7.91826542829115,7.77980778564936,7.86421343737492
7.97889810021657,7.57740383012748,7.58573265107526
7.58818028951093,7.46707489001382,7.44301067029485
7.53367653935479,7.4651093348484,7.5008935135549
7.46416944539359,7.56739836858907,7.70058923005894
7.10273323336942,7.70637728364351,7.92816418911411
6.96694486603741,7.88771539411733,8.19237128388527
7.22151299674717,8.10153719713839,8.46571469312217
7.98390703957062,8.33668047263634,8.73738291332482
8.3442425069144,8.60618333636814,9.01477040007126
9.05689477201815,8.87579716413873,9.27990844654637
10.3344353929771,9.17076887581751,9.54591758570349
11.8130785565179,9.46314623156229,9.79339573654188
12.1188892717687,9.75908569875859,10.0285707725788
12.1794148780295,10.0391312514088,10.2431752692792
12.3113077622746,10.2811521386353,10.4230157870549
12.1073973598597,10.4651575584797,10.5594328312854
11.4950167072618,10.5758349372247,10.6470857811271
10.8212462490955,10.6283392873094,10.6976049002455
10.6137288410424,10.6553078453922,10.7340122554251
10.6510434492551,10.6753457465996,10.7709374584325
10.6719033403393,10.6934938001149,10.8104460505352
9.83965127567555,10.7260194109475,10.8631209234467
9.47231613894296,10.7574050944899,10.9120535115988
8.6242027702744,8.27137583418221,10.5920305477485
8.92318299093425,8.26403271776859,10.5266908280794
8.8064570886348,8.26995382632956,10.4573133825912
8.63550015375978,8.29113011580591,10.3829238146756
7.81936545488372,8.33135882208583,10.313127671954
6.99343118291411,8.40093398319516,10.2475371130257
6.6789909660216,8.49741796971392,10.1967830056464
7.34727013693387,8.6264641224616,10.1632106628265
8.12879268358337,8.79490079035042,10.1513478287168
8.03795884754321,8.99847302981759,10.1560473960873
7.75478458096206,9.22695700366985,10.1856818232627
7.58419163768222,9.4752730665034,10.2119394073673
7.78062142271367,9.71701295692889,10.2527572776294
8.1412965114381,9.94736437032318,10.2824084601178
9.08666351852057,10.1236727718268,10.3027560442582
9.41870425202424,10.2157016203294,10.3124545748796
9.47944107188498,10.2660812376319,10.3214436576047
9.32253499656867,10.2230355925708,10.3083272340314
9.00049904120858,10.1277986728149,10.2705932114318
8.4726990505221,9.97255942603971,10.1834993178254
8.10800502776542,9.77809225439758,10.0495131990727
7.72615972914122,9.54263541617023,9.85508015681116
7.32058321066042,9.27679766214897,9.60291476071203
7.60262289951277,8.99170684343141,9.30246404988255
7.8603924125711,8.69184616850249,8.95513932015959
8.28569332307193,8.4071604685454,8.56219899821315
8.54380694225321,8.13896079120786,8.22122804905852
8.6198413091362,7.9152867469515,7.93982680710487
8.13393568098486,7.79507253845608,7.80750260805057
8.09624141866209,7.74490828798351,7.79505385042935
7.9346562253366,7.79302243135236,7.91943405020881
7.33103169051271,7.89019459446292,8.09471077349501
6.83847825668018,8.04056215110215,8.32242218309912
6.9845567234861,8.22325867017243,8.56308783111644
7.55643094404973,8.44011962540663,8.81771429999225
7.87826204743025,8.67276175894223,9.06503134287529
8.60327115407859,8.92685433440015,9.31347971509257
9.80790532003723,9.19286215520129,9.56037100533574
11.2463375994511,9.46591482394357,9.7928757560693
11.4660387200157,9.73486662188365,10.0090094108932
11.5324503694563,9.97533346065836,10.1915995036623
11.9466682089559,10.19785978319,10.3550701750198
12.1709296090838,10.370794552329,10.479391363388
11.4750304624483,10.4870418732544,10.5634019694748
10.8148863156101,10.5543504884086,10.6181084090049
10.5825536605096,10.6040591234143,10.6650184458295
10.3401411015286,10.6423757727132,10.7133372176666
10.1390900691444,10.6833523308076,10.7710134940583
9.5341595975427,10.7332998312787,10.8402874325838
9.27821446696085,10.7887285967437,10.9146764282739
8.10111825817348,8.46466884012934,10.6371839724154
8.53849930028864,8.46412885465516,10.5682275586602
8.53209532507422,8.47374173093768,10.4917642640047
8.51604422879218,8.50031846814057,10.4122529737676
7.81575632090626,8.53337746624845,10.3277297786475
7.35350516074653,8.59220045743543,10.2540677530447
7.32309637267752,8.68594186279081,10.1987623610796
7.78447927569911,8.81047132475194,10.1677044877264
7.97435405177852,8.96891611533079,10.1594015403627
7.87969732917448,9.16899911420047,10.1885064712808
7.96501199068005,9.39947088997367,10.2338693251354
8.28028268108866,9.64370632547503,10.2949225985278
8.51116423845292,9.8816793699477,10.3532274564083
8.49727116177526,10.1080446031206,10.4126174062578
9.25341015036639,10.2933617663616,10.4554166546437
9.79365876580795,10.4139931684415,10.4896141099959
9.93128071130704,10.4934571782604,10.527373510984
9.7222315477271,10.4995642991507,10.555235955403
9.57765644001421,10.4460241968906,10.5521602236181
8.85010771054103,10.3316331074462,10.4973593513945
8.37588680412565,10.1744876511016,10.3961183826214
8.35097918994786,9.95632562265394,10.2177767572189
8.43026955045626,9.70529639394546,9.98449912070677
8.72481754610419,9.42497499117509,9.69951485306172
8.98937420856663,9.13145365304986,9.37500959838206
9.26216720376348,8.83212197503535,8.98320200957137
9.34212304934698,8.55677338757373,8.65317871135513
9.4455387005729,8.32191658960786,8.38348472715609
8.75722550931352,8.167759654424,8.2235904919597
8.23667963537817,8.09131251938084,8.17969045464461
7.81829007311074,8.06727667511411,8.20576266673261
7.47850402547142,8.12887762170954,8.33591257433971
7.1831540384621,8.23079648678112,8.50035654061802
7.39418534241417,8.36932316609335,8.69198700946538
7.58857189701358,8.5538838975111,8.91249991934639
7.60546746804374,8.75773159562095,9.13787175094978
8.26010053497505,8.98679003596248,9.36729688720514
9.48997880846308,9.22222643414855,9.58532375803235
10.8883981695038,9.46861530628639,9.7975392317893
11.1853233565095,9.70484513942474,9.99089539983364
11.1886924896872,9.9363238673525,10.1664342584512
11.3556619951494,10.1257236498197,10.301201604729
11.6338063485243,10.287379513002,10.4136739373737
11.0330003034637,10.4013707495716,10.484529719003
10.6459535944276,10.4870081014983,10.5440881251509
10.6715045736508,10.5504583175898,10.5935505996674
10.4312241118321,10.6084254402001,10.6555017532512
9.92844392735603,10.6782643513117,10.7373105269838
9.41470124785043,10.7475157999774,10.8248884871031
9.11359584366596,10.8185943401742,10.9154439640278
7.33002835490532,8.6845080811182,10.69314516063
8.23345942372944,8.69444332458798,10.6228217969001
8.67911528804946,8.71342047343365,10.5420569660605
8.86512525256072,8.73302323856144,10.4500795315741
8.18666145349278,8.76883744174713,10.3548351158922
7.70500081991552,8.82080971790376,10.2705310935809
7.77908282560838,8.9027951070313,10.2059831449497
8.35385487435081,9.01398501877122,10.1735055273556
8.34112289306119,9.16847869002674,10.1771855416833
8.223220853827,9.36903873292681,10.2339793002171
8.24134667810242,9.5979403250042,10.3124372287219
8.47938287141007,9.83716320278942,10.3894623807676
8.63257804238497,10.0850078387145,10.4986908574825
8.7120205860212,10.3134636978053,10.5780943345341
9.57459039248113,10.513308884041,10.6593084811159
10.4687239150351,10.6566705799888,10.7098969048769
10.7519107237896,10.7739749672158,10.7896602637224
10.3312622033608,10.8217375130948,10.8499816571463
10.2265520386196,10.8178591725702,10.8924502544941
9.56606100966904,10.7466995768634,10.8765514536202
8.96769906302564,10.6169332897296,10.7993233323553
8.92741977128748,10.4237477881203,10.6440838296329
9.37177498207943,10.1921632108184,10.4380700596777
9.76987998613734,9.90884954755079,10.1542300848846
10.1976513627061,9.60904701787507,9.83195701909996
10.4150617198059,9.30227248175793,9.45078189165734
10.0659046282417,9.01655333792011,9.13128156682589
9.75661915801749,8.77302660858602,8.86258923859795
8.97952185752641,8.56797212035093,8.6578136237625
8.26813588925358,8.45232970901009,8.56542797376605
7.70162093883444,8.38497695318409,8.53818294927594
7.54376302140165,8.39621979451959,8.60435550448961
7.14213099867276,8.45667729549809,8.71965456476794
7.06932108789447,8.55215745711857,8.86335780248786
7.07584375866041,8.69025257617092,9.03627420112022
7.36176037151614,8.86945693944683,9.23793625906661
8.25093451158301,9.06310894236072,9.43690004345958
9.30235378967785,9.27081693640729,9.63357336216965
9.97239816082644,9.48720644355105,9.82342778844394
9.94234727947068,9.69948395797006,9.99766941971436
10.0950014030125,9.89676870918396,10.146730140144
10.3570866549898,10.0765581116287,10.2715717389839
10.7327002784748,10.2201444290323,10.3623452474882
10.2487366298846,10.3428977994423,10.4363157234096
9.93529463279106,10.4278242141845,10.4803064094915
10.0343269769474,10.5118320243853,10.5372799492504
10.1126674272548,10.5920212862866,10.6128154741494
9.77251641214251,10.6864096569067,10.7157535977104
9.60094376486321,10.7791401643538,10.8283244370994
9.34584071617002,10.8645114599915,10.933584376378
7.33496635649618,8.92791647376571,10.7673078846613
8.32696984893017,8.96025035616567,10.6980752962518
8.99626699499146,8.98947164026978,10.6160852261746
9.23372365599823,9.02015461046096,10.5158386556361
8.76382522312765,9.04931523841737,10.4036801803437
8.38164591822401,9.08818141675411,10.3014168314881
8.39100525884708,9.15089642793498,10.2221981876256
8.9049719102732,9.25358867732161,10.1848614298655
8.66837540030942,9.4021165950987,10.20890254223
8.33978073933934,9.59855403642483,10.2902474535749
8.15861153326792,9.83071670451097,10.4096355220164
8.3497270407477,10.083963077643,10.5502319869966
8.51137215989799,10.3351139585016,10.6714215591301
8.74449770540652,10.5743316566853,10.8011714803089
9.40358246479481,10.7808400958658,10.903924393453
10.2880742836351,10.9732506176787,11.0168523676005
10.909899832236,11.1017759440481,11.1048300164839
10.7925142661895,11.2090107517232,11.2211250011494
10.8460405294891,11.2508457937689,11.3011940897015
10.3292990981169,11.2064759081894,11.3050144120405
9.59253690950414,11.1039432233885,11.2526767720643
9.28177583583897,10.9345634518936,11.1227144593823
9.95765742548154,10.7066875437001,10.9198600632549
10.5003345621406,10.4294654293986,10.6477897362138
10.9545972667388,10.1227253357643,10.3328046087769
11.1144400259,9.80229892811881,9.94950076868717
10.6586794072186,9.49233052167816,9.61852509513927
10.1561444604398,9.21748155512607,9.33198619056967
9.5220694335179,8.9986069900989,9.1121088912252
8.6314763088647,8.8249081688797,8.95744711095753
7.52798606194624,8.72195825276915,8.88593097415587
7.30102490231023,8.67815236319888,8.88352129070783
7.25689801987276,8.69438661426323,8.9460090868129
7.46202498311763,8.74678702033818,9.04147365450195
7.44161097323891,8.85064307720372,9.18230428815232
7.57843549763247,8.99824939664705,9.35345261355105
8.01762030164606,9.16127623789375,9.5270210028464
8.78179664893496,9.34635883529835,9.7074460361315
9.29936906527345,9.52861103248497,9.87216282660979
9.50091931885708,9.71753397807151,10.0278779304721
9.81238203456364,9.89643673115492,10.1636525688055
9.71602797862647,10.0562281975375,10.2696366608376
9.57543680806372,10.1997494021364,10.357653220501
9.27888392413445,10.3166166845393,10.4166353291083
9.56724449349041,10.4155755433774,10.463226766107
9.95205944269499,10.4968757721842,10.5017668989348
10.1265587375363,10.6067912718286,10.5988106872801
9.61787086085922,10.7201096226042,10.7234096755667
9.52269893712106,10.8430055049837,10.8692923014629
9.53658876838657,10.9444360558864,10.9914154790664
7.49393292276592,9.19802481102185,10.85701213474
8.81187303002411,9.24622058721548,10.7913026637348
9.89722879192162,9.30297480442279,10.7115363258391
9.98678841833281,9.34147281975928,10.6056295589506
9.38636556781198,9.36880623145657,10.4829047430582
8.91426206713063,9.3898080382287,10.3511962580833
8.77852674012281,9.43644707849909,10.2543811720022
9.27681647227928,9.52358042696717,10.2147435404347
9.21952496903571,9.66095431439611,10.2460258088492
8.89034406323699,9.86724378308725,10.3672927332027
8.45203098295995,10.1135842897888,10.539815494937
8.51200417012495,10.3831439319464,10.7348285008663
8.63048758116209,10.6394991467828,10.9110206685645
8.988839484296,10.8914013680281,11.0809823599846
9.3678532960086,11.113500925207,11.2313902611154
10.0011159084945,11.3051250408295,11.3547446745272
10.8851963408737,11.480613449701,11.4929203577358
11.3726116064686,11.610016194401,11.6264876347076
11.6085146237435,11.6920619013156,11.730145928974
11.1242679272882,11.6873027548606,11.7643855859947
10.2771514356763,11.6072972493005,11.7287291088612
9.66067007678341,11.4564865659178,11.6154844786413
10.4412192188448,11.2443355665001,11.4284646281898
11.2894328715622,10.9710245181611,11.1684753229882
11.7926658227346,10.6524443058097,10.8471812122554
11.6851035177009,10.3172262999524,10.4549096408215
11.0097063841733,9.97846880285855,10.1042794100352
10.1461081808359,9.67977544833312,9.8011092904812
9.69508792412537,9.42252032520057,9.5453633773818
9.21069141498309,9.21072632992446,9.34452195789834
8.1164779978194,9.0522166408794,9.20723552207054
7.64024531610021,8.97943248105611,9.17038221092881
7.62332637917484,8.94615704960097,9.17479038340497
7.94640692244188,8.97091256028483,9.24213395307613
8.07202986655116,9.0380851161523,9.34794079964557
8.48241036945211,9.14082664953832,9.47997746338563
8.76621253974919,9.27577982818016,9.63323800933191
9.18476435794237,9.43141828779459,9.79069014098646
9.37184493886968,9.59588761711239,9.94334772062918
9.56934233510998,9.76345065032632,10.0843545941081
9.96527486075147,9.93047033648654,10.2109280475215
9.97580411645763,10.0806273663872,10.31124358127
9.73056980307754,10.2234555860582,10.3973709257155
9.60217443613561,10.3467658824416,10.4592846366573
10.1721042944567,10.4467931257701,10.4969912011997
10.506745225504,10.5432840389318,10.5376216709704
10.5721115063721,10.6784846503873,10.6586141582061
9.98061766588798,10.8218498620278,10.8144813386243
9.81062909478617,10.9454061459488,10.9558568355357
9.8036021867019,11.0551805954597,11.0844964571579
8.20316441627787,9.46837715365401,10.9566996470265
9.05611079336926,9.56127421855853,10.9097776040694
10.0654205104662,9.64275328959139,10.8371123627516
10.2953973968887,9.70398037504041,10.7329812928716
10.0875278846345,9.73104735219632,10.5954019329617
9.78215029981181,9.74719701151655,10.4521178707156
9.29120765444616,9.75424215372288,10.3069847315367
9.23476275367031,9.82742896155846,10.2661045450744
9.37611557846756,9.95908579325133,10.3045851060634
9.55229056831415,10.1766616407577,10.4819151613805
9.20293745109516,10.4488533776038,10.7270604339409
9.02629364855775,10.7195653149904,10.9604470152628
8.87621141328763,10.9969280341366,11.1992359539844
9.36015406382598,11.2585848918702,11.4130886135882
9.93107145899544,11.4875863088627,11.5890435217253
10.5988758236179,11.6890791813983,11.7513985647881
11.3092597819286,11.8683234569218,11.900659715796
11.8370958224436,12.014789578451,12.0389051185641
12.0234420978615,12.1175231823409,12.1532172716571
11.8659832975137,12.1479899140652,12.2117206642018
11.6164340558422,12.1023664682257,12.2027341258742
11.098043946338,11.9977887674291,12.1328797916144
11.3738697017612,11.7825893327555,11.9416665763654
11.7815931810879,11.5068272283421,11.6808983147915
12.1179476578808,11.1686934641847,11.3451848396054
12.0410937922455,10.8083177591901,10.9316757650994
11.693071574044,10.4518795107455,10.5679029844557
10.5994950296554,10.1242067214661,10.2358972839246
9.68494878913482,9.83085324425332,9.9417033447654
9.12395278585769,9.5857788807264,9.70352279933337
8.32290491773753,9.3935514126053,9.5274758442919
7.89597967560779,9.26498162838241,9.42606610047591
8.06580176776665,9.20275601633016,9.39967270622294
8.59680557018559,9.19856247480752,9.43632514272643
8.82413678009122,9.23310274642419,9.51419127847709
9.36706385601064,9.30698351941035,9.62503126856885
9.51867063693663,9.41666531617195,9.75850143792201
9.58759554926269,9.54365091760645,9.89710248304349
9.50568333072949,9.6918030646285,10.0379639109137
9.74507066016154,9.84459393965217,10.1709644425026
10.1172837667464,9.99612827735951,10.2889469965058
10.3040059947973,10.1484827675571,10.3958191996217
10.0993246090497,10.2903919466446,10.4815640827305
9.9769498705935,10.4296706760975,10.5613022745152
10.5426173677415,10.5623465748774,10.6326875864276
10.9063597085543,10.6850925373918,10.701852161289
11.0420976236176,10.8195037671797,10.812230125601
10.5615227655168,10.9675683504224,10.9620501320708
10.1921849436999,11.0924763094793,11.0998392395368
9.76487836077736,11.194298764048,11.2127304584069
8.91690337460487,9.7564179899984,11.0776119334126
9.34207233327069,9.88008502711176,11.0465097908794
10.2591148824151,10.0195336315375,11.0000563898345
10.7385970394034,10.1062178932009,10.9088222798693
10.8224120796034,10.1478590935388,10.7719663486251
10.5445830292187,10.141213179386,10.5987183933243
9.91151323669259,10.1370029963034,10.4443290931094
9.36933720630644,10.162198161108,10.3430745581975
9.46866240714401,10.3118254368783,10.4412175670417
9.934362095001,10.546081155032,10.6675560358058
9.67735107074003,10.840857156443,10.9778386954457
9.3135216943374,11.1361988947072,11.2804490338335
8.99103176860969,11.4120908939648,11.5506936879845
9.44892916781962,11.6730027197998,11.7926828927572
10.0819617016203,11.8978381619578,11.9910728317994
10.8397389099758,12.086385470312,12.1532909537424
11.4205466075273,12.2543583407497,12.2995122523287
12.0946712834202,12.3920416617207,12.4253298451611
12.4049844089981,12.4933204444809,12.5320178323899
12.3645116177707,12.549500160571,12.6039815538096
12.2297864926989,12.546061231857,12.6282795902158
11.7506175413788,12.4838676621781,12.5965336001461
11.7126953505299,12.3179762197072,12.4567813434501
12.0333389275606,12.0054294824462,12.1543462668373
12.467055155009,11.6555457199118,11.8096539232938
12.207985722042,11.2756136077591,11.3781748990288
11.7054741523171,10.8982590884984,10.9965561444682
10.3702311278151,10.5474421471199,10.6403431305221
9.21457037588132,10.2230663731411,10.3111960112402
8.87034747692327,9.94334178680185,10.0295762494291
8.83587455940816,9.71844036972143,9.81070836303597
8.49479273310991,9.56035076388284,9.67580655924514
8.38729365964906,9.4611719023772,9.6110939252249
8.90805583415685,9.42579327098913,9.62266677867411
9.4908122482148,9.44632277802199,9.69169011733243
10.3958307962837,9.50028344934029,9.78859597371332
10.6743722809751,9.5815066518351,9.90203224444225
10.4696324721477,9.68632350696814,10.0272832020252
10.0510882585712,9.81406874590012,10.1560311323396
10.2824663846038,9.95518569599083,10.2816627600248
10.5303769675499,10.0963391298297,10.3977493350048
10.717605525354,10.247701835342,10.5086852789407
10.5369858889911,10.4036114808443,10.6138887699352
10.4116616484216,10.5562516391983,10.7100864513135
10.8654840038882,10.7087245592132,10.8051249744758
11.3954740357525,10.8692447693718,10.9182099927546
11.6880266362595,11.02462287932,11.0433439816669
11.2650923386922,11.1650561859756,11.1719387714881
10.6159999219731,11.2714770875854,11.2794020513414
9.72727089178719,11.3619051830781,11.3748085849708
9.67703682731826,10.0149271384009,11.1944687261026
9.80091281378636,10.2058136189247,11.1966330892715
10.372788893823,10.3788437511125,11.1742150341766
10.9214503392658,10.5203408668066,11.1151621774125
11.2587390030112,10.5900544749022,10.9984201624492
11.1178921766792,10.5970063866622,10.8370404578767
10.8939557163361,10.573367122229,10.6788451484097
10.4300844752993,10.5794171272279,10.5603979543573
10.3630867491423,10.7175002459621,10.6539555292974
10.6791367187703,11.0110665098987,11.0056868138914
10.4212523091484,11.3082176355633,11.3383026367377
9.88452734414818,11.6172080990643,11.6856028067366
9.4298579251455,11.8878905975996,11.9762950177413
9.80358427932082,12.1364451778113,12.2282462878036
10.5456369992229,12.3347707358212,12.4174069708353
11.6364493667552,12.4953476107458,12.5618555745042
12.199377077207,12.6310175095556,12.6830771386349
12.6635665887364,12.7442856887501,12.7850757146074
12.7944420046246,12.8279935828949,12.8655543868571
12.8378215829307,12.8950933198411,12.9387905988444
12.8957630377259,12.905158666253,12.9665468235299
12.7789656153594,12.8821018958241,12.9684404484549
12.5361165164869,12.7576684119201,12.8720066401686
12.3291231850169,12.450137173143,12.5735961988623
12.3489167059848,12.0720068745106,12.200278679041
11.9067619070718,11.6692589966905,11.7465267030939
11.5980124202651,11.2923437095171,11.3681947581961
10.6959406752486,10.9380230655892,11.0077750527978
9.53698456482632,10.5996109200511,10.6595225569695
8.7710729687532,10.3025700395362,10.3527605673682
8.9289199126436,10.0517893915268,10.0995231508119
8.88923520736209,9.86113883504392,9.92046753356798
8.92132767163495,9.73211621022407,9.82511462484805
9.54281898981317,9.67590033222434,9.82273498534216
10.2368214273618,9.67294762878371,9.87965212072498
10.8706289247979,9.71064327129825,9.96662971855053
11.0701401548414,9.76575763856776,10.0644032781285
11.0568194604236,9.84905445919206,10.1736171070052
10.8116539673762,9.96069024105096,10.2920669710685
11.0798041619713,10.0834249348192,10.4088458535482
11.0030266718166,10.2226922268838,10.526574324559
10.9094431745447,10.3741709736699,10.6435341370532
10.8216123564146,10.5372667075116,10.7628729907474
11.000945868844,10.7070354482263,10.8819319520479
11.2495376574776,10.8852290672656,11.0075020397014
11.5282988603758,11.0757439370761,11.1500969957299
11.7156364664542,11.2503414982015,11.2894165619455
11.6383736366285,11.3779638890848,11.3974123109299
11.4837342960964,11.4712557507602,11.4832822114809
10.7411054717416,11.5417089649827,11.5530670520967
10.6012392385294,10.2264917613832,11.2934402770005
10.5310585568279,10.4619356210001,11.3235258053795
10.518189505362,10.7235252940714,11.3588243942815
10.8678787008627,10.9304046828728,11.3477132279337
11.4780901291313,11.0526074808956,11.2764953109271
11.5657953151926,11.0528377264225,11.1369208255729
11.8197448137083,11.0556030585448,11.0177540945349
11.6599501375272,11.077331410165,10.9484052473535
11.3910236527624,11.24653957048,11.1050188723779
11.3953668511962,11.5304429476573,11.4358292609101
11.4744633631768,11.8500074508648,11.8182020605852
11.206192650172,12.1560818860775,12.1747804154078
10.6459286713325,12.4228011026736,12.4775253399724
10.5184130557146,12.6261942446248,12.6955315839265
10.8989509604642,12.7871985961056,12.8594321827025
12.1515399073976,12.8965490297611,12.9612091443363
13.0448528507718,12.982883207028,13.0362738818673
13.5665052848055,13.0369990981267,13.0774607827652
13.5393566622743,13.1018528191875,13.1340693282368
13.4916457836623,13.1236103627577,13.1502068868219
13.3208636764841,13.1415125529949,13.1743471155625
13.3139879251119,13.1304029518809,13.179141290567
13.1862773203821,13.0203899974256,13.0931903127414
12.9479714806245,12.7135410927219,12.8039055241962
12.7923102691339,12.3512517363136,12.4519367592904
12.2208423284952,11.989165300899,12.0440958165194
11.7470682337535,11.6181345419435,11.674758723848
11.0525194460151,11.2789364223776,11.3290755698793
10.1759389891637,10.9625900681022,10.9994456303345
9.2517447768461,10.6633980054315,10.6816772463523
9.46157971039562,10.3834261758983,10.3799937628798
9.67262691320118,10.1643379396347,10.1624498173437
9.68070639136092,10.0219913130627,10.0569669987375
9.94864030615352,9.95723482707502,10.0565952766288
10.4759945226756,9.93284476692779,10.0995489752456
10.704733304692,9.94473786065715,10.1714322910592
10.7636843863399,9.97227707045889,10.2465773790381
11.0587955722154,10.0365313947409,10.3410900854414
11.1661834119529,10.1225724542269,10.442114281786
11.5002715636931,10.2344731384172,10.5525792853561
11.329512243753,10.3685831661085,10.6703675433444
10.9987522462145,10.5195906331787,10.7929463416666
10.6738254576515,10.6850637138399,10.919301890007
10.916613565732,10.8670728196048,11.0562695988466
11.0861740646502,11.0603224531647,11.2015490052419
11.3493880185627,11.2576175480035,11.3528040059807
11.5372508312111,11.4520953380013,11.5103005594799
11.6188819190817,11.5752557244982,11.6079983515891
11.6728494569605,11.6546518298159,11.6730175029026
11.2326567178747,11.7215539061526,11.73185240826
11.2363694644838,10.3784303388721,11.3704750735545
11.1584580450273,10.6526418313094,11.4258300188754
10.9742044814853,10.9652874241973,11.4939508616158
11.1759624780612,11.2676315411289,11.5565540151094
11.6722511664856,11.4357237164033,11.5349198593364
11.4170616736533,11.4423669767447,11.4122730108127
11.639576669017,11.4796968065801,11.3664401534929
12.1526024819795,11.6016735895024,11.4380605087256
12.5506454024556,11.8124515141663,11.6533208407257
12.5355180195968,12.1016803733804,11.986917850465
12.5953130341938,12.4310617397504,12.3755959132165
12.1589231768379,12.7272559415244,12.7242532564687
11.3935221404409,12.9835477942528,13.0179373406073
11.1722414612802,13.1495212955152,13.2054989576591
11.6914037782576,13.2413788218912,13.3040353266572
12.8753589308322,13.2859124529154,13.3482189412355
13.4371354354496,13.3031592861948,13.3577509920015
13.4104996061343,13.3005625968512,13.3406863009324
13.0925692879777,13.2917379642009,13.3160287728777
13.339750091092,13.2815574590215,13.2944297903618
13.3692875164018,13.2482633208524,13.2586253962028
13.3673055918287,13.176628593572,13.1953134372852
13.1214072082984,13.0585909659668,13.0965789560763
12.8885317995868,12.8146495372082,12.8756527017778
12.8031060584197,12.5287069155949,12.6116717483843
12.5774391660741,12.2076488987878,12.2469815183875
12.133700722063,11.8974621790372,11.938615595182
11.4429998418651,11.5968614022095,11.6327965795495
10.8246410714183,11.3138918366378,11.3368425022797
10.0150955472148,11.0267404854923,11.0280125171375
10.1240402480974,10.7566416735156,10.7316022476225
10.3457537138002,10.4981329556645,10.450303379709
10.2423295906217,10.355277795031,10.353314993276
9.98727750951307,10.2632527353635,10.3324327874313
10.3236480962271,10.2203964497164,10.3585918817177
10.4520462341001,10.1970822547341,10.3986535759565
10.5257625412436,10.1953043408595,10.4450584800613
11.0016501993129,10.2344608235325,10.5169878493594
11.3549405606442,10.2992282695791,10.6014317132802
11.6566620722203,10.3963641857591,10.7025556412172
11.7162288601962,10.5272138171569,10.8205598420491
11.6726855583595,10.6733045158031,10.9447992330398
11.1906330071801,10.8432905034359,11.0813192885735
11.1242552886647,11.0271126779772,11.2245299485967
11.0152739941568,11.221620143665,11.3743253371002
11.1643639311651,11.4173504883055,11.5267038209814
11.3175782614907,11.5908689446322,11.6629264506938
11.6302635162725,11.7189615602782,11.7631594649513
11.9612859417292,11.8186491254052,11.8409905884228
11.9648087643278,11.8942477036963,11.9016025308228
11.2634955723157,10.4398572132104,11.4072825325508
11.3150682421151,10.7443559114291,11.4762955100086
11.1116506311126,11.0577564348149,11.5434833386243
11.1049639807802,11.3412627803124,11.594280115167
11.4748064510053,11.5728074670114,11.6232868818427
11.268268701017,11.6980080761513,11.6212124450585
11.4293311151239,11.8158568391904,11.6594094749091
12.1377084707561,11.9978526802497,11.8154734528225
12.9175398345065,12.2909017526976,12.1310329022402
12.9747478581814,12.6489212734925,12.5429611360363
13.37350931524,13.0040802315308,12.9571974655324
13.4549423264536,13.3210396301087,13.3212786290948
12.9156096462565,13.5302610652276,13.5586744783714
12.3979404238909,13.6499393782888,13.6986483642746
12.6095814546946,13.6744250328005,13.7344043620034
13.3365467221289,13.6377447678829,13.7015544294878
13.6982502236852,13.5607476769097,13.6200354783767
13.6781556478906,13.4785597518677,13.5243678891129
13.3238578882148,13.4051644153397,13.4284970199086
13.4289464639842,13.3210424018193,13.3238194390355
13.2163110582476,13.2341494915901,13.2266679997582
13.0474699815316,13.1299629428994,13.133189179794
12.8917213886112,13.0143807556854,13.0391481058621
13.0476757164133,12.826934162271,12.8812355378502
13.1357142186523,12.6066817483928,12.68029111353
13.1717865940401,12.3440556351716,12.3801662357286
12.7900079622919,12.1024159132923,12.1413706641518
12.1098413401356,11.8636673626351,11.8974131891282
11.7060751762511,11.6382175005787,11.6632929136503
11.1401639240179,11.413309992207,11.4252449110246
10.8784451746231,11.1585209958864,11.1428523731797
10.7001994322542,10.9422834017118,10.9225262848868
10.5629930963876,10.7593260575292,10.7707190686404
10.0479051509196,10.6149396890225,10.6801230976219
10.034297054272,10.521937887097,10.6503752754198
9.83897893185025,10.4502514936315,10.6319476051485
9.76272491951845,10.4129346020387,10.6399354973195
10.378225436178,10.4288361299543,10.6895874378847
11.3572694544753,10.4823536691464,10.7606051881943
11.9470599288774,10.5685758248024,10.8540072246404
12.1253239367917,10.6877038532848,10.9674762437032
12.0592276761667,10.8351213617783,11.0959242679006
11.1746498028174,11.0049100048805,11.2374460034723
10.6337792205303,11.1873679554266,11.3854269553062
10.5953526210794,11.3789704943703,11.536247407716
11.0822154868072,11.5630254232364,11.6801892451815
11.2403397692488,11.733431535194,11.812589926008
11.4661955092052,11.8712944605673,11.9187598453648
11.6946414241231,11.9794327903413,12.0020873710205
11.9680463816474,12.0632690511734,12.0668170678785
11.1450263808608,10.4310821762688,11.4162617418877
11.6778977248615,10.7240887466271,11.4721231538676
11.8170320312834,11.0167563403849,11.5241169629425
11.6151746464231,11.3134797183455,11.5762484774059
11.4472661704607,11.5694441328516,11.6307745399752
11.1741906088189,11.7702480968152,11.6875360110653
11.2403917183066,12.0295070573396,11.8711065298381
11.8679412000932,12.3078774676464,12.1270651584519
12.9399412812711,12.6779522413276,12.5326806225909
13.3288051996798,13.1009089650449,13.0152150356952
13.937936092885,13.5386967985114,13.5194198517467
14.2397501307188,13.8775861547245,13.9039811256221
13.8563725365329,14.0679607833248,14.1061211794509
13.1830681888175,14.1137485274395,14.1632788084374
13.4048942708927,14.0519640790592,14.1148216402191
13.901946178506,13.9386961598428,14.0107735845784
13.9541624233722,13.7830845992829,13.8555585199225
13.7377210048922,13.6229364397621,13.6834279148902
13.3117371619387,13.4621820992441,13.4997578856023
13.2162662345601,13.3024377562964,13.3102949065642
12.9986408880341,13.1321877092502,13.1078137093467
12.9548150952433,13.0311072806318,13.0284768798083
12.7896498980809,12.9200737417551,12.9536395893971
12.8992842552427,12.788020449835,12.8507241502583
12.8544372887825,12.6098718302383,12.6976216641365
13.1614672069009,12.435578788947,12.4786539612347
13.2555909594262,12.2494017446773,12.2952307466033
12.9091806306838,12.068915863365,12.111957499284
12.5612601239737,11.9212422142377,11.9599056070832
12.2670107995256,11.7656854865192,11.8011825118586
11.9243342698985,11.6014095198726,11.6364278080334
11.4418708477624,11.4069679683055,11.4438302221846
11.1614068967208,11.1893446438369,11.2450038708381
10.2919519665411,10.9742613653758,11.0585015675428
9.63572057483955,10.8058461530758,10.929527710999
9.18897720739627,10.6850374863511,10.8495089660649
9.42510001693684,10.6321122159933,10.8357992004426
10.2717292952967,10.6204242313164,10.8527211123984
11.4715665617694,10.6530339275304,10.9051830930095
11.871129773674,10.7320371877876,10.993130737346
11.8592884435753,10.8499816583207,11.1077849846163
12.021958378908,10.9980828725223,11.2417630310233
11.5365279630492,11.1706834453644,11.3894771669556
10.747683488965,11.3532357408874,11.5427970676724
10.2405990143111,11.5422879303321,11.6950762840232
10.4244223781654,11.7237033174568,11.8381423030645
10.4998001845734,11.8909268682178,11.9676620361239
11.1210563716646,12.0359383583861,12.0791725584425
11.8152001287617,12.1466659040123,12.1645508849788
12.216534284535,12.242546249771,12.2382665899055
11.3406963432049,10.3597331337101,11.4011402665661
11.901372964588,10.6230761735321,11.4418642767743
12.1232895469892,10.9171281755341,11.4840557705157
12.0353216068052,11.2052869998227,11.5258585700217
11.7273329111326,11.4774883246107,11.5797141763497
11.6678998223473,11.7727292097036,11.7078930804065
11.6525366079648,12.0668095349554,11.9265084533009
11.6355952154959,12.4526803258678,12.2987673677088
12.3071708551137,12.9221658984658,12.800932715823
13.0926265454962,13.4266892517002,13.3676823066668
14.1717020860342,13.9399115861385,13.9561438615835
14.7761287019735,14.3344861781001,14.3863214536027
14.622064183169,14.5115045947168,14.5571618062308
13.7728744821275,14.464317836264,14.5245145720287
13.7323722577746,14.3458085423423,14.4232485053282
13.8332907872858,14.126754875723,14.2212727424553
13.5517698417778,13.9386196862843,14.0356129024888
13.2447307520897,13.6977807917701,13.7926704039901
13.0937172006419,13.4780756503838,13.5569454617388
12.906552051558,13.2618383004412,13.3174753752888
12.5329833069786,13.0808482303352,13.1107849732593
12.48908072419,12.9446812584101,12.9892264250313
12.2636258417813,12.825328766859,12.8946191908058
12.1599523230437,12.7076333877515,12.8040208828435
11.9068194839498,12.5870365171363,12.6980509155788
12.3540258514155,12.4594798567327,12.5217669999902
12.9175414910175,12.333021032616,12.3934023275799
13.1243858059108,12.2310766665089,12.2859632623763
12.9056816022702,12.130352034624,12.1842639654437
12.8939592746079,12.047153041236,12.1056095234616
12.739341682072,11.9466474145062,12.0198427341288
12.2216585810509,11.8206703945051,11.9156617130359
11.9242489590974,11.5406523237403,11.6287884906355
11.1336733893227,11.2538866476058,11.3465044936213
10.0611092907084,11.0377359704046,11.1535701432071
9.10869016442959,10.8967112295765,11.0425327538449
9.23680122889914,10.8066133718897,10.9804556804693
10.0035119496818,10.7870328538813,10.9873015701776
11.4048458614044,10.8085998314372,11.0248826050656
12.1573262679456,10.8904288591371,11.1179277555728
12.2979678078983,11.013133516263,11.2406156109511
12.3206762041287,11.1645023390647,11.3817085530495
11.9694825392949,11.3413861654549,11.5402748803208
11.1170236152144,11.5296975420316,11.701957438156
10.5391774785153,11.7202294038591,11.8592959449872
10.8335882658692,11.8992114967026,12.0022306839611
11.0396313394064,12.0677028085393,12.1336419927804
11.675648971021,12.2086365190853,12.2430257245704
12.3185308973551,12.333181755545,12.3404906170466
12.5456569991379,12.4366599983995,12.421269534771
10.8292476775903,10.2264195708592,11.374381550973
11.7497757745026,10.472701695759,11.4051272056424
12.5349515223938,10.7529099308839,11.4352229272788
12.8285257085118,11.0376436767862,11.4747584164748
12.0844150640834,11.3377365869025,11.5334563298554
11.5859606577774,11.657842412715,11.6452842332649
11.4632830863242,12.0488989006306,11.9649568902046
11.3898923568156,12.5000673854537,12.3900195643154
11.9321165488593,12.982195705711,12.8848636921668
13.0502629484139,13.5684520783047,13.5193302832193
14.2377137043049,14.1504124426854,14.1829440087296
14.7128442372206,14.6292080247945,14.6847939313634
14.8398406115078,14.7171314538982,14.7844423735231
14.3670654492659,14.6890687027134,14.769979642513
14.2108048181656,14.5238883942859,14.6245729005023
13.7052948680607,14.2730901548201,14.3948082945892
12.8615165045914,13.998515002231,14.1329088008342
12.3092759316172,13.7281673527147,13.8663415714859
12.5722918716164,13.4606579763712,13.5941599469966
12.5337397775279,13.2195275605309,13.3379379211642
11.9163127753769,13.0092172590346,13.1215396400368
11.6600620343631,12.8497089674315,12.9678077184953
11.5712426814956,12.7221457184235,12.8572809214905
11.6064303807187,12.6183427025183,12.7662151029251
11.4177142326271,12.5193339845897,12.6709601174027
11.7542078236063,12.4444720359567,12.531828379854
12.1559928095341,12.3623597035881,12.4401529356432
12.5856875473727,12.2959382642999,12.3613505149659
12.7155027657317,12.2433916002611,12.3011749220285
13.2898738557797,12.1907563175081,12.2530943998077
13.6075570763171,12.1234896455348,12.2021750477569
13.1014239261026,11.9673455888685,12.0583742041131
12.3523051015744,11.7347271071574,11.8270171255237
11.5243197732106,11.4335636082353,11.5201083594932
10.503386077157,11.2148411140415,11.3158968946736
9.48853206371169,11.0573850670225,11.1768037621221
9.49048748116415,10.9521146123537,11.0932628918315
9.8111007406311,10.9159438750733,11.0755404181056
10.7069217339846,10.9532480567184,11.1290273380885
11.4957815336232,11.0368359484222,11.2220032759713
11.9980175741001,11.1667100985104,11.3567701392106
12.0285671975486,11.3361700669656,11.5216889236123
11.9911054537954,11.5235765382335,11.6943462568951
11.5172657958794,11.7273224421196,11.876205479568
11.0419796826714,11.9236316796325,12.0424304520197
11.1882028259714,12.1089139530112,12.192812707431
11.4015185900851,12.2740138885696,12.3221949950443
11.9819315307817,12.4182805767059,12.4348746529237
12.609634768679,12.5452395417599,12.5363052420154
12.7793332984771,12.6505248980269,12.6212638485375
11.3722934085089,10.0714613580914,11.35398936782
12.1265820916097,10.3035226862268,11.3753245332834
12.723221726831,10.5579599985107,11.4038054523832
13.1806287023617,10.8420031201398,11.4471400930958
12.6255917263166,11.1530064091466,11.5207176567154
12.1844735061681,11.5130717595245,11.6819907471388
11.9953088369487,11.9213685785553,11.9679952108184
11.718242760164,12.3923692346901,12.3659133538968
11.6965315475304,12.9176451542313,12.8555093697952
12.8217588339701,13.5050258423118,13.4567442634195
14.3113473129791,14.0979969272746,14.1028817773165
14.8822258890231,14.6179411811492,14.6771444189804
15.0520421153288,14.7713890525241,14.8571324080492
14.7150210947515,14.7245633169057,14.8381340848019
14.2428715605893,14.5461380655098,14.6826172787133
13.1822678716724,14.2846016048837,14.4437182634991
12.0222976254151,13.9865210271111,14.1654218130444
11.0753783757208,13.6821962251114,13.872852233701
11.1532326672457,13.3954302540173,13.592022970233
11.0901499176459,13.1313431672585,13.3288056362541
10.5607866267534,12.9144138474828,13.1105414641104
10.367567973299,12.7425970329879,12.9431463634784
10.5395665684473,12.6102311324234,12.8166505224518
10.5786663947682,12.5112287091785,12.7175319022165
10.3623144965084,12.4318938834326,12.6277377402173
10.7923909935752,12.3751089795666,12.4970474547686
11.4212704698926,12.332695990513,12.4262335003757
12.2259831563055,12.2940096125699,12.3596739242512
12.5013408447159,12.2583638686908,12.309128466296
12.8947707407175,12.2037559472987,12.2458310200031
13.0527861510736,12.1149849011892,12.1600647682732
12.8240249402302,11.9534492692488,12.0051549885795
12.293526334896,11.7466924980511,11.8039290247548
11.8714715453318,11.4990290973588,11.5592440507741
11.0840823724254,11.2917323972675,11.3613890068093
9.90024198856623,11.1377416624885,11.2214020893446
9.5054241633321,11.0389041940633,11.1356987763964
9.55240852878603,11.0130609139704,11.1246635258832
10.1485692520031,11.0610509825298,11.1862192972354
10.9430002426645,11.1689455471412,11.3059106539059
11.7211932465113,11.317944839009,11.4625084426841
11.5712891106145,11.5075392690306,11.6532597293572
11.5229744404829,11.7203897441484,11.8591981816174
11.5576336995196,11.939493823042,12.0601725584578
11.551841991545,12.1552455017896,12.2495581508274
11.5786353990145,12.3497664138961,12.4110388852654
11.7854041811003,12.5169342006065,12.5429959037519
12.2973016821047,12.6605024306254,12.6542970353593
12.7855364160601,12.7955550586502,12.7676723765862
12.7947581387395,12.8965183921147,12.8542678532335
11.6955361707211,9.89010512123317,11.3361284327421
12.2868606037351,10.0965387563819,11.3562513599873
12.6261400070147,10.3436838150328,11.3860945039303
13.0878538977513,10.626505440089,11.4392310263409
12.8888604207382,10.9487705744333,11.5388744710781
12.6021691065214,11.3133278949952,11.7048487533037
12.2609356625375,11.7327390969252,11.961583189365
12.0345251092228,12.2075411544385,12.3115542514338
11.903940112475,12.7246887302657,12.72838438398
13.0607308563455,13.2850882294424,13.2486521216403
14.7098682236411,13.9078652955765,13.9309607536886
15.2964195762345,14.4223940144899,14.5012024426559
15.1700485814003,14.6183558652178,14.7416515072224
14.7970063555913,14.643189447796,14.7951139106023
14.1550360703304,14.442129441891,14.6208261783878
12.8188948777543,14.1883331486903,14.3914934229585
11.6430395998148,13.8766294579214,14.1018130180347
10.4768224429722,13.5721632390226,13.8176722271457
10.0409174836288,13.2806463534046,13.5377272229265
9.70123454115807,13.016569346756,13.2827043070188
9.31961135626448,12.7959991164673,13.069107568268
9.07506082554267,12.6133757770035,12.8891309583944
9.35142463490567,12.4798493803791,12.7542503332392
9.59979365503091,12.3799280550882,12.6462241119464
9.78984284760156,12.3103467955803,12.5536420516286
10.5385880295391,12.2670659358431,12.4227042973208
11.2356242472864,12.2475270817855,12.3602582207229
11.8540801376454,12.2279241571698,12.2955528324972
12.0247311147973,12.1968684786724,12.2263344613844
12.3550341314421,12.1338446354684,12.1422796491933
12.463461483175,12.0170941370675,12.0179094710909
12.459633026112,11.8602223192067,11.8631671504984
11.8857923692412,11.6650064214431,11.6755980543781
11.394422482225,11.4494484446621,11.4688061491471
10.8744616652746,11.2922361418733,11.3220559484809
10.3021890666742,11.1463369816619,11.1860868113249
10.1964085715835,11.0802618229377,11.1282482043419
10.2427737572788,11.0764724836414,11.1336136118339
10.2665017637482,11.154578681989,11.2238683912195
10.4639504041622,11.2789957737876,11.3620731357407
11.3400004851246,11.4578433997193,11.5543676142473
11.5521501176869,11.6789196299504,11.7838937836481
11.69231076199,11.9252885615797,12.0283724984772
11.9454096338318,12.1706547910211,12.2606290652344
12.162395738155,12.4182749100407,12.4883629244615
11.9637494372251,12.6352477743863,12.6758841873294
12.2562680259988,12.8049180820125,12.8099406081017
12.9318000135481,12.9461060081799,12.9167462084044
13.2512746367143,13.0855165868495,13.0462449750305
12.8847537533757,13.1745705397858,13.1245560627909
12.0748183334093,9.692292531103,11.3263295915762
12.2293175482015,9.88740399035806,11.3486479347295
12.1373498974361,10.1204468486776,11.3836061037226
12.3688010485538,10.3916785393296,11.4470007144466
12.4703470193622,10.7106361234791,11.5471055450886
12.4326465719925,11.0808824426642,11.709678284639
11.983427030445,11.5012193785806,11.9434457322744
11.9478476156216,11.9780168174037,12.2595408375695
12.1192365436226,12.4900257839434,12.6501835264828
13.2795311723687,13.0480362875095,13.1365823694068
14.7172200592078,13.6320157382153,13.7298335307202
15.2882253909372,14.1071650719584,14.2445694037669
14.9695436016133,14.3676481198393,14.539671678053
14.6556441413947,14.3872156661301,14.5884197031558
14.1057116870074,14.2295521301309,14.4540559202862
12.752744590327,13.9814850946111,14.2279610892229
11.6242258154537,13.6970049891679,13.9673943191667
10.4800515907794,13.3947537863288,13.6865460227038
9.62714404058377,13.1135647027227,13.4235497938625
9.01523139625517,12.8590010892976,13.1823116178672
9.00263268220891,12.6382890677111,12.9734490558736
8.85682396641512,12.4557281544924,12.7942098724837
8.93961719506145,12.3201402208299,12.6557645841208
9.05868844283264,12.2235239254701,12.5433921188415
9.50536626462788,12.1606093493295,12.4535221701569
10.5672577594431,12.1334913055334,12.3248335333661
11.634327334075,12.1210737211709,12.2545384114792
12.3147815410125,12.1116359497054,12.1821210365704
12.4052413687871,12.0878971762284,12.0931669899691
12.4215151218085,12.0065805143227,11.9749169195583
12.0125279344172,11.8761384694807,11.8329116667198
11.8584386368346,11.7116132391872,11.6662511209231
11.5396080026543,11.53233122704,11.4957741302226
11.430296054584,11.3590318259067,11.3355937658969
11.2361661185632,11.2199843169869,11.2082770229179
11.0275565041387,11.1123820512211,11.1096055890308
10.8096104776231,11.0769769714346,11.0758252400763
10.7610084253036,11.1166677196653,11.1166166304787
10.6733063446699,11.2084192721736,11.2166298220628
10.6532457279822,11.3668854220153,11.3928678299136
11.4207819030974,11.5872072000344,11.6367286567316
11.821253084952,11.854601105959,11.9198546936958
11.9217934154941,12.1349576854602,12.2041976471265
12.0974083924612,12.4349456749257,12.4980488861433
12.5917287874764,12.7063875846988,12.7539075284865
12.3984942122479,12.9619849987337,12.9868630973278
12.545989924561,13.169876224643,13.1681766067766
13.0684619933034,13.3243096500077,13.2988461971318
13.2449241506086,13.4278561570341,13.3888503586917
12.7270765862175,13.4759757028848,13.4258715032257
12.347087590442,9.50277935611562,11.3233384964407
12.5558685417968,9.67297435587654,11.3476220137367
12.3993694552548,9.89299543031131,11.3871754430103
12.1509772770237,10.1521120821351,11.4512767971221
11.9305776417151,10.4638261889179,11.5528332431018
11.8315660125981,10.8272780911678,11.7063301904067
11.3884132792876,11.2443127648399,11.9232114106639
11.5093733453206,11.7077729363394,12.2038341791812
11.9332684706937,12.2127066908317,12.5531103473954
12.9271313115183,12.7595176198389,13.002212882231
13.9679065708957,13.3031128769206,13.5080884994603
14.79171744433,13.7765853745034,13.9897626279641
14.7295578779257,14.0309323970947,14.2732321979884
14.366833109789,14.0563077093698,14.3096213536034
13.5503691066007,13.933595843759,14.1985792059797
12.1325531696766,13.698397631949,13.9804690778332
11.2468143133378,13.4302765645541,13.7341375679493
10.7741940082953,13.1664722008318,13.4936420245317
10.0494712860983,12.9027098706075,13.2499328004281
8.88376231712576,12.6617913764959,13.0253850279356
8.497885968981,12.4462129179127,12.8241815031979
8.2006628312451,12.2736283715872,12.6593866014318
8.23547598481194,12.1419935832585,12.5269573041252
8.55359495148366,12.0485422037097,12.4187685411641
9.40711140907857,11.9895860971898,12.3281637218918
10.3894753032042,11.9583516838961,12.1924721857439
11.3041475135067,11.9507587048282,12.1150232492863
11.8861794371566,11.9539057209252,12.0336213184558
12.1512293448351,11.9369235743828,11.9308939110564
12.3258753015352,11.8553240403532,11.7984792932278
11.8012001871031,11.7011525597336,11.6177094276788
11.3471307975317,11.5276292989764,11.4422085276907
11.0867605423709,11.3593885173828,11.2816442035421
11.3786734689501,11.2181832529413,11.1583522005254
11.5415376722966,11.1118887985583,11.0694832848949
11.6802199810544,11.0553161577344,11.0174049282618
11.371832457787,11.050529498095,11.005343713006
11.1910431119783,11.1197680226731,11.0659243598957
11.1285479447597,11.2439591845187,11.1934195521558
11.1207370320897,11.442389010669,11.4165790808761
11.6138050632565,11.7092535370732,11.7175993233526
12.135807365983,12.0157450460176,12.044043655992
12.4059013450502,12.3524333735972,12.3915001476303
12.5784387265413,12.6930928388005,12.7311229153669
13.3596101102567,13.0254060770967,13.0554140724954
13.4998498389837,13.3215670814148,13.3369292839122
13.4873448783801,13.5665185690411,13.5664839962919
13.4624027474378,13.7348633464352,13.7218282651597
13.2548365738388,13.8181706937062,13.7918563870928
12.5448241891044,13.8203588342441,13.7794724810637
12.4333403436768,9.3132929504129,11.1064490685615
12.6243953836789,9.46480795065089,11.1293266785446
12.4438429140236,9.66313332704778,11.1670445649395
11.92863093786,9.91002474639424,11.2279970046061
11.4024215634444,10.2041243435442,11.318705383645
10.9896883578552,10.5530191146288,11.4541553107381
10.3567702558578,10.9502989443231,11.6361387561871
10.3429799951553,11.3968323046386,11.8744943904511
11.0111414339207,11.8773344188729,12.161403055873
12.1862603352746,12.3928654054868,12.524236887096
12.94832518367,12.9193238949253,12.9655371468474
13.6803944429425,13.3641745332154,13.3832231008069
13.7494917661795,13.6749551722805,13.714252138993
13.6056523891424,13.688822540511,13.7140396458454
13.1768105913384,13.5486147161329,13.5732096259911
12.3875839614095,13.3617372045501,13.4068848568244
11.569648095882,13.129432092479,13.1981375218643
11.0283257524189,12.8856526661929,12.9777920734218
10.2362229251889,12.6507327994618,12.7662445882217
8.97299752658366,12.4334735803782,12.5689889382114
8.64268081049688,12.238473506007,12.3943027637789
8.53662077951746,12.0782350169469,12.2513699323172
8.3159228011447,11.950997671458,12.1320486819379
8.14352877118423,11.8597687024081,12.0347102030428
8.99919722145533,11.7994525300117,11.9453864336124
10.1209296128567,11.7661259205212,12.1742522585681
11.2673264148763,11.7524313854885,12.0884978332815
11.8924259103174,11.7538059101802,11.9908040103147
12.0187760378225,11.7333971630446,11.8738419022422
11.9202796906758,11.6375354282531,11.7105189283215
11.4289979167471,11.4878665580437,11.5133255082861
11.0182554684625,11.3218373689313,11.3281918284504
10.9177599880435,11.1741891578806,11.1863532711037
11.4619102163814,11.0776406336857,11.1152835629339
11.7609857010581,11.0074751462759,11.0699628729043
12.0468568660556,10.9859959303364,11.0555950673231
11.75738370803,11.0196627991076,11.0757560168554
11.4475512962821,11.1124390768099,11.1396278795969
11.1697700592531,11.269946276262,11.287133196926
11.0765314412229,11.5207880888747,11.5828519626422
11.2976603596264,11.8260734453777,11.9288594258686
12.0915325947723,12.1784911006021,12.3100930195776
12.9353563706245,12.5490764556082,12.6955479551639
13.2537142060945,12.9441579531961,13.0943577867539
13.8762141215539,13.3111727567371,13.4593451224881
14.2325588990106,13.6672506008114,13.814889131871
14.3615482955713,13.9449034578594,14.0898041660304
14.1183199354781,14.1224283359153,14.265278407676
13.7960530180003,14.2228592697562,14.3598490088799
12.926300922413,14.1016010037467,14.2138617767899
12.575451410646,9.13693686490847,11.1138940104972
12.6057912871554,9.26634102001322,11.132514203962
12.3964290052128,9.44493021417881,11.1667470854256
11.8819422650882,9.67393277760695,11.2215841036563
11.3279668924975,9.94404735527892,11.29500374394
10.6187738354129,10.271814725562,11.4088748492795
9.77806262663949,10.6450229267957,11.5567929169013
9.39538602355769,11.0668520218782,11.7533054044252
9.88666919714129,11.5116949997279,11.9773201744758
11.1384276519999,11.9765889778846,12.2465204458331
11.9364967876001,12.430218465693,12.5380170089769
12.6622719038381,12.8401754991831,12.8649604443389
12.8696428407746,13.1389552038067,13.1733736980592
12.8920995649429,13.1829772848299,13.2127147226467
12.6821328940137,13.1016965861315,13.1447402297276
12.5027251816239,12.9487462727344,13.01482678541
11.8710731892288,12.7830656174795,12.868058189313
11.3008689355799,12.5790064935354,12.68150675705
10.7089167516452,12.3779444048189,12.4992839729015
9.68944157635211,12.1922112518536,12.3303645893566
9.07512605458505,12.0199211381735,12.1841568216808
8.75768906945922,11.8780397689087,12.06609330328
8.43469823555675,11.7544765265934,11.9635949413335
8.17896516712775,11.6626830703115,11.8724094165486
9.25396634259635,11.5983666982687,11.7909179387105
10.5552163950988,11.5628705769447,12.018168868536
11.5691961516406,11.5447491916097,11.9302066387033
11.8338141002683,11.5306603028874,11.8243400620572
11.7676127050931,11.4896506113933,11.6866740074178
11.5692117054486,11.3930034682079,11.5065159635091
11.4396565579205,11.2571996511455,11.3033405339739
11.2316871266789,11.1158655305095,11.1101104962337
10.9866978330873,11.0067714407432,11.0073249565647
11.3213353431799,10.933418205109,10.9641267580742
11.6924205470293,10.9155800776179,10.9833651238293
12.1650049386916,10.9365494696373,11.0168263455881
11.9650110024884,10.99988675759,11.0743660596326
11.450275679856,11.1257335048932,11.1708057141656
10.7728852877619,11.3228206398214,11.36228407174
10.6935437714968,11.6003165026845,11.6611175249729
10.9409111309556,11.9345090348797,12.0329538040427
11.8206610934211,12.3215289169139,12.4391278138269
12.7783133535643,12.7371442552494,12.8635172992954
13.1045729111624,13.1561024190536,13.2820475746042
13.5747711783076,13.5656770499718,13.6895621677348
14.4666399586894,13.9377681476782,14.0598567023344
15.2014171754282,14.2591625366061,14.3916188424853
14.7698706704071,14.4767922664712,14.6273943107259
13.9480127259139,14.4991137193641,14.640511806895
12.8414168632368,14.3374234576451,14.4526890142409
12.3509394276397,8.97406612244185,11.1224761822632
12.4665835437376,9.08786644474353,11.1386658428813
12.4600387899167,9.2447745079821,11.16589730443
11.9213741857694,9.45037848106912,11.2090406759443
11.1299708411332,9.70790371214344,11.274259622246
9.95745231556929,10.0017171351598,11.355976558432
9.13210101333061,10.345185883664,11.4660507429059
8.92504601695932,10.7169380220018,11.5952716474909
9.47167169915008,11.1320216575745,11.7743550850891
10.5780678866192,11.5404537643893,11.9542865139385
11.2286783669972,11.9323263988553,12.1412828787563
11.6230882712579,12.2398508974668,12.2562639914644
11.7206744549004,12.4812726458469,12.470136817518
11.9784649161921,12.6051090772642,12.6296886094366
12.1332485347641,12.6077019324737,12.669602186362
12.5377663668017,12.5296691326765,12.6104792511559
12.0874307689221,12.4079169132974,12.5006960664868
11.2241000966501,12.2580736996789,12.3592207012826
10.5236354804065,12.100313893052,12.2111101249535
9.97262175026333,11.9476106063982,12.071466423254
9.4260390319122,11.8026302975621,11.9550209691916
9.09016172047203,11.6674599292373,11.8569998715477
8.85606259387031,11.5574963923746,11.7769169289339
8.46490582315064,11.4670465888165,11.7018517326734
9.18439949677172,11.4060406263719,11.6387427288955
10.3614272165886,11.368656956665,11.8697362052226
11.3561160145616,11.3466535307539,11.7833847219733
11.5013444499757,11.3185018331652,11.6760254569664
11.3792634442792,11.2683488482705,11.5372620268299
10.9220971613799,11.1836749927221,11.3629648926759
10.8208313561252,11.0821894746217,11.1803591185695
10.8432254741744,10.9463859355703,10.9688995928852
10.7196566181475,10.8857086165418,10.9153334874992
10.8042402109552,10.8609797010719,10.9341751594251
11.0694993938386,10.8713547524093,10.9811353896232
11.5342848344821,10.9145055152749,11.0417860627105
11.5008114332133,11.0158421879656,11.135315411117
11.1144230702837,11.1720945253579,11.2791929296907
10.2410182226575,11.3880636709855,11.4818821299391
10.0125115320787,11.6784072617973,11.7835201728378
10.2347220067849,12.0383474957026,12.1430780224174
11.2250166228843,12.4426571726007,12.5583353058599
12.4414536316292,12.8848579459091,12.9931318600559
13.2366546259624,13.3205959210809,13.4208639710091
13.6114897598955,13.7422695497736,13.8306124080869
14.3535580403897,14.1184146557479,14.1997841036308
15.2013001091293,14.3901055141541,14.4722895548904
15.0152874679519,14.5666451079875,14.6639371754959
14.5501939648062,14.5598353326971,14.6612466204754
13.9605461882662,14.3391483691384,14.4189932982876
11.8772279100708,8.8360713352404,11.1351453816258
11.9085702384826,8.93248653764502,11.1466445397063
11.6307073698932,9.06916037203778,11.1656755939563
10.7212110041735,9.25311712069082,11.1961889211553
9.8861436244706,9.48242216692881,11.2411252173721
8.88683763564592,9.74867234657621,11.2955659703659
8.41404304324864,10.0627102262805,11.3725427821619
8.25685970737316,10.4070505972711,11.4680813930179
8.45156423407877,10.750618551203,11.5576173255711
9.10267453818727,11.1058955160283,11.6659064668448
10.0171223114182,11.4406124514619,11.7738477677738
10.7921889154221,11.7180801364246,11.8705657446659
10.9998586853769,11.9418587299056,12.0363961885337
11.1041827660516,12.0576133312524,12.1470206517075
11.0785811172312,12.1246894267835,12.2180248054945
11.6797161230273,12.0882892219005,12.194900574548
11.8192574771095,12.0194689589861,12.1264232713757
11.3679416681753,11.9304581355234,12.0278068986952
10.6780374607829,11.8178059834887,11.9100501893826
10.3818796687314,11.7117543815995,11.807940625195
9.88351590586924,11.5852470635477,11.7111218314607
9.59725386183884,11.4663386961482,11.6494351868741
9.6745792132104,11.3632761202071,11.5933824376142
9.47801021008846,11.2809414636335,11.5402710735816
9.63800004966601,11.2273281801292,11.4915886071407
10.3142288240849,11.1957772219978,11.7335886523219
11.1791934192841,11.1768001394205,11.6638598152106
11.2642576980019,11.1562742281343,11.5740205270645
11.1168284685659,11.1220201595772,11.4562850383669
10.4240058230734,11.0717461393382,11.3229201076973
10.104401673151,10.9746964766413,11.1510102737253
10.2616532718829,10.8976373325345,11.0151158282
10.6149534767586,10.8416167292909,10.9538302808665
10.6636073669357,10.8459541995828,10.9830324141927
10.5941724267009,10.8666583520798,11.0381156847577
10.5746475221067,10.9378165239253,11.1253919446047
10.3689090145957,11.0472456605473,11.2318249248988
10.1710887644294,11.2197790889886,11.3909816146277
9.55075610567273,11.4540478594429,11.6110265229378
9.38486115428024,11.7494724624692,11.8880133542527
9.57905938863313,12.1193580705187,12.2480513290901
10.4255090233368,12.5366154037742,12.6452906596294
11.4484584830098,12.9801105399468,13.0724568462414
12.652198763465,13.4319150539318,13.5060437716664
13.4044748070637,13.8508417476475,13.9068800713225
14.1673376685777,14.1876794860285,14.225818070374
14.8703677715163,14.3374351196145,14.3485844288188
14.7953286715648,14.4153035646651,14.4160097352014
14.5107527575949,14.3469620610484,14.3571129061476
14.3864844171277,14.1809616597478,14.2166436254947
11.4403822141316,8.72653523824017,11.152169100612
11.4660558611485,8.80115170349477,11.1572705725869
11.268577947987,8.91736314872642,11.1673065286876
10.2887539648154,9.07846084790182,11.1838034147662
9.17228759752574,9.28750191978187,11.2095655048329
7.8794305244138,9.5258309083878,11.241491289931
7.31348062437193,9.80792889708516,11.2849512215736
7.29194149356383,10.1183970129722,11.3451531496038
7.78238280037728,10.4189201049144,11.3880046700547
8.33953538385674,10.7386870579777,11.4549316560745
9.14931666816089,11.0259375240053,11.5172867396714
9.7428248700355,11.2761458786322,11.5942272957518
9.89948693451524,11.4822058902775,11.6890917785071
10.2178229525981,11.6050032429908,11.7713872234176
10.6315786549307,11.6736695133181,11.824747496705
11.3982698500684,11.6871436052682,11.827561579987
11.667948238022,11.6607212931057,11.7887674700432
11.3820256716881,11.6104031044751,11.7165173984365
10.6714187695078,11.5489111329535,11.6251619787554
10.6736613120718,11.4767834127645,11.5411125885927
10.5586993358953,11.3766946696569,11.4909962223712
10.3703909200236,11.2650270425603,11.4390564837859
10.3555277220307,11.1758297606019,11.4156302361571
10.2957378307243,11.1128172766182,11.3961022468366
10.1476422297779,11.0697687449892,11.3637475285638
10.402055811628,11.0523548932866,11.6230677051495
10.9516096865692,11.0515938711398,11.5795744963452
10.7150448878007,11.0487887965508,11.5112707611374
10.4240942321423,11.0365875782503,11.4246030626851
10.0117969162663,11.0001212969813,11.3130806723037
9.94815654584381,10.9597554531511,11.2079673601181
10.0656110950654,10.9168295844769,11.1260383400288
10.4492063278136,10.8918657419295,11.0906180328879
10.2369074076495,10.8899719730238,11.1046077518931
9.90544259433662,10.9251606018324,11.1601640979484
9.80669610988539,11.004078781295,11.2493730775042
9.80851827022692,11.1134702411199,11.3603443028243
9.66745238972116,11.2874858422761,11.5161147653912
8.95093887046517,11.5164283089505,11.7216339036088
8.4924177299809,11.8121723294138,11.9859323053229
8.6759139563037,12.1724381044594,12.3124422969
9.77598946008619,12.5707143942866,12.675917678439
10.8628047535775,13.0083637670633,13.0799377689047
12.2488177154494,13.4568097277564,13.5065874659762
13.2106167157686,13.8663404754418,13.9012976603753
13.8401297818856,14.144390093871,14.1613933664149
14.1267293740492,14.2746156113056,14.2620638277968
14.1671910107497,14.2113270133929,14.1897571915395
14.1299014592762,14.1306643660873,14.1322201422493
14.3166120590232,13.9656753339077,14.0289675410394
11.3577849434297,8.64306531954774,11.1742021091706
11.0863576979299,8.70098249181234,11.1732547235465
10.6455156855771,8.80872926448347,11.1765798108889
9.70359659580816,8.95389507448832,11.1823809940641
8.59220031025882,9.13262594408713,11.1894827744504
7.40847667687354,9.34837542869832,11.198751280639
6.86680883926809,9.60044069742379,11.2178185214735
6.66666573765472,9.87097762490269,11.2358766351362
7.10529127888888,10.1604858302447,11.2607974633187
7.5255342671434,10.4303825368694,11.280427089432
8.25308324961536,10.6890754618499,11.315790877339
8.87524371089785,10.9137462378814,11.3549519004881
9.34815353865421,11.096971584985,11.4122905556437
9.96476314709964,11.2231241218267,11.466784860778
10.6764129214514,11.2919419629597,11.4987431559444
11.3162875015769,11.3237442490029,11.5072439548055
11.570881243,11.3310825240238,11.4918894961529
11.7207570689981,11.3084514754051,11.4435509879442
11.3279874290385,11.2721088534323,11.3759778318184
11.319611023899,11.2353876554145,11.3077484070198
11.2351472604265,11.155829141348,11.2784434190359
11.0697865398878,11.0716894869366,11.2681781586586
10.7997391172383,10.9990021846917,11.2642592147859
10.7894449931249,10.9461855563948,11.257463329295
10.5259639223153,10.9354453359393,11.2509760688122
10.4251985525849,10.9464232157216,11.539555732556
10.6295474875881,10.9694406236412,11.5168077356291
10.3104911330676,11.0004013256827,11.4858256356609
10.0119787459825,11.0128726533831,11.4304453056301
9.93843911940969,11.0172542936902,11.3706340226446
10.0456467679555,11.0081405929198,11.3049736964953
9.81474813670109,10.9971898906957,11.2589367178495
10.0955503911181,10.9810814559694,11.2420744111945
10.1044942841811,10.9920625578422,11.2647492544691
9.8749999011192,11.0315410234186,11.3186690199965
9.4896749156312,11.1016796076448,11.3977401575794
9.27397864261905,11.2066923450643,11.4998896170451
8.99368692033016,11.3703128534378,11.6451687778277
8.6193654613109,11.5744278890509,11.8141030598992
8.57247365429446,11.8439193418893,12.0421334750576
8.97140174803754,12.1739315534193,12.3200334369193
9.90137307802033,12.5570171879084,12.6523392130609
10.53298189918,12.9561023731146,13.0053806160327
11.7049997937279,13.4007747322166,13.4231147134772
13.1081802189343,13.7753763046717,13.799569210117
14.2347823852178,14.0717757302904,14.1145208250817
14.2863011494706,14.1957110555403,14.241254016496
14.0472284136329,14.0824658218767,14.1340199800557
13.8179309455791,13.9000088262584,13.9897893177333
14.0482388714297,13.7201123861219,13.8706658140213
10.6792905970371,8.5897484728913,11.2024667671102
10.5125496821126,8.65479058090306,11.1995287739467
10.0022702231699,8.74281023925211,11.1944489766058
9.09669477513728,8.8680580535135,11.1872984293596
7.82475443772456,9.02628391153038,11.1803673120672
6.69692349863074,9.21552367300913,11.1689242436061
6.38113020127882,9.44297875093452,11.1644090756567
6.22993519296755,9.68249272094155,11.149854448877
6.63279116828357,9.94259402162188,11.144168977904
7.04807637955853,10.189732165472,11.1382525476379
7.69058992579271,10.4253056717487,11.144111831063
8.16007117748225,10.6205601723032,11.1498728179373
8.83247299046697,10.7901766208217,11.1818105437406
9.65387323376762,10.9099516875518,11.2114036103658
10.6228243945579,10.9921523429909,11.2385401522353
11.2680125653428,11.0247630170967,11.2453642332486
11.6266402151105,11.0417339147892,11.241635919541
12.1884628123639,11.0283757664357,11.2109878494147
12.1814040583598,11.0098294308859,11.175707867545
11.9677796329005,10.9781834169391,11.1403523564336
11.7347576029501,10.9314723438426,11.1226060712588
11.7960587708109,10.869551031283,11.1242569638172
11.4722312467868,10.8240997580121,11.1320284198623
11.3882887070968,10.8075275087502,11.1468088192628
11.1057323673667,10.8224229094083,11.160548041241
10.8424697505757,10.8659590065067,11.4699630113225
10.6829936953369,10.9325297177614,11.4793273090958
10.3892917953504,10.9912112189029,11.4748053144989
10.210112717013,11.0677697542099,11.4781204206737
10.5864300613762,11.1006371206202,11.4526017505818
11.1680882608448,11.1193827275944,11.4251543053991
10.8254187234928,11.1284001363046,11.4125053421832
10.6241061807728,11.1321410998142,11.4161162929954
10.438509274175,11.1456809606171,11.4453856284703
10.1785160872457,11.1801485471504,11.4949315352125
9.64534790414134,11.2354910802768,11.5618613206301
9.58841040046832,11.3231611430352,11.6481059142661
9.46025593264957,11.4449506974509,11.7490711606318
9.25951597971761,11.6346675379102,11.9009879596693
9.20036213734803,11.8566458045385,12.0686263352828
9.5183328923886,12.1412746959896,12.2868193681862
10.3135393022252,12.4671963215041,12.5430414253696
10.9807241762328,12.8269766397653,12.8505636447142
12.015083954057,13.2199842669205,13.2252959583933
13.1958165885687,13.5726074987446,13.5894882952271
14.114734258532,13.8297989292591,13.8823544607356
13.8155938847159,13.9119303012747,14.0208732457204
13.5532480874295,13.7945289706109,13.9506928894327
13.5406080588561,13.6061073024821,13.8177600968566
13.8481740128352,13.4155531022441,13.6884481961148
10.6616825276887,8.59194001809213,11.2408654163821
10.3107720915439,8.63753485843531,11.2347643177516
9.27744369621181,8.71278633069425,11.2213462998261
8.35978548096337,8.82347178587282,11.2076124052256
7.46077794050524,8.96843291833427,11.1874535568616
6.92850286766177,9.13991532112166,11.1614764838206
7.0186041565019,9.34772588002097,11.1343237498735
6.8351543580046,9.56944598377438,11.1002795124756
6.84472419389141,9.79774335400701,11.062286584997
7.21859711602743,10.01797105932,11.028539576958
8.05653289687855,10.2406103763828,10.9977132521518
8.46765334546563,10.4302884228386,10.987545840101
9.05200964245373,10.5685067410517,10.9871026894031
9.70049036957156,10.6725445928022,10.9936264076579
10.6096599411456,10.7411779777193,11.0121059012797
11.2070701346878,10.7755353045479,11.0250129414326
11.6198507222578,10.7922412381108,11.036823275977
12.1693073259679,10.7827501684049,11.0270013005102
12.3086895467888,10.7667008962447,11.0095209326189
12.026073039776,10.7441206080605,10.9977092934027
11.8801564485038,10.7091222809022,10.9966404583243
12.3705697944867,10.6828546636568,11.0073442084917
12.0790010479409,10.6713599425662,11.0265141000249
11.4849712467296,10.6865901272233,11.0530481727073
10.8717956923435,10.7340052752433,11.0821019462727
10.6759407861292,10.8138923737687,11.4096279045459
10.5221705076742,10.9179484071429,11.4497650580706
10.5473428221831,11.0362163751742,11.4898454159038
10.5374215549384,11.1431421864839,11.5181848722346
10.9171411912881,11.2324615539024,11.543484862508
11.5984707313361,11.2871339270113,11.5544011768174
11.5148041992474,11.3057728337606,11.5663695580469
11.2853851895158,11.3218337827638,11.589855847659
11.1567661167186,11.3427224908884,11.6309686173669
10.9525993194038,11.3650069465287,11.6827612946537
10.0841524138788,11.403925282809,11.7387068629632
9.76829480459582,11.4565071134533,11.7980214521643
9.65926198204514,11.5395440282564,11.8644304093757
9.7536735593567,11.6602471337414,11.9453826034042
9.94776473081735,11.8342513376707,12.0558033190484
10.4273145345144,12.054656939791,12.194693032346
10.9863966067426,12.3222725903577,12.3796713760777
11.5193722724659,12.6287766608991,12.6246090970171
12.3150053188307,12.9362981266192,12.9244489883687
13.1044972992737,13.2026657818504,13.2342783451423
13.6957968127724,13.4118672702927,13.5098005797762
13.2766794445171,13.4368894332458,13.6279510575434
13.0429782032188,13.3453624128645,13.622245075375
13.1334604133644,13.1968441635059,13.550580471659
13.4690907627028,13.0331622053495,13.4587332633272
9.80352649066,8.62502881587775,11.286725416749
9.59173054405909,8.66372313259257,11.2786822821076
8.77909815249855,8.73091886517037,11.2647805540022
8.1472279962083,8.82515657022184,11.2412611231348
7.45409928445022,8.96104779733252,11.2136499421537
7.08683936847065,9.12011994321674,11.173945043008
7.35590164252298,9.30658042009156,11.1259788198103
7.60475206877107,9.50453942247471,11.0674376422324
7.66749726385548,9.72217029973308,11.0095033181828
7.9261927908145,9.93413208957648,10.9514309614576
8.69256024329395,10.1301666660778,10.8881065905511
9.0107014526359,10.3040319334267,10.8487763800404
9.56832703685336,10.4331918685506,10.8236543782576
10.1782292008614,10.5225319184443,10.8175222208489
10.8648629237112,10.5630780672206,10.8322575577439
11.0378439263143,10.5863889841112,10.8492035068187
11.2811494346221,10.5869609449269,10.8650175636099
11.7669035075061,10.5840474098391,10.8781961682595
12.2242820849526,10.5640594177365,10.8800885583677
12.1207607630181,10.5454136207991,10.8840611124213
11.8267685231516,10.5259620839338,10.8930292433609
12.1296571554263,10.5173324773305,10.908430930459
11.9740948275801,10.5312859354574,10.9335052881193
11.5398516513143,10.5749411695887,10.9657203047136
11.1417630343105,10.6599119478914,11.009322226279
11.0146326760735,10.765774431636,11.3482120406346
10.2940121236175,10.9193856354163,11.4161071443874
9.99272472968563,11.0935835337605,11.4936825697144
10.2841648286976,11.2664594049045,11.5721971836368
11.1760265267383,11.3942502077701,11.6292408619473
12.1167102079637,11.4678815702681,11.6633101204316
12.309142679569,11.5045070424446,11.7020870870506
11.8618413645496,11.5348257679757,11.7510430957824
11.5012616402847,11.5648188867498,11.8186247551373
11.5190386881435,11.5818836704082,11.8769230954145
10.9047964576824,11.5953428309442,11.9195894387539
10.4161158374723,11.6037698270092,11.945983885018
9.94569041544935,11.6365699141016,11.9729056632896
9.83251673126808,11.6887617188029,11.9922855893187
10.0185577509018,11.7822984604084,12.0210852741028
10.8159929510177,11.9350749430592,12.0936134578026
11.393351363451,12.11810377056,12.1771921248118
11.8470784344053,12.3521655291459,12.3443786849582
12.4887791685193,12.5556023565796,12.5626187212176
13.084184691731,12.7624759919022,12.8436573442858
13.4058846464297,12.8830416174505,13.078359442257
12.9713596040296,12.9009031514384,13.2151728756436
12.6470357311925,12.8412228919318,13.2679926289847
12.5675063951082,12.7237970180804,13.2436857598604
12.9420412786778,12.5862838657566,13.179015147537
9.12595922082718,8.69606913856381,11.343460892897
8.88162964383844,8.73400619442384,11.3363569173259
8.32327274251527,8.79713675261668,11.3204692118387
7.91652368787883,8.88948547358842,11.294147202645
7.47965379291937,9.01487595417518,11.2593495534857
7.41521324355645,9.16438962530566,11.2133568665184
7.76625662107929,9.33786756070877,11.1516307162875
8.37807749208063,9.51950387210211,11.0750628650219
8.54849585159727,9.71488214589132,10.9934213075158
8.56041693125975,9.90794859338178,10.8996255505985
9.07362329074487,10.085308974138,10.8122896449603
9.43530383671932,10.2501959318184,10.7405470206411
10.0064755826201,10.3740800603443,10.6912163084758
10.5989731119355,10.4452648670433,10.681282306132
11.2011149408195,10.4591403189407,10.6945667506039
11.1522288032799,10.4644484249608,10.7194956681894
11.2611763665164,10.4482597168803,10.7441216503693
11.4034880397251,10.4255997515135,10.7626351419891
11.6864242311568,10.4046344421571,10.7792541785066
11.7110371058674,10.3874175287312,10.7936764164154
11.6732850842022,10.3793526091001,10.8081931151699
11.9165238264014,10.3835185630017,10.8254608447083
11.8500671879867,10.4131254306267,10.8509802695242
11.4453875434223,10.4845162997886,10.8856078125976
11.0148287537493,10.5814887827874,10.9308174292105
10.9578356311086,10.7299115886961,11.2818885233613
10.2551616442067,10.9173357727684,11.3658768841661
10.0763177055577,11.1339125713644,11.4662471268555
10.7185211989895,11.3575817768051,11.5776367008069
11.7371551335946,11.560694317055,11.6875470054367
12.2481915257998,11.6306989260081,11.7353875174037
12.5636205670374,11.6977537735145,11.8154115750711
12.5727714317347,11.756770726746,11.9099996107801
12.5217473005766,11.8064128964443,12.009816127854
12.6810668771074,11.8243348386104,12.0783569004597
12.172255550824,11.8091720755619,12.1088142777957
11.2801049998201,11.773279895726,12.1078562455598
10.3103654657136,11.7241482375202,12.075161316661
10.0112966022385,11.7064327443428,12.0395109879566
10.144961019562,11.7297089804953,12.0119736383825
11.0497978905089,11.7988980271329,11.9994704936062
11.5980967953376,11.8881206011926,11.9888428256319
11.9909692101651,12.0317329799281,12.0677135742253
12.599895834701,12.1620619867034,12.2293858152294
13.265895696356,12.2821850511127,12.468535842049
13.3153585077873,12.3321278563556,12.6654016368081
12.7139969486253,12.3424648606557,12.8128993400673
12.2702332707414,12.2911636601832,12.8872964193184
12.1288928124156,12.1995148273466,12.896878174054
12.6062650577698,12.102261044767,12.8761875121873
8.78704577611486,8.80176324292968,11.4085313874854
8.38806989154831,8.83865109151369,11.4042168618899
7.98283277027721,8.9041178399554,11.3901334276574
7.69435593258998,8.9992996486767,11.3656484908804
7.55118034002052,9.11320194183038,11.3250141360517
8.03709479120812,9.25421975735241,11.2723800374069
8.4676157844807,9.40724594797809,11.1978221761024
9.03887444570513,9.58579171655497,11.1108506160374
9.16016623341618,9.7669234541888,11.0096520800376
9.0658939257086,9.94348192866889,10.8930483152881
9.46442420793546,10.1175450800825,10.7773084361372
10.1381380010809,10.2680549076384,10.6769186594429
10.7340826843826,10.3757367922743,10.5931620935993
10.9754341810839,10.4170832042241,10.5818266050601
11.2469098890346,10.4169090974465,10.6018500063408
11.1431580809193,10.3900810925819,10.633861088728
11.4042241793319,10.3608073343916,10.6686646582843
11.4710079484075,10.324430166612,10.6917193910212
11.4763026121352,10.3002308205125,10.712955039357
11.3028878496012,10.2804991705394,10.7301092155063
11.3038536336578,10.2710490495937,10.7422195568823
11.177410261472,10.2813457883513,10.7568070736106
10.8774802594581,10.3268798301952,10.7784419542857
10.5408172540904,10.3981477154094,10.8068780142811
10.3024594745636,10.5176136086201,10.8508754265967
10.3453524332093,10.6760604805864,11.1969008727287
9.74717118704731,10.892210233624,11.287444666597
9.52013173060984,11.1273311956393,11.3942702985915
10.2172303435385,11.3702978061354,11.5167224724193
11.4632318949418,11.5984261974568,11.6396892088189
11.8944253389483,11.7212436428634,11.7306378101063
12.39090850116,11.834645384823,11.8627090682126
12.7937863207811,11.972861207412,12.0503448330272
12.7902188671821,12.071095030505,12.2116539523994
12.6379058884206,12.08998661561,12.296754198928
12.3930401001323,12.0376092952493,12.3067164718561
11.7503245598262,11.9365587278023,12.2674243320337
10.6552546543845,11.8150530257913,12.1840312348339
10.0192973091219,11.7098800133607,12.0892536332048
9.80673945356094,11.64793374977,12.0036894062862
10.6050637127409,11.6177833530746,11.923130323353
11.4074755170043,11.6250397268724,11.8713509820391
12.0741811175336,11.6527939500008,11.8758428076525
12.5741199740181,11.7277822684382,11.9649366115248
13.2101310189742,11.7701976217919,12.1434787576181
13.2225189960041,11.7918277651344,12.3113858312769
12.8111769871836,11.7811263755616,12.4450753789374
12.4582643789306,11.7424173345969,12.5338685865505
12.1496918387385,11.6789878905439,12.5667191755056
12.3063319821368,11.6034930174652,12.5672623485098
8.65277963666204,8.94688223347471,11.4857947226168
7.85123079400868,8.98802309667076,11.4836427541938
7.41124804990838,9.05739499198391,11.4727947842724
7.18825732951922,9.15510356857905,11.4518172711552
7.13343649479349,9.26866463874026,11.4136310261699
7.89999068000632,9.40652112923822,11.363251037624
8.36013673699557,9.55029692207172,11.2839110237047
8.84205163817309,9.71264803780887,11.1895174420201
9.18959888890472,9.86971675036507,11.0702862384767
9.4508268834076,10.0274673442637,10.9349299330993
9.63292122263901,10.1837271966429,10.7960884124801
10.1210602519477,10.3249474745799,10.6643208720988
10.5000984972675,10.4276261827872,10.5514680072245
10.5535218700673,10.4277768086784,10.5476228870687
10.8670014010442,10.3959112383119,10.5590533312281
11.1000584354984,10.3542466921406,10.5956469937504
11.4237943580109,10.3072984081655,10.6254973484092
11.1771497197504,10.2704769495795,10.6541661631242
10.8291212227284,10.2367191308044,10.6731124426279
10.6116823844037,10.211216140844,10.6869638673775
11.0331538759019,10.1976011893468,10.6924537130927
10.9040057226222,10.2121807098491,10.7019016060301
10.1811890661687,10.2541478681321,10.7118646724325
9.38292901446998,10.3356536970222,10.7315234366972
8.98837312787865,10.4619356393831,10.7663838229312
9.01544526409019,10.6206272698772,11.1016436215284
8.87785973547794,10.8342950683955,11.1837099777345
9.01857811500893,11.0786846320281,11.2874285067195
9.71988996228156,11.3285997249573,11.4093923199617
10.9389160039498,11.5528591676912,11.5322866085423
11.3297501332055,11.7242930094399,11.6560575134917
11.9098585005978,11.9322493127741,11.881650851226
12.6576943175013,12.1793390246325,12.1888234289688
12.887271597174,12.3408796246204,12.4244247922883
12.3443390133228,12.4016092275321,12.5632158583464
12.0912375438793,12.2825446820223,12.5279182070094
11.7415290119673,12.1014198907701,12.4240337118592
10.7214310902019,11.8877633998386,12.2834730831075
9.79067087420712,11.6855993980665,12.1315518269631
9.28839472366788,11.5065456626734,11.9793883562927
9.8291967077839,11.4002465304286,11.8639310349314
10.8069166238646,11.3376715377966,11.7793572842773
11.8909663265123,11.3127666246943,11.7589639157603
12.3274905360896,11.2901864103361,11.7926658164148
12.7133385298349,11.2794404629347,11.8888786317179
12.5813126656906,11.2682888223047,12.014308613403
12.3217358688918,11.2391793715048,12.1131594558749
12.1603093802247,11.2054180718399,12.197700019011
12.1162409671403,11.158612589289,12.2433037730026
12.2821368012802,11.1215192541346,12.2681053061693
8.82028520158062,9.10878152234419,11.5616600326607
7.98970921738507,9.17872443663392,11.5738941452399
7.54166663753294,9.26535765073064,11.5745370650078
7.17818467227054,9.36514425214412,11.5616293893236
6.93404289348029,9.47893634977692,11.5312760323002
7.84945708415609,9.60528250909421,11.4749351334205
8.73432467879747,9.73746939647672,11.3958647088424
9.23835830411033,9.8764771928489,11.2939903933968
9.35051223030649,10.0105507053381,11.1669891736605
9.60423942651392,10.1469286062663,11.0307617172922
9.62301154285369,10.2782369128465,10.8805468070023
10.1709024733826,10.3896027692701,10.7285037214451
10.7204813360106,10.4539849273402,10.6257772924919
10.6229620536086,10.444621035576,10.5868229131146
10.2968500418888,10.4015704894095,10.5965396512984
10.2525455777669,10.3463125938097,10.6109028753911
10.6854625373193,10.2947041995119,10.6323090922542
10.8911942502377,10.2503284956968,10.650056275168
10.9595254761344,10.2116868406059,10.6618911150017
10.6563760269229,10.1805314236455,10.6616774923597
10.7072783993997,10.1734975946641,10.6662565300945
10.2718643823281,10.1738192265621,10.6589509704823
9.54713018167959,10.2132330044093,10.6565695597877
8.81703991227946,10.2854286481318,10.6598646207471
8.42698547114506,10.4036672886598,10.6824552184849
8.01959156585744,10.5708280917163,11.0071683325802
7.81847498893228,10.7798772316247,11.0776198965574
8.28104482077797,11.0292254616656,11.1857743549737
9.24620062360656,11.2900775139336,11.3210195512025
10.5493604244384,11.5367538147241,11.4772782151357
11.076783267401,11.7314195666596,11.6017283292108
11.6377293136441,11.9952845671221,11.8873808702363
12.4936407126674,12.4386722249603,12.4389776475285
13.1742009660212,12.699399061447,12.7579645199926
12.570848056728,12.6653172910592,12.7992302376685
11.9470439920681,12.5036951021066,12.7306930226325
11.370726147249,12.2221087774345,12.557327791899
10.4112935421608,11.9183001709195,12.3564442464109
9.53879151427242,11.6449893833449,12.1623582882397
9.27215138748852,11.3731711685968,11.9630626864758
9.58973461978,11.1914500028879,11.8127621485337
10.0832191947562,11.0461652956119,11.6962049606219
10.9249673869424,10.9370275408204,11.633040913927
11.2751315631258,10.8745651938593,11.6436064515176
11.6626988540662,10.8100214900222,11.6682069376222
11.7585208900478,10.765234017203,11.7417033279755
11.7639788420462,10.731481514417,11.822256839356
11.4839180375655,10.6976449851928,11.8935991637829
11.443758366719,10.6657592844964,11.9404142500254
11.6900384807002,10.6475761522715,11.9743792309588
8.8924837241745,9.32910658481524,11.6464111329757
8.46630733501046,9.40828028265023,11.6756643613105
8.33812242060697,9.50664642809769,11.6880554531158
8.02492642087792,9.6141067743305,11.6839185752966
7.59519930752069,9.74185922916179,11.666237433725
8.21310876007917,9.86272542041571,11.6179678444274
9.30949651918996,9.98433447325525,11.5429911963711
10.0060047008196,10.095310051928,11.440478818472
10.0151797664711,10.211841608373,11.320574586109
10.2912179094996,10.3126123167077,11.1763946702044
10.1516259665171,10.3831801686808,11.0205155335868
10.2588187699884,10.4486054115427,10.8759737861535
10.4972785455004,10.4738303389742,10.7570488688109
10.467526293553,10.458054690764,10.6988534966216
10.0143523133482,10.4127020854336,10.6702941961059
9.98214197835058,10.3590807592221,10.6672655644298
10.4278330696178,10.3096597711945,10.6671372008795
10.7500929307049,10.2639903532371,10.6754639411852
11.019012064956,10.2245701636758,10.6718499525581
10.815317492854,10.1962746744376,10.6680738608322
10.6618521699439,10.1758760005156,10.6519268439034
10.1399102352371,10.1703011466742,10.6296579148961
9.55251865753924,10.192274542855,10.6099386716179
8.69408984050606,10.2470672352804,10.5941720569497
8.03770044916376,10.3558187684526,10.6000426351128
7.2662199563088,10.5137247018256,10.9093176692795
7.15742562989466,10.7253818148133,10.9775431395547
7.98218024402619,10.9860317007542,11.0961402515493
9.1196727186495,11.2789049117414,11.2710057704094
10.1967724208158,11.5652476983175,11.4835740540526
10.8806934258975,11.8488688324554,11.7421187522947
11.6467865207778,12.1291440287764,12.0372372774723
12.4494942455342,12.7153235047282,12.8278779314961
13.2019847418462,12.9783441964165,13.0815240826097
12.5685215590711,12.895273184298,13.0266120428794
11.5888731376781,12.610637155319,12.8434369729572
10.7667879165419,12.252406054283,12.622658520965
10.0225462762828,11.8695833618214,12.3770600288518
9.15372168749123,11.5084377434217,12.1346522402287
8.85733304289923,11.2095189288441,11.9220971910573
8.88495272375205,10.9567175081718,11.7383676566012
9.00669168912294,10.7452570041233,11.5929879240568
9.75982494433425,10.5854568443552,11.4949522799565
10.3111036217087,10.4613027908926,11.4533698859339
10.5188878474121,10.3744402582899,11.4616571491109
10.3425384478644,10.3060553835071,11.502158131876
10.4897322429749,10.258271253778,11.5533813472188
10.559078415009,10.2251714793891,11.6060736412686
11.1255314015512,10.2087198343074,11.6546348203867
11.8108083690098,10.203189613494,11.6908224096787
9.20657490707337,9.57418981932861,11.7388602566918
8.82545878676351,9.6707032901346,11.7785882128281
8.64542214538039,9.78640806032977,11.8088063548254
8.42973416255766,9.91121058582434,11.8191121296969
8.40768504721884,10.047220625367,11.8210469128718
9.01489064564661,10.1719200827037,11.787532333669
10.036645202671,10.2785545707813,11.7182563901134
10.5145678698342,10.376619734262,11.6248644366998
10.0429659292887,10.448077911214,11.4949791890998
10.0301950460277,10.4965849579798,11.3488375679937
9.98750527521663,10.5229530231373,11.1907066857628
9.9026745995528,10.5360201389644,11.046210474991
9.70003281323033,10.525035101904,10.9233363174622
9.67601641440366,10.494114209383,10.8386632746652
9.22794642005335,10.4463922958064,10.7808945898151
9.20052743942836,10.3954206570996,10.7503287523706
9.69473209527866,10.3493836369081,10.7291631567711
10.3352751264299,10.3079515826319,10.7203258575383
11.0021263818716,10.2712471027044,10.703639054316
11.1771292450714,10.2384838773208,10.6832807160071
10.7970477030072,10.2040937256,10.6462437445659
9.87325011296265,10.1817667278236,10.6069987747768
9.24206003436015,10.1891475575559,10.5733800507178
8.47259859738262,10.2214991171819,10.5395396674729
7.93961204713842,10.3112363131023,10.5275174018494
7.3260647412085,10.4571013329296,10.8230685577226
7.49373031724578,10.6567336619147,10.8769796244846
8.45646702199522,10.9357870896554,11.0093066780179
9.66663981986947,11.2868240612936,11.2691829978582
10.5664291054722,11.6593611652352,11.605031639115
11.4808973463162,12.0625880048697,12.0562393305335
12.5378954691402,12.4527220409781,12.5423213362546
13.1454306581145,12.9093645712626,13.1648933690525
13.5356224748736,13.008872728626,13.1913373557073
12.8984353067561,12.888630734581,13.0521145750002
11.7019012550404,12.5657123504275,12.8564004117785
10.3384474070746,12.1515660475878,12.6050767647492
9.42641781487541,11.7270394661541,12.3309239998883
8.55729848962293,11.3238262831653,12.0598678568216
8.52614548571755,10.9730942128587,11.8185601476846
8.82670395897881,10.685192892401,11.6177677749293
8.82377026744168,10.4362925152442,11.4552614068834
8.88712862945382,10.2382797730998,11.3382290650613
9.05979918262752,10.0866589479243,11.2758047282599
9.11065249560981,9.97310466465268,11.253440952932
9.0482174822407,9.88641102041904,11.2584133806515
9.68143554363952,9.83201559546876,11.2904053870212
10.1578009031899,9.79409553878295,11.3346728349243
10.7618373419052,9.78686244451447,11.3790864135481
11.3464036418,9.79353265054002,11.4188899812105
9.43175142013245,9.84023927352733,11.8311909974963
9.2590209242169,9.95501299259439,11.8834396095677
9.46552763990643,10.0963111415793,11.9339672834063
9.51256769674981,10.2473502184649,11.9733066242827
9.69740176694514,10.3950416438799,11.9863707494925
9.86906326465682,10.5320178266156,11.9723869333367
10.3904514704375,10.6226557931449,11.9161611613996
10.8138541116075,10.6911384006259,11.8263300068391
10.4949697071849,10.7243930821575,11.6993187650712
10.2800701963195,10.7277797718782,11.5466988913861
10.0677860877548,10.7007288112517,11.3824005561012
9.57811100186963,10.6558673986745,11.2241162850846
8.77009761808292,10.6204238635232,11.095199001459
8.76415957828531,10.5549834880556,10.9745028680746
8.70669852870704,10.4989656986946,10.895243915818
8.82236526825439,10.4479156869168,10.8416425329056
9.19602590374218,10.410536668413,10.8037469822585
9.98727113315856,10.3782951470451,10.7755381060475
10.8438756345629,10.3474205625,10.7467485710842
11.3684220088975,10.3086884034145,10.7081664278025
10.9453119739002,10.2594266947195,10.6522019005361
9.65331508907246,10.2223066763215,10.5997492892334
8.7829215758841,10.1896282394497,10.5386605105536
8.14187080909746,10.2066275103098,10.4953156257175
7.8517414951231,10.2682349790844,10.4698948155866
7.56127792472038,10.3889913411624,10.7456397608571
8.01816193780048,10.5808611436839,10.796034858061
8.94177676700122,10.8502978361286,10.9179707951862
10.2178189671611,11.2113405088396,11.1891055905568
11.2073084807495,11.728923733227,11.7578101564475
12.405531965254,12.2001919177983,12.308055422799
13.6020279384177,12.5294677292335,12.7616409065393
13.8676993913549,12.7745282904262,13.1231657453278
13.4497567691989,12.874352188716,13.2535504887899
12.5665337687729,12.6614799956767,13.0261912476933
11.4367961725128,12.3437961079265,12.7872397142631
9.85760370268125,11.9305332663438,12.505872397176
8.73973762757007,11.4987695269996,12.2175152772792
7.74159440609316,11.0770014546999,11.9249861016247
7.67691628995688,10.7159066322715,11.6759638488472
8.22964726027293,10.3975004411439,11.4500494636625
8.69082092573671,10.1259516668726,11.2725527339127
8.62631927517832,9.90840754715559,11.1463866849808
8.61051577885313,9.73757225279527,11.0644852191428
8.46214180056741,9.6036016397955,11.0159415250009
8.1129129727682,9.50798589670643,11.0135797873389
8.60806959465394,9.44549659926107,11.0333598993441
9.45364187556651,9.41098107330842,11.0696297861157
10.3963778552134,9.40642554114302,11.1133689759504
11.0522908546838,9.42318206206814,11.1593522052
10.3945566417235,10.1052094215995,11.9082048132337
10.2120100479309,10.2491603928605,11.9814397090719
10.1876362413469,10.4210643446246,12.0552296105412
9.96212580823093,10.6101249744235,12.1243894235071
10.3474626406028,10.7769712425726,12.1647303679441
10.7548584265706,10.9172093768604,12.1705224799277
11.1706558118383,11.0120216504522,12.1297864370192
11.2220725720196,11.0479014044652,12.0398567831386
10.6513980745106,11.0385523797396,11.9116666968086
9.98855829843819,10.9852675283491,11.7519238810209
9.82954529368257,10.9138797639632,11.5786643658287
9.76833727835292,10.8071526813373,11.4044515853509
8.98881216579418,10.7212159349113,11.2503075286059
8.61062732314141,10.6368879101704,11.1180524842035
8.34586161730947,10.5640319536271,11.0079358940598
8.38410630524479,10.5100547715774,10.9277264705813
8.80756155484482,10.4826997960577,10.8760573641818
10.0127236797356,10.4596286161211,10.82905629797
10.9287007652555,10.4357411169986,10.7881312734385
11.3314737758675,10.3937868982223,10.7300606932106
10.8748562968108,10.3364152638025,10.6653959572994
9.72870904579851,10.2540895423228,10.5818875234969
8.82353690190381,10.1888541893322,10.5074265100319
8.17982930697224,10.170866194359,10.4524087772648
7.79937438989087,10.2127046645323,10.4286248132891
7.62031107626959,10.31516082422,10.7075473131142
8.47846405508807,10.4850144233829,10.761495884817
9.65265602613543,10.7466045676132,10.8815980441096
10.9556363589627,11.096458645115,11.1598040932415
11.6527622712911,11.5714207010777,11.7295363294187
12.4507312987455,12.0391958996177,12.2971619717132
13.4104641538214,12.2945849126091,12.6687300303179
13.9135142363767,12.4660110580404,12.9448418644928
13.4229445577309,12.4408269569742,12.9706900520815
12.2825417262395,12.3019563221246,12.8633574546211
10.7617746651047,11.9693459732536,12.6038853929852
8.66295207246043,11.5942900262936,12.3218913142932
7.23037226742699,11.1829052940863,12.0262269179127
6.47478909845666,10.786895475597,11.7377866428213
6.70635981315079,10.4212598777774,11.4723112124903
7.40569760092154,10.1029823248008,11.246616141445
8.20298427999629,9.82765423552966,11.0582083226212
8.12774239834636,9.59879642334699,10.9165629128245
8.05154228755663,9.41658982825262,10.822889927604
8.05284745022919,9.27301383759635,10.7660797417018
7.8231086947426,9.17242769059408,10.7586968958127
8.02911135233454,9.1068621189243,10.7716338231282
8.9496835669366,9.07396735562724,10.8055863023489
10.1245495554463,9.06814015485636,10.8523757933532
10.7953760451494,9.09428080293939,10.9029072605058
10.8150609587506,10.3764965908924,11.9783621880457
10.6884248525612,10.5481847107398,12.0676956724775
10.6830154784748,10.7552467666566,12.1689403603813
10.4380486135387,10.9630361220473,12.2543216383075
10.8427278590772,11.1714465174424,12.331207041049
11.2672308410135,11.335990773649,12.3662127466404
11.4534475859054,11.433947405948,12.3516127006962
11.0630905676385,11.439940861129,12.2663319716792
10.5434060071743,11.3842924778021,12.1296237622891
9.88731262178925,11.259738374037,11.9481746692426
9.72304817051194,11.1224268608735,11.7570750617944
9.8512251148682,10.9791050207849,11.5685880319449
9.26991576641577,10.8416390344151,11.3882499439239
8.61599792326412,10.7243217426881,11.2333354598519
8.18582451781561,10.6339174106172,11.1026955559003
8.20727089848899,10.5711485952808,10.9988148854181
8.5511773177248,10.5467102695901,10.9196463747937
9.8758644458774,10.5300608279474,10.8631299219762
10.7684474795447,10.5275791562734,10.8122675130542
10.9827307998596,10.4863607079508,10.7460664138637
10.5637440679364,10.4022080185355,10.6580631892113
9.84639567258544,10.2853092641317,10.5556050981539
8.9751369251844,10.182534036681,10.4674996068282
8.37028783605132,10.1205504117609,10.4115748995832
8.1948541250768,10.1336767972554,10.3949864471262
8.30015172308767,10.2054740195649,10.6862224305137
9.1698402334527,10.3605204210811,10.7565125326208
10.0555762029498,10.5971621586307,10.9179508411855
11.0284489767076,10.9148409114212,11.2037567708821
11.6479907493927,11.3115776210191,11.6545385142059
12.4616412154904,11.6595438502929,12.0991024181089
13.1974148541418,11.8788615142944,12.4204737307053
13.6905699712514,11.989294620177,12.613980426439
13.058715480774,11.9517886766458,12.6440724909813
11.7564459619794,11.7939345543217,12.5344622053885
10.3120640912455,11.5319201118178,12.3296180721568
8.54045772112111,11.1945321099052,12.0641163747661
7.02442045495687,10.8265013505052,11.775215734665
6.02150129172729,10.4549894273438,11.4909244679952
5.89448482137131,10.1189818270266,11.224683667842
6.32685174693113,9.80514882967103,10.9888449426643
7.50700758744359,9.53595907970751,10.7908312385618
7.97363927246355,9.30841215521292,10.6488389169818
8.01598044280272,9.12104305669418,10.5516332387453
7.94026342798602,8.9816780937346,10.4985032991108
7.88499838226818,8.88194402597761,10.4864233660001
7.96830173367564,8.81395372979424,10.5025648416838
8.94332325636839,8.77996194871781,10.542580201531
10.2942069552665,8.7746563020928,10.5944154090369
10.903022536199,8.80327361199783,10.6555899048173
10.9520023081047,10.6242729672638,12.0218565266849
10.6107727459827,10.8333803740447,12.133387854609
10.4313195417713,11.0746773424236,12.258811428393
10.4038758060194,11.3277471104221,12.3819902076086
11.1408029280818,11.5730706141045,12.4927297024667
11.9030695053009,11.7578650681333,12.555350657068
12.1528024906665,11.8666681420633,12.5635730001985
11.3650269320278,11.8426698407534,12.4785093738646
10.7593297921515,11.7128454588383,12.3209557560694
10.2299966242606,11.536004512467,12.1234172489504
10.03562152362,11.3332419696774,11.9100114624736
10.0886342555219,11.1402500029231,11.7025487676887
9.87423761513089,10.9581431586019,11.5031266155759
9.29084951540529,10.8066779120879,11.3211658394078
8.7782109037442,10.6889282164659,11.1642684855973
8.7213625073706,10.6122747205525,11.0335331806344
8.84801854495904,10.5767644944673,10.9352331011098
9.90734175032753,10.5629771591327,10.8445057057944
10.6845084634981,10.5736634542489,10.7946210364813
10.7910132692006,10.5628492331999,10.7409859304786
10.4053578708167,10.4292862411191,10.6069316843797
10.1783740481042,10.2675464668966,10.4876884762732
9.37847383958382,10.143935575968,10.4147843490515
8.56409149304638,10.04752076413,10.3642963762133
8.35672098600418,10.0379339700784,10.3616287138628
8.69127180572927,10.0788612181649,10.6695866264699
9.45456481938517,10.204255411859,10.7686841307168
10.0908283139764,10.3989393957089,10.9290124537369
10.7378647276247,10.6628307069091,11.1911997948768
11.0837515172414,10.957864703054,11.5307947889927
11.5595577196987,11.231916268736,11.8754006708431
11.7733955345941,11.3844149268012,12.1000191026307
12.2147933047504,11.4860002973815,12.2799309880365
12.0295595534815,11.43005228503,12.2810916728443
11.2021705936236,11.2779994781884,12.1781398091886
9.88941045886384,11.053305563207,11.9930677116726
8.27142458203797,10.7584184461064,11.7478981665316
6.53830354186278,10.4489701639895,11.4768814693305
5.36314588802926,10.1115370895446,11.198771913663
5.26915934904443,9.81075644349882,10.9299369700331
5.67811668708009,9.52990251517938,10.6951780227191
6.72637347295326,9.26845604296766,10.4993218493312
7.20094301069621,9.05642129756607,10.3515858058403
7.1806671215697,8.87800585253371,10.2589600043509
7.14237795215457,8.73592049914276,10.2033886199648
7.79263565617564,8.6381249196011,10.2008186325463
8.35851942917562,8.57058534743704,10.2289325152732
9.31732886431731,8.53505391289765,10.2758161832058
10.5018437956964,8.53297747307328,10.3424253231215
11.1450236964822,8.56197996044967,10.4133900436497
10.3594441019459,10.8574537053699,12.0448573574914
10.1716151904022,11.0886372471261,12.1696192822184
10.1464993198152,11.3521390013725,12.3066634673243
10.3327332607771,11.6425313639117,12.4598331669094
11.1259847084041,11.923965685021,12.6029506989204
12.054703433947,12.1707571201357,12.7244985776678
12.5686774393121,12.2948534760079,12.7617126820325
11.7346914308399,12.2410900918071,12.6784307279711
10.915792453457,12.0265758904093,12.4805314746376
10.3571093898498,11.7758066032749,12.2574925915376
10.1797239770087,11.5145433197966,12.0280016891966
10.1095712588865,11.2850747628511,11.8058913744979
10.263436671429,11.055320246554,11.5836747664656
9.8599484753421,10.870590356437,11.3828349561166
9.10908495111662,10.7320843014888,11.207203035353
8.8042783582413,10.6310740269903,11.0500027725762
9.0050687626671,10.5715140065424,10.9125777950875
10.0423423748534,10.5455887574923,10.799604331897
10.834464017744,10.5262386083367,10.6819375477206
10.7858689400713,10.5300017539385,10.6286972474494
10.0070241498352,10.3556100517222,10.4580549905047
9.8224835089132,10.179672022067,10.3676972717228
9.31267094443547,10.0340017798914,10.321709289924
8.69227421438155,9.9396671973846,10.3091066735101
8.55252603079282,9.9069704817043,10.3234100298414
8.98849662935746,9.92614663226828,10.6536322023142
9.30994664590512,10.0202722360959,10.7554186225538
9.47283906159575,10.1683054138082,10.9037964397233
9.86636040720577,10.3684512857166,11.1214798639523
10.1871754321485,10.5854531660399,11.374458704979
10.5759846957094,10.7733007369721,11.6148605567758
10.5024571648924,10.8975903101092,11.7959768183656
10.6449871144988,10.9596019787634,11.9154825678463
10.5138518435723,10.9094798668058,11.9090625930568
10.0588549553719,10.7846932716285,11.8137568271089
8.99890394720286,10.5790777877326,11.6318774373133
7.81624373360096,10.3419768656616,11.4049751104154
6.25521894762888,10.0699674898922,11.143064909893
4.99751576158148,9.78394221125247,10.8678915824086
4.76261959928619,9.51763155285197,10.6058568200428
5.09020457294432,9.25510435055796,10.3656450157932
5.81043370983021,9.0309249648895,10.1633857852066
6.2509338006048,8.83349486504938,10.0270054446843
6.36262804233796,8.66954509217352,9.93242880898893
6.27254121604442,8.53188801750735,9.89510068071573
7.23049245730883,8.4343566414058,9.90431726075714
8.34494365126865,8.36736912256259,9.94967406867045
9.4987605427252,8.33051477826258,10.0180719283558
10.4980096036178,8.32714450001483,10.095750272071
11.2072542712761,8.36130522611354,10.1815462434547
10.2576446821086,11.0597214815724,12.0442240629002
10.219476547769,11.3016625785166,12.1678252472002
10.115898508391,11.5760294012484,12.3112891555874
10.2579445323799,11.875016442278,12.4722019017434
11.0959224111748,12.1834652541098,12.6451185168858
12.2926229954771,12.4886437012165,12.818824803796
13.013896025502,12.6547416946658,12.905599739023
12.1213509585251,12.4703311173191,12.7519084171644
10.9137094258891,12.238387038187,12.5654011037839
10.2670008652792,11.9438825812113,12.3340604655835
10.3658637335489,11.6342845975446,12.0830530934043
10.2355055331397,11.3662242331221,11.8535523733207
10.3202311905339,11.1135999510335,11.6228365689345
9.92565910522344,10.9061629502596,11.4119299669857
9.21455026617748,10.7386809443157,11.2160702058697
9.0058013856254,10.60398301807,11.0302689543243
9.53808459517776,10.5191045680112,10.8635520300961
10.2524931328009,10.4459610486185,10.6939836442495
10.4370372386768,10.3896800377982,10.5391507523483
10.1381203086181,10.2767388017661,10.319832225767
9.45400420081829,10.1568150145025,10.2341972783821
9.57176690534307,10.027109339449,10.2350396889427
9.42392184891248,9.89965823073449,10.2373949958968
8.72911031775175,9.8065627114941,10.2494495047007
8.06705950874808,9.75223540619356,10.2841623646567
8.43911352500774,9.77207594049031,10.6267421178898
8.9236367078083,9.82020886402949,10.7225567168645
9.29387896735144,9.92858584473284,10.8538488037098
9.56338068798586,10.0710731217886,11.026458653811
9.46945622957765,10.2157859012424,11.2074924465502
9.35588328149157,10.3483121038069,11.3770959039951
9.29612912720714,10.4441611656587,11.5131079689039
9.67372411067713,10.4693373722505,11.5695043232396
9.74191728082832,10.4181309149343,11.547669953373
9.46169570720288,10.3084903464376,11.4464666966753
8.4247558261647,10.1490029727203,11.2784659611973
7.46303284307392,9.93886477519546,11.0519877606236
6.23198308305182,9.70792079770932,10.7965395432637
5.21438190309738,9.47465051188214,10.5249048599573
4.95741293058575,9.24267993617547,10.2578610816805
5.35726917179918,9.0243727801085,10.0142114394017
5.86619549576494,8.82785022987043,9.80977433715745
6.29628867917643,8.64528977072043,9.66946994903478
6.63859299327306,8.49974469178004,9.59145891423268
6.41671461780113,8.37446307029398,9.57737823903913
6.96990149334553,8.27005274704239,9.6092376768559
8.19469941745211,8.21092965759472,9.67487730366108
9.7191803660971,8.16925208764065,9.76042180428548
10.7328967786508,8.16533637171329,9.86096260985369
11.4693893951612,8.18940406074758,9.95730853586701
9.92577502300415,11.2100359065297,12.0015561145735
10.1726564560097,11.4489101677888,12.1195218087118
10.4295040996157,11.7260392086242,12.259542091687
10.7790825102484,12.0125760947407,12.4140964616596
11.5220799944599,12.3020713992297,12.5834510101922
12.6351646974543,12.567782194555,12.7495652588496
13.1952571161535,12.6664802828303,12.8084162843459
12.3101294142916,12.5717118779676,12.7345012722573
10.8987311843288,12.3173458324149,12.554573554002
10.0446976284681,12.0159888079813,12.3328732637634
10.2858381643638,11.7080101963429,12.1004589714807
10.3754167887722,11.4151857938417,11.8667714784634
10.6012579309454,11.1516639920537,11.6381920651048
10.3526455828801,10.9231755162688,11.420870284016
9.70173907103962,10.7371577194662,11.2147065849982
9.27605214648815,10.5753825013055,11.0143477484914
9.96147484869889,10.4406091402378,10.8175982063341
10.7020809296843,10.3359382508298,10.6285087147304
10.6887528604571,10.2260807016748,10.4358271834336
10.2077558298851,10.1067784261592,10.2595002729272
9.34010871202806,9.98215312874145,10.1828549482912
8.96943451080157,9.86030099630617,10.1686788923924
8.81632750440453,9.74474637952105,10.1767011185918
8.64932533048847,9.65452871303541,10.2057362381044
8.16869642773052,9.60006780255484,10.2491295602088
8.4058593901004,9.59090602011124,10.5870236792306
8.61496594952718,9.62097570025819,10.675210952227
8.78066170451176,9.69551134413071,10.7917672959812
8.86735277390664,9.7798579187219,10.9116705002443
8.76008063696761,9.88454006989335,11.0432379244371
8.45517333889867,9.97606769069105,11.1658738060627
8.40645824033896,10.0292858604163,11.2368329693879
8.77430553518859,10.03073372311,11.2625529563742
8.76648107214228,9.98675604383508,11.2092234544037
8.61950958620033,9.89566606563797,11.1026385805376
7.9502227432304,9.75401085665528,10.9361122748177
7.23931061166567,9.59101006643276,10.7134008183267
6.08409618952641,9.39501915444615,10.454861331761
5.23124661601454,9.20640407247997,10.182300571015
5.13446242163101,9.00827154164299,9.91347500524356
5.94113781106215,8.83775271929281,9.65526922319013
6.48505730448162,8.66444839788414,9.45291700694071
6.68519469810629,8.50567762066669,9.30512715951611
6.97247835978992,8.36956754220228,9.2443496884673
6.93256900876164,8.25370176217688,9.2592371519662
7.34725845117351,8.1564830026374,9.31723862785046
8.60393703078024,8.09306318624668,9.41617471105563
10.2750929304351,8.05140895885662,9.52024573133231
10.9407066671886,8.04835167727619,9.6393927386737
11.3233006301498,8.07015454107325,9.75841926367474
9.44602746391257,11.3183350284735,11.9383218956535
9.92394116608253,11.5484270616565,12.0392795436972
10.8091915055499,11.7952678380595,12.1529330524666
11.6301223572438,12.0585325978725,12.2930453927527
12.0762256730495,12.30310579931,12.4416132509985
12.5461311115647,12.4955783692742,12.5757175646265
12.4442245383509,12.5581278739954,12.6290807537556
11.6058273423421,12.4755220238783,12.587736571888
10.4793643228607,12.2625202803069,12.4483314972649
9.57607311243529,11.9938423499442,12.2653803781429
9.44642197246208,11.7015925172614,12.0552721271111
9.3851427973384,11.4115694567718,11.8350342352941
9.67443317757402,11.1458868627808,11.619943427092
9.80097943734403,10.9054887861169,11.4031568907304
9.71492196653347,10.7016548899015,11.1967781878714
9.39274648200036,10.5186930467109,10.9917061650025
10.0341399426727,10.3697467142928,10.7931813237367
10.6385235103076,10.2275867252064,10.5968820821621
10.4175041218965,10.0921425839557,10.4172282242131
9.75596030940964,9.9597191730068,10.2731008584268
9.00616020837009,9.82984953271127,10.1747214305984
8.33418946951564,9.70854239312439,10.1547592618973
7.97490635694453,9.60199819859309,10.1592103643103
8.1683221146382,9.51537023232088,10.182849187523
7.93058704130649,9.45123589965334,10.2201321567957
7.91616653055267,9.42462044233889,10.550662979753
7.98362092608967,9.4376615492824,10.6243935178426
8.35797958677101,9.46950184961161,10.7074263023455
8.51994538563561,9.52185943379476,10.7946862365996
8.40348119382812,9.58784966227052,10.8847034206048
7.72079817372213,9.63436731099111,10.9473444293047
7.40331245353124,9.65860748773628,10.9892867391922
7.76848728613962,9.65428108737195,10.9746742249088
8.03122697304694,9.61034589744933,10.9107241559884
8.19610512365391,9.52791029752442,10.7901271489457
7.97754412195409,9.42352608561614,10.6196163817303
7.43472355475604,9.28491346959912,10.3979337159907
6.22265045941921,9.13551206962248,10.1466775451783
5.53997257259184,8.97216353851022,9.87065119965791
5.65147605934592,8.82656757117659,9.5857619189728
6.67279172846767,8.67536542092788,9.31658640732708
7.20027222382117,8.54278629701399,9.08724353817724
7.27723916298535,8.41133818789053,8.94671743866786
7.55539146141269,8.28404903795373,8.91754729793929
7.91654015855442,8.17094449047995,8.95568138141018
8.20046967978559,8.07640455477973,9.04891612256581
9.00221502876264,8.00937682187747,9.17055244134298
10.5430527376189,7.9767983338571,9.30818014844059
11.3335607776146,7.96291992734622,9.4379257953962
11.807970840502,7.98043240621882,9.57143742559593
9.31508192879266,11.4004513820109,11.8690107076944
9.83561019037489,11.6061533588766,11.9489341306563
10.7995402866013,11.8229280550253,12.0327556072696
11.8747623455872,12.0321417857931,12.1284873252829
12.3195642235059,12.2186691596732,12.2567081456887
12.5563792490053,12.3481020161951,12.3668173829549
11.9339493888121,12.3795535076503,12.4137657504455
10.7992593192966,12.301787971805,12.3871433435339
9.59457152216748,12.1411050168924,12.3003401900902
8.65641164387618,11.9004355115193,12.1449712815908
8.30453279101643,11.6444212000851,11.9739150879567
8.43657673214869,11.372487507958,11.7755105594613
9.0167878751328,11.1133142801551,11.5742747354968
9.27643866582811,10.8785331913135,11.3751001297389
9.33455986668923,10.6610586895288,11.1747088300139
9.09423669333439,10.4701043648298,10.9752512589233
9.82151327393185,10.2935107233762,10.7820827246566
10.6424142978104,10.1334574630837,10.6006745686696
10.6169308525646,9.9872485124426,10.4309422174164
9.72449049440901,9.84229710787086,10.2993729627503
8.87159440949849,9.71001861387086,10.2074867882014
7.8725625302059,9.58602424664505,10.1707423660855
7.12930141253153,9.47687947131351,10.1610151231089
7.39992920189893,9.38213810689388,10.1710509858468
7.59457601345077,9.321095198233,10.2031520196446
7.52581731018207,9.28217573851101,10.5179051542338
7.44839436362032,9.26491422259237,10.5661291344767
7.95647479009397,9.27523371814623,10.6230591237087
8.10575350423394,9.30856578031603,10.6865752909838
7.97510443342857,9.33143722486918,10.7323456852875
7.23110341871371,9.35374283028407,10.7655350167676
6.827129909716,9.37002846934794,10.7723317755412
7.08551365455815,9.35237902508534,10.7344505989311
7.57411707791081,9.30235590956239,10.6471878001864
7.93987645885466,9.23969424844415,10.5206211639223
8.07218702684652,9.13824387358007,10.3396771818489
7.76676603804852,9.02562235852754,10.1073109739435
6.64698227372058,8.90696366906941,9.85776571157805
6.12435276611599,8.78803650886414,9.58787688249096
6.42429776302598,8.67410747048302,9.30060854829045
7.4815522789381,8.55269460198444,9.02425873423821
7.9198622824315,8.451199118676,8.76831108313985
7.89315591344631,8.34381064429167,8.62098150945049
7.90407485089566,8.22884402770735,8.61941851537884
8.48009843495847,8.12201812969517,8.70562937719225
9.03324108486509,8.03156004713555,8.83055325069916
9.82094983698477,7.96351557717638,8.96723721450829
11.1916369904116,7.92024863782911,9.11806057848013
11.9419680400937,7.91154129319435,9.26668525595397
12.1403488469711,7.926353229822,9.40757172197713
9.5965507602892,11.4572915679172,11.8023831507416
9.98481108642415,11.6244447683703,11.8550971088423
10.7389884101516,11.7994644228855,11.9106812463318
11.9982458745576,11.9724206921399,11.9779016297371
12.5615252002173,12.1093531821065,12.0847321568018
12.3517844677665,12.1968647337025,12.1756964108412
10.9256601703459,12.1991387758398,12.2141268227132
9.44527358048876,12.1462912402835,12.2139984198032
8.58464108358663,11.9856881816706,12.1315001659052
8.37648351973503,11.7958677854098,12.0241941420494
8.08628523564144,11.5529524969328,11.8649693232076
7.93019152424933,11.3075561940696,11.6935573268526
8.24907282620359,11.0693965988886,11.5230146362517
8.61694787147019,10.8369192904092,11.3382208176065
9.19926829438515,10.6190433552553,11.1462568295388
9.61971080783753,10.4190539634825,10.963891770209
10.4020066382211,10.2362031980577,10.7783751136357
10.8448998513384,10.0661040711752,10.6057747262765
10.678280833885,9.90037235006758,10.460748410423
9.77017609241155,9.75700702326038,10.3421242770108
9.27017231877598,9.61972037123253,10.253634276189
8.53438575437913,9.49118277166273,10.200623335757
7.48316177004127,9.38095178755833,10.1776608148536
7.11299766755424,9.28801884462929,10.1757334701031
7.35359139127294,9.21503736599566,10.1903809622308
7.49981909870705,9.16208548683612,10.486988412104
7.51887821177049,9.12693198735463,10.515233579146
8.02215243078597,9.11176143119949,10.5425599314038
7.94885084933464,9.12318698411836,10.5854589583388
7.67363104640462,9.13130677766139,10.5986534801618
7.20274553412446,9.13868959495354,10.6077770218491
7.0519078549689,9.12594221146399,10.5836993609417
6.96365170186911,9.10275487847531,10.5151453012031
7.18505394143666,9.05537965421453,10.4156830040476
7.4648351286301,8.99238614979507,10.278774598171
7.90736862767343,8.91564366516804,10.0969573668921
8.0832689734849,8.83227473801231,9.87926338186697
7.35831067669538,8.74114341576072,9.63686897580919
6.70921010944647,8.64311120023113,9.3610736378237
6.60409134041225,8.54154284439949,9.07828165034936
7.27313040688028,8.465448857801,8.82062527287241
7.80546232684883,8.37853817553201,8.57547764893127
8.31203881694504,8.29622173032742,8.36956538131806
8.37139630863022,8.18947437037829,8.41227819529528
8.67216963131616,8.08766248925002,8.52002020029385
9.04870435935509,8.00111664345416,8.6680984378613
9.87077494247094,7.92928385641831,8.80679461859251
11.2333973136783,7.89199972891339,8.96410616015366
12.2680897120267,7.88018768545759,9.12782540800912
12.4191775825229,7.88879872519671,9.27897506562668
