"truesurface","",""
9.83449653296624,9.98823811347472,10.6149687570408
9.47063041768865,10.0224475760502,10.5915922790479
10.0308215049871,10.1539662502251,10.5679679599328
10.4648027845383,10.4526146921667,10.5439873012108
11.0470568879492,10.7018819036541,11.2326796201152
9.32423114757339,10.781664293281,11.2080703453356
8.96950479484119,10.7523218525011,11.1830320065295
10.0954002130859,10.5457520423947,11.1576360273457
9.03376609816822,10.1596816823396,10.3740729564599
9.5445158089954,10.0630166549808,10.348210061544
10.7899846912426,10.1605609571188,10.3221685481772
11.0891079646331,10.5736242523712,10.2962136274036
10.6439405507939,11.1417066617887,11.6721131181996
11.0640712027084,11.3815520499673,11.6465412055768
11.8139620015526,11.4530811916753,11.6211915926192
12.3529639509752,11.3830300207111,11.5961779726934
12.3847051510674,11.189575872328,11.5574635024081
12.4835075495116,11.0934067402954,11.5334202061426
10.7470474462724,11.0783639203802,11.5100023567334
9.88095666926299,11.1129678362951,11.487333558533
10.4826135639071,11.1550855747322,11.5247692649438
11.2280581086035,11.1875771894227,11.5034373119456
9.78658462797693,11.1919221887658,11.4828877451077
9.47704009059632,11.1666609120752,11.4628374944374
10.7441623142454,11.1119860466865,11.4334679951609
11.6809065675909,11.1293618054074,11.4145496305092
11.2519257207247,11.2083302633597,11.3959779133685
11.6087825096669,11.4150330590107,11.3778644188238
12.6085782040801,11.7237882613147,12.0982901621265
11.3997752872355,11.8736566652266,12.0804322547223
12.1321010252087,11.8361685851121,12.0627794444432
11.8730942165686,11.5733636150226,12.045181733263
10.4392686851284,11.0526341355338,10.5909229926055
10.3816148291977,10.8132201112354,10.5741973999723
9.69738003765236,10.7275334304894,10.5787930727003
10.06082854508,10.7619034032645,10.550157021658
11.2255272452832,10.9379423675043,11.3645054351692
10.4601543990609,11.1921366012453,11.3454083991344
10.3717879968776,11.4136357517076,11.3356231144831
10.4592507288123,11.6690061767682,11.4299264221361
9.9462516251935,10.0046635100453,10.6142512712096
10.3479508833747,10.0114263711814,10.5908587107134
10.7515528061943,10.1412024468308,10.5671485764351
11.5907384020889,10.44022274588,10.5432415352152
12.2346008846602,10.8162361654011,11.2319750576485
11.1486957227385,10.9198980003001,11.2073994801076
11.752615562953,10.8561274022137,11.1822189353916
9.60059945827063,10.4601726722561,11.156697788715
7.98491620396683,10.0430367713121,10.3727656663612
9.22290462828136,9.93131695285114,10.3464166507413
10.0622953145842,10.0600377859981,10.3200447280433
11.2950358108511,10.4950540815434,10.2936962542577
11.5696446955385,11.1547959210368,11.6692716609245
11.243543440345,11.4580045209481,11.6432992150297
11.996453688074,11.541285202508,11.6176179068349
11.8260866261131,11.5294388429917,11.5922662205143
12.2778511100246,11.3148526630293,11.5533030495982
13.1241182903268,11.1636877152096,11.5289241435262
11.8294437009564,11.1372708484912,11.5052633754263
11.2320266422176,11.1583574918836,11.4823334642042
10.9873266365222,11.2017270915656,11.5195584924647
13.0072762549556,11.2375950004902,11.498183830865
11.9958044802408,11.2451655186174,11.4775723066432
11.2875396648681,11.2026330408259,11.4576313861245
10.6550997948607,11.1168523658057,11.4283342083901
9.85752214735017,11.1037612342424,11.4095467066415
10.4499220287921,11.1853765905345,11.3911628515061
10.8735116033365,11.410129435859,11.3730737390502
11.9544340160563,11.733708445038,12.0936118029044
12.6461928059126,12.0022156065255,12.0758514340341
10.6419664783139,11.9622230449513,12.0582801232602
12.7184210973813,11.6272709487459,12.0407605765283
10.7840461670419,10.9166471754267,10.5866609786584
10.9423707000144,10.5596289575228,10.5709473616349
10.6681551150701,10.5156240511596,10.6036242637677
10.4774922866665,10.6548699940655,10.6043324583987
11.1348727189486,10.8158774278237,11.3609778192848
10.0793518992531,11.0604483232715,11.3415146895702
9.53801228526137,11.2611841343684,11.3373789022775
12.1759353848128,11.5670319704265,11.4276400948475
10.4886866545652,10.1407343206167,10.6135992009433
10.8185590393336,10.1644288625676,10.5901772122438
9.58406595495363,10.251079256128,10.5663893175987
9.83467847638398,10.4860868708192,10.5423922575996
13.0871187124697,10.7523342367378,11.2312344188219
10.2812595896443,10.8722932032096,11.2067954318405
10.5185644702089,10.8031441621111,11.181970673242
10.3004492948478,10.4770125583939,11.1561885384465
9.98425222253061,10.153690630458,10.3713678186874
11.2553602047855,10.0334159143956,10.3445168956881
10.764603124477,10.0875798807871,10.3176517823707
11.3490670350612,10.3752239506241,10.2908371650537
11.4925421347678,10.898486264963,11.6660345367992
11.352084624831,11.1913583040485,11.6397393552933
11.2053035222768,11.3326385636519,11.6136726841202
10.0076707431809,11.3887325961817,11.5881041542871
8.7535229895022,11.3056295735898,11.5486832925438
10.7989179070017,11.2428002291067,11.5240421634749
9.75650079118108,11.223496048808,11.5000924196642
10.6851849704669,11.2286290681459,11.476887399605
12.4825689390651,11.2548546194985,11.5138252382783
12.0248800678157,11.2841602437396,11.4923438643164
12.2694753228059,11.2908054192623,11.4717594497317
13.0957126330815,11.2459309910312,11.4519493290531
11.3020818138822,11.1639952278216,11.4228220658602
12.7563472270371,11.1319195948727,11.4041384351049
12.9639069238971,11.2051965848647,11.385859354618
10.5072075566022,11.4379405609215,11.3679051930607
11.1811638017333,11.7895471825958,12.0884436492389
11.6623294913556,11.9947579512967,12.0707196612882
11.6851050012987,11.9757245905688,12.0531507820617
11.9472499890302,11.6674212742143,12.0357185043478
10.5666409548138,11.0649421286442,10.5817809270616
11.0015044359133,10.5640440329357,10.5646424023924
9.85131518657494,10.5131997317655,10.5473991497038
8.21979102263021,10.7167695655319,10.532127216113
12.8564959612762,10.9364890507238,11.3554772161765
12.2624528197541,11.1066550794293,11.3362885346035
10.9287763679347,11.2351479238218,11.3203821108622
11.3468871637378,11.4385935883632,11.3008499668213
11.0296939322672,10.534743021107,10.6183486010686
11.5043825361649,10.5454606972577,10.5900509219222
10.7825461324049,10.5153890816097,10.5653958549473
9.89696706610691,10.4610272961771,10.5412609688041
10.7109541526402,10.4557947241688,11.2304063950636
9.63008150278295,10.433207287483,11.207173030563
9.3000671221786,10.6434021408579,11.1987305129472
10.8537290244159,10.5417361968196,11.1591414342658
11.7391451495709,10.4389842355806,10.3701156097596
10.6077561540724,10.3832875200102,10.3422872786729
11.1094061862568,10.3162007286921,10.3150047575727
9.40770192153608,10.3571735893071,10.2877905334179
9.73132454865669,10.4888665143078,11.6626426851357
10.9892917363053,10.4229798029638,11.6359448215215
10.901719561146,10.5038087395063,11.6095252225689
10.3457470883172,10.8051072529809,11.5835890449398
9.32701500376228,11.2282275694967,11.5438106770238
10.8247175377458,11.3981198662652,11.5188619030507
9.67973993629692,11.3901118218791,11.4945838951165
11.1611931732128,11.3569829226644,11.4709216876603
10.9727273438651,11.3311114548556,11.5077006987501
9.61871837453382,11.3241963465852,11.4860251780712
11.6350567082863,11.3255955509371,11.4655371270245
11.6462464641588,11.3002818795502,11.4458094173864
10.730677959948,11.2179662802893,11.4168094160693
10.3403761936922,11.2073142281631,11.3983791797559
11.9892555905619,11.2985407904348,11.3803361725511
11.2820228718894,11.481698697771,11.3624290403042
11.030819108494,11.7413888127983,12.0829360715814
11.5867396373459,11.8252711472517,12.0650441897541
11.2001945228175,11.8613410601076,12.0474531361586
13.3120173633204,11.65188490082,12.0300889210493
13.0543798141111,11.2639796203853,10.5762572065552
11.2920027261785,10.913511864123,10.5590095750443
11.1053319330186,11.0146695745059,10.5352674759093
10.8099318982922,11.2517508545217,10.5197201127823
11.7781198662279,11.3011862269024,11.3497901735002
11.6937234087637,11.2759133936643,11.3306591108006
11.613876591171,11.2789930036937,11.3103441369115
12.7040496622775,11.4287015081396,11.289676317706
11.6326897028149,11.4250601848272,11.5813978700249
11.1382986866351,11.1799240206155,11.3433382019111
11.2126515536002,10.8849853253866,11.3076956590451
9.19148895905513,10.4797372109913,11.2833180896489
9.58777184681691,9.96729217011166,10.2132141758269
9.77440415344011,10.0102210652852,10.206066686042
10.7087269557304,10.667011751897,10.5723322560111
10.0586986110881,10.4820513704739,10.2214037849333
9.35933839786021,10.600810720355,10.9048196779485
10.6364646778126,10.6791169171001,10.8755138235424
10.6791812755135,10.5849646065293,10.8476754768033
8.7153113365253,10.3152410945631,10.820099142598
7.55077256772991,9.75954083198368,9.47660553307833
8.44755347719598,9.53303394658399,9.44956698439917
9.2454545970862,9.61565783830527,9.42287663898025
9.59202968359106,10.2010818557112,9.39655308371344
10.2530856600964,11.0854921663455,11.9324579065946
11.7079923250482,11.5576370081195,11.9071198497983
11.2281410778784,11.6617621820939,11.8822157698349
11.4863716154866,11.5702045820592,11.8573715010143
11.6208609380589,11.3509347185053,11.4905004830766
11.0906636468315,11.3157186886727,11.4711576385762
10.8940987837984,11.3451527690837,11.4516763560919
9.26701784691877,11.3598191133607,11.4322046058387
10.6201978297391,11.3368867004772,12.1782401330931
10.4171832128965,11.3652091630366,12.1602095592048
11.1861033903342,11.4819723925619,12.1433244494901
11.2928559851325,11.6198703583977,12.125595987537
11.8856318003461,11.683948914581,12.0067187399374
10.5919017784979,11.7007323011411,11.9882976705442
11.2168764250692,11.6739432175265,11.9704064849332
12.5796480170927,11.5717419094182,11.9530134883946
12.4547196017748,11.4326698163564,12.6226776031053
11.8823073446177,11.4761019753525,12.6032425584245
12.176645966016,11.9301797334457,12.3782141806687
12.5141097042403,12.2628340108974,12.3974834165319
14.0033289789191,12.029970660047,11.7144510929954
11.32986144854,11.5914940569355,11.6721699282673
11.7568590074773,11.40449977732,11.6490408852973
12.5915907899314,11.4717188909241,11.627657371619
11.0023697955213,11.1549712031264,11.4265210960746
9.5200751020162,11.1933207510045,11.3324708939356
10.9149612125764,11.0157938058785,11.3055339919261
10.9380927266941,10.474338646896,11.281151191375
9.55225925138144,9.73402357007529,10.2109584430792
10.42777971433,9.62009995664524,10.1949381164947
10.4868250391901,10.1276084188769,10.3215891596289
10.4334346187342,10.3231488416851,10.1590842506297
11.3342820696435,10.6266865150185,10.9016165350648
10.5315729544551,10.7774059665931,10.872356344368
10.5394998783903,10.6457931886365,10.8442423704848
10.1310829497647,10.1383570262505,10.816422368704
9.15507468584329,9.39534857323827,9.47261266800426
7.91805035847239,9.09450442596869,9.44526256373774
8.96973974877978,9.16677918261112,9.41822066711508
10.5687759071164,9.77701390962473,9.39165243306085
11.8887857417196,10.8231556711916,11.9272768574426
10.9278631307399,11.5438849708593,11.9014879005925
12.5272069288038,11.7351042833549,11.8757901777351
12.4619027233531,11.6133476076522,11.8460462618675
11.1836193426885,11.2447729942866,11.3453786302642
11.278805443587,11.2103060244014,11.4501427328563
11.0822276900862,11.3093371059227,11.4436076414833
10.2573781507015,11.4151325543815,11.4247415438081
12.3223036913476,11.4680559602658,12.1710144811237
11.7494785427199,11.5478852745306,12.1541730411645
12.3541635814174,11.7562700701672,12.1436451717844
12.4701866114195,11.9852483117818,12.1410825588427
11.3496079470988,11.8963078152331,12.0135709364796
10.5374495961175,11.7117278647243,11.9817200481373
10.9235406909213,11.6425685044193,11.9630313594705
11.3989247919096,11.6054998064572,11.945245194331
11.8964795995996,11.6010289679049,12.6147976174659
11.4936467361853,11.868483823781,12.6034639164445
11.5988027316095,12.6801775313447,12.6995420902603
13.2646323642065,13.8250035643577,13.7484014322734
13.5039563054458,12.7317178377064,12.0488799054056
11.7439224686648,11.8294550078492,11.6747882192685
11.9568436566964,11.4556617757069,11.6414214952338
10.4055239678206,11.4982935986392,11.6195609020816
11.3617412620715,10.8487081640918,11.3514419790009
10.9451899941709,10.9560726876932,11.326586313811
11.3862447977578,10.7864409622206,11.302616320652
9.62667916379082,10.3490191159911,11.2785240745659
8.29800868365892,9.76022140580456,10.207768516246
10.9019622125851,9.52349201096733,10.1837550712387
10.7163175741813,9.68736782380003,10.1594563021411
11.3854436210912,10.0621401445806,10.1320460560409
10.3161469250879,10.6014283436857,10.8972045795883
11.2963526261639,10.7409216706789,10.8687559050173
11.2640919814941,10.6171300998418,10.840563690367
10.195766273278,10.0835579790095,10.8125230939688
10.4912533462663,9.48606519198963,9.46843979490494
8.47313749433144,9.17335346483999,9.44084505490467
9.28255976831122,9.21168460911029,9.41358508317568
10.8809611618068,9.78616234410228,9.38669307507564
10.7427944070281,10.8413560650298,11.9220911140601
11.1890621303528,11.5853468674115,11.8959273845671
12.4597382736255,11.7413803914117,11.8695993895276
11.0150231775416,11.5610545034001,11.8292492489589
11.0195822497165,11.0731836824317,11.1795530518339
11.0937418202595,11.0183652939203,11.3768646805976
11.602560619749,11.2436019404878,11.4326247172499
11.2677539042892,11.4976215031876,11.4112568567341
12.468966200098,11.6516415241161,12.1483285938989
13.3405833078275,11.7655422808311,12.1469776509307
13.0646712758828,12.0320501434179,12.1539023580815
12.9588641081589,13.0302632567575,13.0268250108017
12.3521168918326,12.1265409322721,12.0175377165756
11.9434030652149,11.8295255042,11.9746265727128
10.5623008771866,11.7100684991784,11.9545294798897
10.682776524371,11.7229651895383,11.9350077862411
12.1569289694953,11.8812473938587,12.567043475995
11.9485191945438,12.1371895311345,12.5333004919465
11.3233894607096,12.975303855136,13.1363763935334
13.5264919305684,13.7680385333093,13.471140399961
12.6603486136349,12.5466316386518,11.737844676848
10.8331740265428,11.6929877514607,11.65647984625
12.4676290807072,11.4141499597189,11.6322021027114
11.8315322843558,11.4685300548547,11.6104662051846
11.6000054975822,10.4290472600161,11.3464181392626
11.9936506035094,10.3914381268082,11.3232447293615
10.0348017367643,10.1898189718228,11.299692698212
9.51298497498681,10.0872947489396,11.2756499525403
7.46777363380772,9.89935679680232,10.2046471616634
10.5550662259408,9.85452837904881,10.1795611251969
10.9598958421831,9.87311012958844,10.1535651091795
11.5977291696764,10.1984245500436,10.126774528828
10.2410359924126,10.5399635755812,10.892986753032
11.6282001209971,10.6274319915943,10.8648661101253
11.8640556813445,10.5416999324558,10.8366473455275
10.2533607002257,10.2649208708237,10.8084235358599
10.0676148586976,9.91631738515455,9.46414899703444
10.8479742384197,9.67181799215049,9.43632069060733
10.9751782336661,9.62258199449043,9.40880791316487
9.48256938052229,10.1224281172602,9.38173666105721
11.8131594131751,11.0975677221864,11.9169247889678
13.0540550314308,11.6981386280535,11.8906798754108
12.128825701247,11.8512406499794,11.8644707396451
12.7152104808146,11.6047949438679,11.8328377489678
10.7409472094586,10.9682692039919,11.0425137615956
11.0761393308105,10.7463645830004,10.9514074292639
13.024662365378,11.1466670035408,11.4224031913665
11.7132524073438,11.4842689784537,11.3911915227754
10.5505817315598,11.8650477754672,12.0005727922485
10.6696951019426,11.8277975060424,12.1357781151383
11.6012362964539,12.1265121645026,12.1434350325177
12.1649453203691,12.2354080621583,12.1464706952255
11.9288584128007,12.1468024777334,11.992684621829
12.2848592758349,11.9519576251525,11.9622460124744
14.4098352095573,11.8772412139324,11.9408448030685
13.9298089219647,11.8543721826379,11.9160408461119
13.4911897448219,11.8321599145768,12.5407623399443
10.4379016413246,11.9222490794221,12.5593643892148
11.7701403967699,12.1105816114859,12.719809982066
11.7142756874298,12.231335738914,12.6034543975818
10.580656144234,11.8568228239469,11.6725484042292
10.4758931016338,11.461645882643,11.6443332193013
10.3783305836921,11.3414528461823,11.6218842437646
12.4551988776146,11.4398032153251,11.6005068998276
11.3291078638166,9.74492292159818,9.50741759735709
12.1175554461142,9.58444521361755,9.48442494319626
9.38815414746798,9.56522937557302,9.46098320210761
9.82368285311673,9.709562697942,9.43686708636777
10.4786822181894,10.1181137780236,10.7808151880407
10.4150810680781,10.2916782114497,10.7553566703562
10.4649295544993,10.3876797507777,10.72910017118
11.2111468615173,10.4883310371884,10.7021442633893
10.0591201456313,10.5091482028082,10.7945762634288
11.5793531742065,10.478250529883,10.7664173102029
11.5466533442091,10.4458993838116,10.7380657284375
13.3095993826376,10.375062175106,10.7096696312101
10.3064759969998,10.3171268184233,11.1282425941103
10.5496308348544,10.2738795124479,11.1002582974941
9.83254738214055,10.3968624950662,11.0726389042558
11.4120346961507,10.7829686899447,11.0454296418832
11.8032254696663,11.4122437246685,12.2222869168663
12.4631169291161,11.8238116303269,12.1960145851635
12.4995289032045,11.8993186015358,12.1699256051058
13.0710238393911,11.6451486137497,12.1412229870032
11.3703003779485,11.0917107914871,11.4326282030804
10.6221532174996,10.9089758838257,11.4140125954563
10.4904143193256,11.1247446224911,11.408942293625
10.9865615097153,11.4492261902499,11.3898450129812
10.5539804714764,11.699040018763,12.3107526675948
11.1551145021337,11.8357406625013,12.2948081061687
13.5751403123316,11.963158272768,12.2776143669778
12.1387991070806,12.0613378038518,12.2601565277017
11.4796908482098,12.1190907880151,12.3314382425111
13.4637058715564,12.0876281349831,12.2965211744068
13.2897081159178,11.8114687123648,11.8951904560937
12.7035957718181,11.8977143547598,12.2454898001466
13.0920021472008,11.6003251420464,11.1802210299248
11.0174681524849,11.388357745524,11.1647610134667
12.6755593014632,11.2949099684447,11.1491623604846
12.4077472627049,11.3735607206778,11.1334743941696
10.946831087786,11.2936698032925,11.3997523680838
11.025036487407,11.2608736098004,11.3787140696008
9.49731003018551,11.3008259862219,11.3576057291353
12.757780175704,11.424402338854,11.3367656917329
9.15819773182544,9.39474462845781,9.50410713702359
9.26845836753148,9.16801975328493,9.48129728317971
8.18217743689145,9.19496862476461,9.45805923065506
9.89002090955737,9.53473249595665,9.43412521237016
9.8325804695482,10.1781554661188,10.777919914305
9.49161311228653,10.4901878831462,10.7523422615989
9.59596050428496,10.5986158694279,10.7258146253713
11.3379591613893,10.571799420725,10.6985953549517
10.7696499181846,10.4757472157272,10.7909011938755
10.2892350831638,10.4282901646114,10.7626432970309
11.0895168709631,10.4146472477699,10.7340568131457
9.6719291580554,10.435241940634,10.705424029742
11.1298680042604,10.527695146544,11.1237838541192
11.544705807688,10.617065246331,11.0956472762041
10.4376375555338,10.796004538516,11.0679239398775
10.9107799413061,11.1820982818266,11.0406358789059
12.0387758980348,11.6321555029873,12.2175076534154
13.0009112838406,11.9247442573279,12.1912243744994
11.6867002379534,11.9231733992196,12.1655232044456
10.7214707193974,11.6904371078836,12.1403128317876
11.7652658110657,11.2172041391191,11.4480745413009
10.864281672836,11.1212182209745,11.429893722778
10.1070267980176,11.3374378909151,11.4806708547906
11.5182752110215,11.498433461991,11.4073285858576
12.0028629932676,11.6944979873086,12.3108569685807
12.6343341819046,11.8296882318089,12.2878408230594
12.7128491816924,11.9349830739853,12.2678888898088
11.1589598529412,12.0385857495441,12.2482453990598
11.4613411541007,12.1537556521332,12.3211129646609
10.3468777002056,12.188855313453,12.2976588546006
9.68514999088775,12.1038032876169,12.2666289139419
10.9532460389582,11.9432169493156,12.2583416247415
11.6120301408578,11.5122288872527,11.1703627579353
10.5135620962105,11.1229051410855,11.1530641865343
11.3003520155636,10.9479361135034,11.1352981155317
11.6476456387493,10.9475326157602,11.1166277694962
10.6381306509478,11.0760955103529,11.3858986078913
11.5155493231938,11.1889647611093,11.3660051761106
11.3783186162149,11.2984846454185,11.3457596224865
12.9415306153941,11.4529346128439,11.3253962727067
9.729044604566,9.35468303408256,9.50052811986486
8.07375623426554,9.06640281337519,9.47808084775258
7.68078650811207,9.1329397788923,9.45539689689064
9.52631272858482,9.55461913825003,9.43177334166416
10.4644687539842,10.2063562811308,10.7754673748227
10.3295148186276,10.5633620124569,10.7496076768358
10.9017319061855,10.6660537496012,10.7228270553321
11.2586775790296,10.6319696000326,10.6953985610483
10.4157315694697,10.5082141825618,10.7874750386578
9.65087007697171,10.4688542141658,10.758920759805
9.90443637331753,10.4931840197975,10.730054073114
8.51105100769756,10.5726968993079,10.701051466975
10.162798058711,10.7098852775427,11.1192193207767
11.3762447045809,10.8768583091067,11.0910058569029
10.2926059091542,11.0711194008743,11.0632134458022
10.8250346674688,11.3472953558582,11.0359378711148
11.3311886414393,11.7081586209228,12.2128044086027
12.2680901931655,11.8509334579091,12.1865656882211
9.96822687412418,11.80160376228,12.1609571956883
11.3428875414353,11.6146185982213,12.136039112249
11.7673837242438,11.2343112707653,11.4442446656045
11.4480860337693,11.1125150023281,11.423399534866
11.6522015448707,11.3882866812159,11.5179772591447
11.9525341555829,11.5874493874713,11.4594880964643
11.9237242295976,11.7446848879775,12.3026536967366
13.0533980898423,11.8673428134502,12.2801864701324
11.9387259728728,11.9829998086978,12.2592227827314
10.8433085761228,12.0731207116182,12.2388065620798
11.4901125778185,12.1676218805921,12.3115002879137
10.296797154664,12.1980985053013,12.2914402466846
11.1729966945869,12.1159755285208,12.2713754946686
10.1533186356608,11.9508411173877,12.2525542035712
9.7127557000932,11.5525673537724,11.1594065352863
10.900479522362,11.0878322857924,11.1411642667441
11.0363221634852,10.933696679781,11.1225826036997
9.90464677071561,10.9490799933496,11.1035635016011
9.58270715565116,11.1440232530506,11.3728665617956
11.4264389098728,11.3126335658954,11.3533258694934
11.2287447198531,11.4359020946353,11.3336410157283
11.6860539010923,11.5734855106497,11.3138677293417
9.45773997951317,9.44012320686723,9.49604020023497
10.0072827308615,9.18322747394608,9.47421676636395
8.65284232918503,9.37190886912846,9.45377719953312
8.79359901697969,9.85838888649041,9.43547073699524
11.9890213308525,10.3511538830347,10.778511065442
10.71060324437,10.5491449060726,10.7473356075464
9.71142977920451,10.5968757935834,10.7201071658114
9.32901031279136,10.6057200812898,10.6924346221215
10.2866046754968,10.588289565375,10.7842076038441
10.3743606602219,10.6220849362599,10.7553258801161
10.7712184534442,10.718851911326,10.7260396925433
10.7859920204002,10.8276923914561,10.6955177804312
11.7620523999639,11.0341416694297,11.1128082249417
10.328807981459,11.2822587629749,11.0856612625438
11.1753617480359,11.5360996262947,11.0585696918784
10.3841512539327,11.6903482388808,11.0313387424226
11.6946533504043,11.7087672062138,12.2082419609249
11.2611734606275,11.583813067789,12.1820698993271
11.7396443319815,11.4658608750433,12.1564566635187
11.2946127005318,11.4306114703376,12.1315684956715
11.1526556108204,11.1347370907087,11.4395761783452
11.5536480139101,11.0424379858906,11.4164804440701
11.7370957761507,11.1768016483418,11.3950813101972
11.42397845558,11.4176836542569,11.3723848457631
11.7578707442022,11.8066528660837,12.2941358773527
13.4781162713836,12.0450743787165,12.2721141106583
12.3916240788868,12.1342565661461,12.2506707787553
11.1047468406333,12.1448870766382,12.2296566601854
13.502565292415,12.0609721931574,12.3019285270619
14.5282184158342,11.8767314526422,12.2816002249064
14.0781274421202,11.7884746477735,12.2617623904235
11.3377440351602,11.7534478042154,12.2424912203637
10.971301680656,11.5584643719086,11.1485005098115
11.3764411701817,11.2126254521904,11.1296853126018
11.3745240834403,11.1613191029896,11.1103801781681
10.7893588237574,11.24857483855,11.0907627959645
10.5992346279486,11.4826537896792,11.3598007984148
11.7063591534889,11.6087013342058,11.3405292565637
11.2953224163351,11.7520610582657,11.3214112495717
11.0599554498703,11.8560492672046,11.302141349349
10.2990687278524,9.59106540261307,10.1167478538921
10.304707596324,9.53379557311403,10.0939604548733
10.7218889988442,9.87230588303487,10.1149276563045
9.31457883582276,10.5429544940772,10.5652747100632
11.7254264118585,10.4687338182481,10.8528554751202
11.3358024714825,10.4323745920644,10.793585567054
10.7119135557276,10.4641847194812,10.7658131385267
10.4440164837952,10.5360795446452,10.737944217118
11.4686073870702,10.6804500385474,11.2749783367551
11.2322566419854,10.8192455032651,11.2457853910341
11.1191910176965,10.9537842751714,11.2159663477982
11.3245456508351,11.1521326360826,11.1808732940965
11.5984627323406,11.4837125288011,12.2273807168376
10.9606815795879,11.8475360245825,12.2687980412731
12.081307399924,12.0425735231607,12.2461854776984
11.9606246947718,11.9620155745208,12.2190049568729
11.0867568328973,11.505252471579,11.1719628064095
10.7161893921284,11.202283426932,11.1459373692981
10.7139587081404,11.1209377122753,11.1204009099849
10.0739576888659,11.0381692526402,11.0953528375449
11.1321289773689,10.9636379373196,11.2150306890209
10.8626791062036,10.9823222125078,11.1910123058168
10.784852121113,11.1148823498018,11.1675211173548
11.0601960864851,11.4147072336179,11.1443584231177
11.2668569622088,11.9170452388527,12.5445362124738
12.5707891566337,12.2539600694364,12.5220332361864
11.6235787236019,12.3313940855575,12.5000148906918
10.7235034089286,12.1938670181574,12.4783117435565
12.0838850228361,11.7846595022714,11.5485572478303
12.9110579263246,11.4647003650663,11.5277952271408
10.9190334452538,11.3665202498011,11.5076190742014
11.104456757744,11.4120823583673,11.4880758581063
11.4706538816581,11.5418231973033,11.7807826420577
11.4944550891713,11.6575421320107,11.7685557747772
13.4607263125669,11.6490724524704,11.7418079984426
10.6911218828841,11.6359653811991,11.7193429698881
11.7972092911102,11.6985515696578,12.0605701430687
13.5450698534462,12.0009470000493,12.0437726560221
12.0338973960596,12.1512299029539,12.0254365785152
12.7287636055513,12.1759277993911,12.0070356188876
8.69897447974656,9.68865753866328,9.94087865963935
8.77554010521158,9.70205606689565,9.98875393918366
11.2048885983664,9.96353941635568,10.0903260877002
11.2911245928086,10.3162444799668,10.0994649211844
11.4958714072861,10.3695605057873,10.8236370901651
9.91120285509411,10.3642781727068,10.79089721308
10.5021141069598,10.4172543364627,10.7635884612939
9.84127629020739,10.5148846173635,10.735573320616
10.7175658712372,10.7123467075074,11.2723929461108
11.4738193208577,10.8713131889992,11.2430022392466
12.061101183238,11.0226402543914,11.2130590775566
10.8894731041475,11.2083137935272,11.1753932145006
13.1800310678271,11.5387537487335,11.6893817326815
12.6675554795001,12.0279052552163,12.2558818530814
11.5781308377213,12.1621176157957,12.2411835609121
10.7276489407729,11.8376829166907,12.2130275313282
10.6822208694088,11.2554660914339,11.167326489785
10.9246558505964,10.9740408196901,11.1418382476735
11.849200061655,10.8720607150509,11.1163636526835
10.8941203967267,10.8453318706437,11.0912044018636
13.6723738635658,10.8676665481233,11.210498356329
11.2532498340265,10.9325661467319,11.1860440910926
11.2301797098836,11.0970459576461,11.161891311962
9.06445282314656,11.4102950122018,11.1381391198139
12.2431674858437,11.9375378984672,12.5377163003736
13.3104996410872,12.293990879798,12.5144754827001
13.6717488493471,12.3951822929255,12.4916366527908
11.6352383931971,12.207512035809,12.4694228194458
12.2733202433424,11.6795851905736,11.5389694005403
11.2941362465008,11.304756356225,11.5176787794198
9.76379192201845,11.2049699038001,11.4970241622955
10.4158744499991,11.3292212459265,11.477278604115
10.6880763295293,11.6752987055768,11.7800527514871
12.363711276395,12.1569271449465,12.1453388885899
11.9359108604509,11.988622195209,11.7619999807256
11.1458632294587,11.6331857012988,11.6897745454534
11.5125159648209,11.5275048835024,12.0042434992115
10.9439682867771,11.9152510670242,12.0131695018751
12.2228323099782,12.2631625162667,12.013126820295
12.459053983744,12.2750184662145,11.9958210926321
6.86478767798025,9.80569792032276,10.1205458393487
8.47163348965064,9.76517214321022,10.0943805263507
13.1717646744943,9.89519779426672,10.0802391191088
10.6909421571222,10.0933925186556,10.0594576946938
10.657365081792,10.2973748957752,10.8142874494192
11.5202227742877,10.4211212253105,10.7894289772725
10.1503608411743,10.477949919402,10.7626379327514
10.0097044309718,10.5395814905594,10.7340350417389
10.3846887817376,10.6600557435318,11.2702552608418
11.2934038987221,10.8067152686696,11.2406542201465
11.7217887416839,10.9525743523292,11.2104326103436
11.6897400509512,11.1789908081117,11.1650780026136
13.991964910514,11.6591012461916,12.2779438519107
11.7092676812288,11.9811750327077,12.2651663696599
10.7461314145241,11.9727799778931,12.228698657719
12.3724228456639,11.517408239822,12.1612791420085
11.669388284007,11.0275798066392,11.1586074619497
11.5931545199423,10.8177195075931,11.1377833409599
11.2533958365291,10.763812150338,11.1128411751565
10.3767323917293,10.7740961221527,11.0875485438896
12.1639022892148,10.8191463777965,11.2064840309298
12.2283341673021,10.9028799397598,11.1815293742661
10.9242962752552,11.0449646403144,11.1567903209305
9.83409974225212,11.3472799581819,11.1322926564862
12.4250406205481,11.8728320865399,12.5311285222187
13.8125127307237,12.2154150592854,12.5073035140221
11.5506508987693,12.3367333878233,12.4837958904514
11.1828796078456,12.1766479914649,12.4607846826081
11.1489577956165,11.7223852523591,11.5295618176368
11.2747002717767,11.3399049579268,11.5075574494927
11.0783314802563,11.2509481921295,11.4863077962344
11.1451840709833,11.3419068763297,11.4659884124723
11.1643647190286,11.6001394631746,11.7630336601347
12.4725898580346,11.9364776389735,11.8738352215538
12.2205591908013,11.8494725139994,11.7304748829604
11.2750724233142,11.473689129292,11.6733773091888
10.5655852119935,10.7577992294048,10.8770003156755
10.2436486055028,11.887413264767,11.9899831479401
11.436268125137,12.2269656818281,12.0021056026793
12.3704527214227,12.2572174841883,11.9852171921091
8.30272030736751,9.89642823107327,10.1191744912553
9.85758367785999,9.82447980968716,10.0975160994992
11.1209191235996,9.85918106836715,10.0761173299601
9.0721711307592,10.0253063521585,10.0546929476643
10.3390310205364,10.3630464504622,10.8131605059286
10.3030291886077,10.7406699529571,10.81187856515
10.4035275951696,10.7230513021709,10.7805658300563
10.7325205400078,10.5050981290462,10.7350906448607
10.1634682752121,10.4590233058082,11.2684490561353
9.99180804988974,10.5229627441173,11.2389094591535
10.4031824455037,10.7031244520948,11.209130940796
12.1445279830533,10.9815138262647,11.1790969042568
13.5600484960131,11.3931304559645,12.2946973376138
9.8740484354824,11.5876331733135,12.2643566767368
9.87327692325351,11.5285600728599,12.1958271509027
10.7724894863974,10.7746042882256,10.7768499756082
10.5716813679872,10.7733634859047,11.1061021658796
10.7207698447009,10.736552469091,11.1331097896319
10.635031898723,10.7573901563278,11.1100133458321
10.7012364208749,10.7965904619084,11.0845163768702
10.2573394488104,10.8443865693747,11.2030684401341
10.5515022236178,10.9144341032386,11.1775287192716
10.67873293628,11.0269707044603,11.1522056744923
11.7143577300547,11.2373495059911,11.1271120708472
12.1043429335253,11.5912908467452,12.5252223057347
13.7579768406862,11.858438519508,12.5005603167318
12.811569789055,12.0983527328664,12.4762842295774
11.7719673002215,12.0396947737881,12.4525204345727
11.8204133444595,11.8285742020146,11.5204418784458
10.957222939091,11.5773732242373,11.4976860899557
10.6686655327487,11.541477227701,11.4757361377446
11.9432251858305,11.4865561011719,11.4546700536381
11.0544211157226,11.4731391226367,11.7453451110538
11.9281237293385,11.5194551355154,11.726583942637
13.1561883686786,11.5139914719625,11.7048434521709
12.4144047723319,11.4439028073557,11.6801267571617
11.1822678337459,11.4279389499934,12.0007488562544
12.5258035964372,12.0664592517702,12.1213215856328
11.9638834794404,12.1163382740568,11.9994282225414
12.2261269301988,12.0732996267431,11.9754017264063
9.305734516257,10.0454184060461,10.4035415406331
10.3018796254741,9.8985739729875,10.3796149228314
9.02284612247845,9.86299094276738,10.3577832014241
10.032889311883,9.98616066559279,10.3365704119263
9.55884998306923,10.4477817491307,10.6363412165771
11.2408966397102,11.5505279826563,11.42305375072
11.997392698638,11.1499399738839,10.9443819354578
9.75637432792696,10.3949236270023,10.5417361100816
9.73729563828108,10.2133267224795,10.4586040192125
10.4729209787627,10.2183679547613,10.429317962537
9.08139611162946,10.313815843614,10.4001743074415
9.48802359376999,10.5527310311993,10.3708483132291
10.3864295025194,10.900566257394,10.9653429253395
11.3083202355674,11.0696398155608,10.9350707752798
10.6204670797354,11.0547070603514,10.8985559303072
9.43178315123589,10.8802302644078,10.8428881213741
9.86752139333665,10.7598429178124,10.9289664374439
9.62593310741603,10.7768865568705,10.9145713964738
12.1143619189938,10.8135083090513,10.8890597994532
11.3852515520863,10.8703046971094,10.8630253766458
11.8719096743014,10.932353619693,11.2428704103648
10.5953137263103,10.9947367911696,11.2168845196497
10.4953303500884,11.0591226254871,11.1909260410278
11.7510480938178,11.1416564879836,11.1651569095262
11.555195252572,11.2266430569251,11.3227707749935
10.6644124089507,11.3279634390548,11.2971573412737
11.9599026776826,11.5298175280136,11.2719810988778
13.2350491828931,11.778559681305,11.2471666548353
12.1848241487478,11.8948284416294,11.997284118851
11.8572844147093,11.972914127638,11.9734298493978
12.4854731393402,11.9363600074445,11.9505637278486
12.4303939870631,11.7718309290209,11.9293073244174
11.5606511085736,11.3073529409723,10.7254801511311
11.8659925167878,11.0135691390772,10.7053022065067
11.0920175804834,11.0345289006404,10.6856508384948
10.4572584217606,11.1076661874125,10.6658407907086
12.1302317651229,11.2209590429762,11.1002988237165
12.3054825627932,11.4262233863663,11.0856995528698
11.0170249523469,11.5783973637832,11.0662092808828
10.5556447675279,11.6996973394119,11.0482066312211
9.19848225401586,10.2517497449992,10.4256882200522
9.43343870632545,9.96313762044945,10.3747958168992
8.19804725817581,9.89566718255354,10.352640098327
10.5676244239257,9.93467945008383,10.3313621316175
9.69844908435663,10.1800850114332,10.6131186555669
9.51208105219899,10.5976128384911,10.6223742036393
12.5021399042169,10.5302889243475,10.5785958972543
10.0473816932145,10.2352743996303,10.5375413351925
10.5762007840847,10.1016788221076,10.4560234994719
11.5288554116134,10.0859844644051,10.4273911932926
10.5229865458247,10.153458193249,10.3988870678884
10.3140681299153,10.3548417654247,10.3701328074614
10.9128913398236,10.6285292806092,10.9651063722746
10.7235558697725,10.7849344301622,10.9360355881321
10.6001951260827,10.8179185255666,10.9065519986488
9.37278072363358,10.7968417984176,10.8782073229134
11.5572654941154,10.7864680045593,10.9411323780182
12.0755148884811,10.8102263954028,10.914577617627
12.2155549992772,10.8569289660853,10.8881476228477
10.478993147418,10.9231791121643,10.8615207112745
10.5894213772088,10.9940560440808,11.2409007237447
10.0302688942088,11.0528937485706,11.2142657057252
10.1624504309737,11.0866682143023,11.1876833627034
11.0093031300708,11.0669112853558,11.1612289979856
11.8206700843028,10.9877717370635,11.3180313301764
11.0418004815961,11.0392895641662,11.2918564799828
10.4908786182355,11.1831266650193,11.2658425280561
10.8650183857081,11.4799271911009,11.2399618095182
10.3669254083429,11.8893854539503,11.9885195094442
10.7330158174747,12.0053535233618,11.9573468641073
12.7935334130235,12.0329677750788,11.9359624458564
12.0803987254499,11.923980856135,11.9185233575381
11.9700997288605,11.205701019848,10.7145736900743
10.9523159557926,10.7847001606568,10.694683888472
10.9192291953023,10.7535228964485,10.6754449581704
10.3936953657578,10.8524497486625,10.6568855848513
11.2277965396975,10.9454265245741,11.0919334497328
9.44749337745288,11.0904802385404,11.0745847561848
11.3642350559896,11.2321647810882,11.057227221708
10.7169790807699,11.3864837178092,11.0399209156906
10.2903112766194,10.3937105149542,10.5256629512006
10.1127137003445,10.0717157139343,10.3692103681794
10.0945364641789,9.9586065744948,10.3467730867177
10.0405610176517,9.9199874668898,10.3252996393734
8.02256137144609,9.94259152899106,10.604450124805
10.68818495134,10.0608134661662,10.5827412025605
8.82404970651062,10.0545654053629,10.5576022640046
9.33961865028301,10.0611873107906,10.5312042044056
9.35904367222709,10.0885151013162,10.4531122354526
11.0803159097559,10.1128533678497,10.4254922382729
9.49001069141973,10.16959561501,10.3977068330048
10.8338805980685,10.2963055663774,10.3695979190009
11.1646342194796,10.5240325348979,10.965041845306
10.7787033546595,10.633231036834,10.9365555221874
9.72933129617896,10.678378501234,10.9081555354994
11.239795182535,10.6856496035159,10.8799987426913
10.8134530245171,10.7236500415411,10.9422042790182
9.49606275524352,10.7764160798559,10.9149940774169
10.9779674243011,10.8499216045363,10.8878043281775
10.8457457641185,10.9291594900931,10.8607801810662
11.0248762726829,11.0315299363179,11.2396755039926
11.5007651086311,11.1091825263712,11.2124268057929
11.0362765028953,11.1493907266637,11.1853806056878
11.0054274213546,11.1107769452578,11.1582146383577
9.77429003446638,11.0122167684954,11.314343255459
9.68752454538236,11.0025240708859,11.287360063193
11.4923745479831,11.1303896168493,11.260643993089
11.7412245679995,11.3508833467514,11.2337062328051
11.9936177902708,11.75508435149,11.9801087721665
11.5306450575311,11.6748749501992,11.7391720507463
11.1309940298161,11.9024122025392,11.9069005267999
12.5067317705799,11.7801695964608,11.9076435429251
12.3743268529514,11.1942446248687,10.703959245198
11.2078511630723,10.7825769120281,10.6844656454866
11.0006081248301,10.6563732247773,10.6658427419535
9.904316336802,10.7706851545755,10.6481276508376
11.9122743228255,10.8527629680966,11.0837415768339
10.9159555740051,10.9933552822187,11.0667665066672
9.57985924127728,11.0869582429341,11.0497438873744
11.8650869144748,11.2039736881803,11.0326012852582
9.49127412441678,10.3932348192216,10.3839986383187
12.1248805794293,10.3061445447288,10.3616435107118
11.5318733531335,10.2057981668093,10.3403582272462
10.6506439810919,10.0671088213505,10.319023038782
10.3031871245131,9.93319381411423,10.5978266671714
9.65495807879699,9.87093362217172,10.57534874455
9.29963727466797,9.9316585025701,10.5515500847345
10.8134747938754,10.095422887114,10.5267996622762
9.08907531075337,10.2660223281315,10.4501294171605
10.5901085874487,10.3801202340958,10.4236070510616
10.2961856201761,10.4019111760878,10.3965810095161
10.951351237868,10.4547235064654,10.3690307545612
10.9552107517342,10.4588669788639,10.965063067063
10.6657573338056,10.4662902463735,10.9370519842557
11.0676083174912,10.4546571094617,10.9090351108422
11.2644184763031,10.4774337478226,10.8810993472208
10.8499827475079,10.5624675562729,10.9431773995008
11.0123357612486,10.6616132798723,10.9155875894487
9.1137134368249,10.7645387186466,10.8881064029762
10.7643194371554,10.9153467526193,10.8605595485568
10.7667187371089,11.0722819937362,11.2391082199181
11.8722509461699,11.2145711321197,11.2114575158818
12.5021106287691,11.2822020391432,11.1837072225104
11.5955271050205,11.2861357323147,11.1560313373103
11.3598164971626,11.2007451807607,11.311551739798
12.5059541687785,11.2070541782464,11.2840562836316
9.38613622546689,11.2804091932426,11.2563854135059
10.7161769357758,11.3926092643669,11.2288910808976
12.3609278125158,11.6520321761382,11.9749427478247
12.2030623145316,11.7688510733512,11.9419898616966
11.3435739861912,11.6885424906559,11.9146650744202
11.9608347544703,11.4653447715451,11.8936296576315
11.0727505508314,11.1338120727647,10.6918899459428
9.79476938005939,10.9334850184283,10.6738817125711
10.6300337456811,10.8965590237484,10.6550825049587
10.7659622621029,10.9783779828843,10.6393424746229
11.4272871254914,11.104507710175,11.0766088393748
11.2900970601422,11.1944597677895,11.0600522359652
11.3409683478881,11.2028483029081,11.043378805767
12.8066550615779,11.2417068130965,11.0263672107091
9.51137246430845,10.657543043356,11.5223575248404
11.8073281920111,10.8401900966962,11.5018518858861
10.0068046971413,10.6891969169637,11.4810305309634
10.025818712513,10.3933045666226,11.4601823626447
9.0323357997303,10.0252275600396,10.2590220161517
10.3178494841609,9.88905008719649,10.2369395990768
9.77881112647982,9.99780094905042,10.2140827752296
9.86347938233979,10.351227131815,10.1903388063564
9.69442283329491,10.7476446339721,11.4563234155591
10.4264774693348,10.9501056049327,11.4307005462414
10.9759856752199,10.9311679361533,11.4042704388703
9.83430393479095,10.7120179870613,11.377375454185
9.40634894890065,10.3488138803643,10.283209842923
10.2957422184839,10.1894516989389,10.2556305046729
9.79069173575636,10.1341406986355,10.227839808132
9.34974489673598,10.1875854953268,10.2000683119577
10.9071317903008,10.336575961637,10.5851862678582
9.61331741103394,10.4651370151871,10.5575303101678
10.8586068040019,10.606239740331,10.5299407268623
12.6605458502113,10.8013824615873,10.5022643335283
11.2797139582603,11.147864701242,11.8212920849084
12.8216031933038,11.3685343811387,11.7930768358591
11.9742055028275,11.4639164367964,11.7649635860569
12.4975303269148,11.4896564181375,11.7367316182798
13.1025762324559,11.5170857577648,11.9213810946977
11.7472035892952,11.5521602908892,11.8931770899668
9.89177228434355,11.5772302212954,11.8650976295387
11.2866754235616,11.6057773156978,11.8368290898406
10.7310220430916,11.5894858729091,10.9034719429255
11.3625737948619,11.4909369147356,10.8741841383173
9.73734645552457,11.0642347610525,10.8258275149455
10.6240591144417,10.4007193346535,10.6457831546354
11.6437866633859,10.7328159049307,11.1588183539989
10.953283160837,11.0690148308588,11.1789110632027
12.0488399024943,11.02695489204,11.0497852122919
9.70155793856449,11.5054962944878,11.158663491015
12.1213170820178,11.6252414234961,11.9500452610143
12.8375537183482,11.5812874285475,11.9343819750615
12.1808759547972,11.5742594191294,11.9180220741973
12.6913544397484,11.5575753996426,11.9012919303056
10.4796289526241,10.8427009471957,11.5144246719762
12.0640361535297,11.1332257441489,11.4944689963605
11.2505568246136,11.0791779186927,11.4743031174701
10.9654318663143,10.6586766728133,11.4539477992373
10.0477228978383,10.0853274544058,10.2533795681464
9.6985680833036,9.90471601757091,10.2320095440101
9.84365615782462,10.0485224629761,10.2099621323965
10.607169240826,10.4910051093113,10.1870733207846
10.9076127108261,11.0126656029558,11.4540276443241
9.65130370578838,11.2372304685709,11.4294903718872
11.95039266666,11.1903617170811,11.4037778720244
9.21479166818566,10.8577762735228,11.3774123884658
9.58106249459152,10.2892502925105,10.2835942744983
10.2736353193388,10.0234673082114,10.2563354766728
9.34196054025016,9.96735037325297,10.2288578565117
8.80462968387737,10.0572454784579,10.2012717649631
10.1883793755747,10.2414238283356,10.5864720443945
8.49849449375943,10.3737428605879,10.5588556544507
10.3113503523941,10.5221567185423,10.5320972129063
10.2746929170881,10.726345848621,10.5283169291961
11.3670680810558,11.1379611216821,11.8263652763078
10.7798861995601,11.4434906799124,11.7937121467396
12.7227027962651,11.5786183949082,11.7650344670728
14.0934205485977,11.6376661003986,11.7364344485573
10.585397369035,11.6950059645712,11.9207279045089
10.7096896460244,11.7538805796183,11.8921037437897
11.6198161659444,11.7599826898902,11.8633649926225
12.410271040107,11.7119134002751,11.8347399404212
11.6851259977451,11.5810421559691,10.9009258397446
11.7856733682772,11.274585996891,10.8691279810278
9.78808283489274,10.4282876405973,10.7730378862833
9.84792656184668,9.28542125882268,9.39478865960553
11.4436757088347,9.95542276960027,10.2729375760997
11.3753822851424,11.1646330567888,11.1392699519498
10.7436143703582,11.2594201885054,10.9972924291309
8.44087897718346,11.8791940390521,11.1536424617285
12.2479370488359,11.9049580077308,11.9458051033927
12.7707941253963,11.8657573822787,11.9306080899304
11.7472247869085,11.8546477848178,11.9162029310379
12.0957537468097,11.8424377617183,11.8982349709268
12.9459365091941,10.9051320777201,11.5065130374518
13.1389671808141,11.1897069116731,11.4870154565787
11.1921036889119,11.1528931947117,11.4674782627876
10.5730801630404,10.6939165007854,11.4478083986016
9.16310386558652,10.0628508111309,10.2479120214545
9.97664700031794,9.85213730567327,10.2273911913323
10.5139930859592,9.97216442295124,10.2061985212388
10.2126447860247,10.4622783954729,10.1844679915937
12.6000840156814,11.0491760358084,11.452864125698
10.7803849141653,11.3026079317405,11.4293606413671
11.4451830189102,11.2543216149085,11.4039715125906
11.7981184138816,10.9231685258341,11.3776168385346
10.9282733309648,10.3521183583872,10.2841429425493
10.861310728784,10.0940710010708,10.2572289610583
9.54688711763889,10.0541807172945,10.230028450461
9.50969492438497,10.1501330216817,10.2025904042638
12.0150535127056,10.2968932627533,10.5879160112934
10.4706258609773,10.4324243499738,10.5604293213972
10.2766613347045,10.5522735467394,10.5351936883326
9.52104564226405,10.6652791546395,10.6385521492168
9.96621441363851,11.1995610716503,11.8286274072928
9.57176610315645,11.5188666354879,11.7949890954588
11.1700583378429,11.6739332128657,11.7659559496913
12.1307723289587,11.7358489728009,11.7371054588682
11.592100164782,11.7574957533864,11.9211208807804
10.9305997192755,11.8159331602875,11.8921706700669
10.9412225117473,11.8010896174298,11.8633095965502
11.8102282739008,11.728889681711,11.8343611423935
11.3282649489426,11.5669950921362,10.9003569511423
11.6159815285673,11.3478648911002,10.8701390884791
11.0495501504343,10.9929128538901,10.8281219008526
10.3137642838708,10.6230283308802,10.6366767867941
11.5416437803024,10.6670305979896,11.1191898192697
11.8355864803857,11.3576107480259,11.1670538647023
12.1612197500144,11.7760994431119,11.1639600690491
12.8549361318018,12.1382264948818,11.1556556581026
10.9415845028121,12.0866850442483,11.9436552967439
11.2274465497063,12.0444772573025,11.9303410702146
12.2906418349812,12.1303282122049,12.03192787021
11.5198675775818,12.0681530774518,11.9091376899931
11.7812871662559,10.8665881081254,11.4984244858565
11.1439661764271,11.1401667887875,11.479467531723
9.78781979404336,11.0587945578607,11.4607473520078
10.0713421198308,10.5883602570387,11.4416583929778
10.1893593895543,10.0360215521934,10.2425626438863
9.45234778625565,9.8116168191144,10.2228582204969
11.3910448867624,9.91148650491907,10.2026435093435
10.5772613743063,10.2674076548476,10.1823276774849
11.8720986074436,10.8939304176147,11.4623419641279
11.6943852505601,11.2392974054128,11.4482761288531
11.8753523056006,11.1809384494413,11.4062650259047
10.3894717176367,10.9624181568784,11.3781812708899
10.4682351749663,10.5148418956342,10.2848664153074
12.2103408326231,10.3473112356028,10.2582083505838
10.6169684716326,10.3093180629669,10.231260162085
10.8996457623909,10.351033054736,10.2039965240842
12.3953023246921,10.4877887781283,10.5893060099151
10.7727710934343,10.6005678703429,10.5620073323982
9.41616586575235,10.7363985105389,10.5357224022834
10.2670863837388,10.9632409958716,10.5096567677317
9.67088287653219,11.3551953867905,11.8275313053718
10.6707954258603,11.6382673647069,11.7966268480071
10.9514021888245,11.7817614465838,11.7676922202144
11.8443321682044,11.7887544227899,11.7386938138425
13.305226852955,11.7235310286292,11.9225815809158
13.6646340480583,11.723298631027,11.8934879523633
12.0910196965085,11.7360856175826,11.864548997003
11.5641804181055,11.6754474071429,11.8355526850017
10.0151742383331,11.5653955760366,10.9016262040029
11.5639809544001,11.4203753325209,10.8723262206715
11.6818011762327,11.1760555227509,10.8413394017514
13.2637244788782,10.778726441045,10.805846716134
11.7991654206407,10.0721693483396,10.6653975370655
11.755412011143,10.7202995858399,11.1029174262118
11.1012978136023,11.6716259629377,11.1669536325696
11.4706691306982,12.0694369226428,11.1552310400572
11.6351740723065,12.1049616913942,11.9427073153777
10.6061937585785,12.0947105375891,11.9296246128054
11.4816631372292,12.4012479243741,12.2212261096845
12.8856363489082,12.2842029360826,12.094460422354
11.7214856164935,10.7238233134026,11.0603471282601
10.6905530370731,10.9562725459814,11.042135356797
10.3957554209868,10.8233719178311,11.02425300093
10.7680684028421,10.3801151957379,11.0062774474226
8.46226403279144,9.90578211075571,9.99195148473186
9.48778805203295,9.68054463747507,9.97304621806439
9.14611349934427,9.71886216597893,9.95371857848856
9.26399086202739,9.96217148201981,9.93513303359315
11.0119889720389,10.5233934241146,10.5574221006554
11.1849897131751,11.1774273653077,11.042555711951
10.0779127441717,10.7803502742014,10.348322396174
11.318489024787,10.6859762898264,10.3046014275168
10.7205188550916,10.7894000096757,11.2182528642131
10.7277533643528,10.7163110720985,11.1919876069461
10.1460322891054,10.7081286137548,11.1652847895953
10.2211221988171,10.7378429272862,11.137662436224
10.6546716984058,10.7391421348281,11.348733332708
10.7796956836298,10.8509725312131,11.3270561821054
11.147252422108,10.9711658303492,11.3002810582999
10.6360204949424,11.2228251889052,11.2725488578949
12.6792168737546,11.5706585211506,12.1753663917466
11.0135894601916,11.825018622369,12.1466786375031
11.137049493674,11.903332377669,12.1178851794051
11.8034173504051,11.7905894790191,12.0889177460454
12.055121182609,11.619711921882,11.4414373522613
12.455839635744,11.5025278957857,11.412411672799
11.8570629836209,11.4834757366117,11.3834778192663
11.0094346649251,11.4929485669123,11.3546303028674
10.6990899869974,11.5186457930221,11.4136561346651
10.8848305360839,11.466267162465,11.3849562485529
10.8851938643515,11.2576889289884,11.3554495480345
10.8833290313684,10.6136168152636,11.2721824371559
8.91514730684615,9.41920637964697,9.50804773732683
12.2935227472926,10.1410608807778,10.2330073180944
12.4916704633439,11.0965595805309,10.7081823935721
12.1520261023961,11.5753684680577,10.7031171693573
10.6064622191415,11.8426211543138,11.865113238786
12.7302147447774,12.0094777670186,11.8500513750771
12.1745772628316,12.1448665959521,11.8440765596777
12.4703624060698,12.110803655534,11.8187133846504
9.59830521067802,10.6061932998965,11.0440704472631
10.3668812889957,10.7972416837626,11.0333952419175
11.2787370304185,10.6927201026992,11.0175696495227
10.2275001406742,10.3062061464352,11.0005358316083
9.31075456728934,9.86474029350103,9.98712711087079
10.1121409048792,9.63839305054721,9.96894236371962
9.82435301478831,9.61608767428258,9.95027944325568
9.4217105574173,9.78090797751471,9.93165686349439
9.69504194154784,10.0271118735617,10.388757849218
10.2886076595073,10.2479782073469,10.3772169856703
9.32703229302623,10.2822503827807,10.3326772892942
10.6265301976458,10.4616762389865,10.3019217691425
9.59978979765086,10.8089551716536,11.2186159682346
12.8218340741876,10.964379843005,11.1932951930015
12.7316268120192,11.0155418543609,11.1668892583821
11.681098175152,10.9985443048363,11.1370350931755
10.949680883023,10.9293877220916,11.1794834080664
10.8052177838726,11.0048671946123,11.319431365128
10.917180284305,11.1450967596742,11.3020884197123
11.6353810687402,11.3759499434717,11.2750671834394
12.9118864169168,11.7017722059095,12.1780546996074
11.1854446239065,11.9289594173765,12.1495846765988
12.0620662944325,11.9706593763249,12.1209417422382
12.9108294401353,11.8026539136092,12.0921642692743
11.1752439221672,11.4910258848774,11.4447843946861
10.5117778472432,11.3508954562724,11.4158726665986
11.2802174005301,11.3286586543116,11.387182030767
10.1747236501704,11.3844883906843,11.3586421697251
10.6226147598323,11.4704766385021,11.4179717592611
11.3354053918284,11.5103266196148,11.3899386254018
10.6676408623903,11.4099299489842,11.3619851057605
10.6093665755666,11.0253973907731,11.3230503391486
11.0704591902674,10.6830640475292,10.7506612650569
12.0639901046597,10.547773820581,10.7111273788544
12.1403806406505,10.9871592653721,10.7223146600689
11.4668453133173,11.3042737083839,10.7067207996688
10.8215713917868,11.5931197750342,11.867006982323
11.9501763070766,11.8680098147586,11.8497035842573
12.5239972895872,11.9842631052287,11.8323718708114
11.3247516246689,12.0103623401139,11.8147968100545
10.1256953845406,10.4708212003933,10.7998813960436
10.9893271826768,10.6899232314911,11.0184369997212
11.4224420895312,10.6373550962947,11.0112901700155
9.86446855329813,10.3384270470625,10.9953663054573
9.80112098928659,9.95161283350937,9.98272578226893
10.8693886487684,9.75393048011284,9.96503862246244
10.1273611446407,9.68660824498749,9.94693224418912
8.24285167234804,9.72705023554301,9.92824900895888
8.82649245086766,9.78809392515366,10.3712454172988
10.2674194412197,9.88686262666211,10.3500840168922
10.5069834740469,10.0743822315497,10.3060980211231
10.4128881520093,10.4149197428371,10.2782391687022
10.5209710540938,10.7807066558348,11.2183855184894
12.1080251493708,11.0151518577262,11.1946193065054
12.046129341538,11.1170431180124,11.1690325773157
12.0085367751748,11.0912453784635,11.1261582414524
10.5706199683696,10.9978015178281,11.1399204700861
9.98699097593567,11.0431062255585,11.3201107194306
10.9676457456704,11.1746721312433,11.3050407767556
12.0188086559089,11.4044404957837,11.2782177414389
12.5255248369244,11.7361243439085,12.1813335989158
11.7428643568799,11.936554148829,12.1530822641457
12.0184546063355,11.9091486689622,12.1246285583547
12.2313964398573,11.7347819771226,12.096024940633
11.4038069297224,11.421018567069,11.4488447770616
10.4342284030806,11.2486193153887,11.420246734965
10.7506029372965,11.239435199298,11.3917759471322
12.3026935444205,11.3430628607946,11.3635787570494
10.8310712929535,11.5304694146913,11.4234281474531
11.8744716791097,11.6459013366631,11.3960313292632
10.2596865420642,11.6051509339883,11.3691541951586
11.9887840068472,11.4210887957893,11.3430099881719
11.5953022634208,11.1213569774473,10.7713129191861
11.319908173867,10.948926823798,10.7492008753628
10.7885632407769,11.0433679291153,10.7300069723262
10.3500039814565,11.1940426577167,10.7111413547176
11.1101865516142,11.4779304944737,11.8699864930566
11.3272076930346,11.7437874867645,11.8517704769683
12.5352508386062,11.8752848308997,11.8332613135932
10.8493220345469,11.9205212698188,11.8147258204284
10.3975830330457,10.3011848679488,10.7194133088349
9.97708413485317,10.5207504981296,11.0106123088445
10.7573375905285,10.5666156025786,11.0065731518888
10.6940846620822,10.442928830808,10.9909920901019
10.4330112157603,10.1320486826407,9.97878923184036
10.227394499329,10.0352065145327,9.96168540474708
10.6817145295427,9.97761592114472,9.94396367736566
9.64831871665984,9.95061379537211,9.92550839222271
9.55433897216275,9.96484725792904,10.3680783201889
11.6329161407148,10.016541766795,10.3474197561095
10.8872876364968,10.1725502470788,10.325131128634
8.5435100479282,10.4028304840861,10.3023545809359
8.79595056288492,10.7636590102298,11.2203319388332
10.8704269669425,10.9764012876865,11.1965273711315
10.4400469337654,11.0962242846831,11.17194968081
11.2317435304235,11.0968582953433,11.144067871009
10.0019309508405,11.0502671508206,11.3614138865764
11.4086595756813,10.9966748496395,11.3348861221971
11.2489120695644,11.0752149108831,11.3093161430132
12.4252049290819,11.2756345745296,11.2818958397791
13.0623697580198,11.5897036208097,12.1850265170652
11.5964613014349,11.7692632557242,12.1569712518427
10.6624717901368,11.749360406528,12.1287536614471
10.6908729689012,11.5876179369,12.1003714952352
12.4272566882949,11.2801843406682,11.4535174011763
11.2918114931325,11.1294352433466,11.425283087677
12.7989298937112,11.1655312214541,11.3971622759468
9.91052713539499,11.3548946181315,11.3694017828858
11.2760033202534,11.6351291713006,11.4295986325305
11.7022867111441,11.9192900215429,11.4028058055046
12.238683167846,11.9678834834063,11.3766462841199
13.0353222454915,11.7758017541422,11.351449482517
10.7921449796086,11.3982648449761,10.7800351105271
9.93026712217867,11.1698493253205,10.7576459207506
9.44265888752407,11.1119346955609,10.7364611993664
10.8751576229589,11.1803385322084,10.716368849871
12.8731139963645,11.4090642833875,11.8741894365761
12.7590363713413,11.645505034832,11.8548759888129
11.1886851086825,11.7437833432014,11.8354639818313
11.1427088293291,11.8013134811595,11.8161750788623
10.1439493417278,10.1255004946435,10.1624457644473
9.69417384519548,10.2567178615365,10.2955403788834
10.13677361226,10.3304837237948,10.287387942663
9.9161491616169,10.4294445100968,10.2719343821845
11.1691656379055,10.4690641792184,11.3282552804088
9.76407661191567,10.5765011740938,11.3115883699139
11.0545773939711,10.5703903012262,11.2943163153228
9.33642353842311,10.5539164477089,11.2762326653214
9.19574504913001,10.5570523243415,11.3682938503899
12.1803997878426,10.5936703283751,11.3483438283807
11.0011204623961,10.5950935668076,11.3272505299878
8.85640869180237,10.63372742369,11.3055423386059
9.8264571787371,10.7211389923075,11.3934253053344
10.0663731625967,10.8857799536813,11.370740751167
9.60699529754163,11.1485228489183,11.3494996739451
10.1806835454957,11.2642033980834,11.3265459826461
10.8244411855904,11.08827492441,11.0642804909829
11.0925766324427,10.8812892927716,11.0300922851664
10.4150604220539,10.8513610772102,11.0024179064281
12.1317844169292,11.0301839619667,10.9748430695814
11.7051112332963,11.2752959764789,11.2468943586394
12.6452069066219,11.4751787139553,11.2190521468079
11.4240558959245,11.4834813441413,11.1911327089413
10.6781993247093,11.340014680552,11.1630857091593
9.98549155376814,11.1047406114785,11.12741649267
11.9344163687369,10.9991457346221,11.0995157645285
12.9766713430755,11.0326090787106,11.0717600403754
11.0854868321787,11.3132038785946,11.0444181354341
12.6759611645223,11.7839783722582,12.8079202831595
12.2523674760739,12.2506967326011,12.7815574342196
13.2714608283378,12.4450265820567,12.7563942681197
13.5337573291517,12.2271861947231,12.7341303445191
11.5602737421637,11.762604922112,11.5841281898059
12.0904658374214,11.3676892109067,11.5603005353016
10.6159696964379,11.2792833823588,11.5386519915452
9.32495067835329,11.2903825686471,11.51923800777
10.6199579853802,11.3511473712343,11.2104534938575
10.01366324923,11.4602994102413,11.1901457714501
10.9061349522852,11.524109020651,11.1699324154561
11.9459315153132,11.6004356543191,11.1500429194528
11.1674732513187,10.0066821274473,10.3140335578482
12.3011521324754,10.0629899536157,10.2993925330908
9.39139612441246,10.1977588395807,10.2844062294749
9.82235376788287,10.4542510313079,10.2688968175498
11.1227179602929,10.7810381354462,11.3255331884532
11.8926821843033,10.9630098634026,11.3092493816751
11.0617776024905,11.0580451457545,11.2923542178653
9.93860664339086,11.0547400564376,11.2745903696894
10.4872487771399,11.027791536798,11.3669840498383
11.0777147071927,10.990951764108,11.3475004432751
11.2587430258201,10.9267011560722,11.3270662300124
11.4355472979168,10.8004972737407,11.305913099433
11.6371115860455,10.763403587043,11.394415220467
11.4400725643076,10.8629359054767,11.3726402641462
11.1407394954392,11.2699582612633,11.3557894106271
11.9516228240842,11.9864636758126,11.6919991207407
11.1788184044872,11.2727865956956,11.0888936049019
10.819246047664,10.7885038906377,11.0348536082699
10.5193850863709,10.7197852168767,11.0061421372755
11.2444682759594,10.8290044186581,10.9785578932449
11.9922001522895,11.0287559005822,11.2508843009187
11.2438217095962,11.1622798754436,11.2233407294777
10.1852695417411,11.204336712821,11.1957509136199
9.98437689460541,11.1269543696424,11.1681059089249
10.0728003107253,10.9491319622556,11.1328203558655
10.9391753880068,10.8992670882437,11.1053055702028
10.4663369830905,10.9634248544174,11.0779605134209
10.5658278680643,11.2656475237942,11.0509603112721
9.92524778731782,11.9119833662035,12.8149030557674
10.0823992731472,12.4482176643202,12.7895232203787
12.0452926557262,12.7434036735265,12.8108741328898
13.3522988473841,12.6796851324714,12.8647697769362
12.0743279196076,11.9733031359338,11.5924510252059
10.4913262618675,11.5466163698741,11.5675672242918
11.2403655490321,11.4806724344981,11.5496842108947
11.2881124206735,11.5197698062788,11.5823332872519
10.3624278091364,11.3945777757021,11.2181464242466
11.0735950535335,11.3446204999522,11.194518646356
12.8646807867865,11.3680968497406,11.173545483976
12.8466338280519,11.4485097010319,11.1529024850554
11.5593852966951,9.93117639891293,10.3137788069207
10.9944196736916,9.9662134499603,10.2974720925921
9.28920996572999,10.137672021679,10.2817288381598
9.56641550474616,10.4937103287786,10.266246181392
10.4297997435486,10.8138634097429,11.3231413812897
10.6981829263515,11.0298715924911,11.3074196897451
11.3972044134642,11.1947004441405,11.291004178972
10.1294997299756,11.2415165395164,11.2737022318153
10.9164408359546,11.1784738336127,11.3663477857767
10.7944773326228,11.1395221780847,11.3469861532089
10.1001792103668,11.067544604847,11.3268288142282
11.3893139274033,10.8940097281731,11.3060630854431
11.3075513259082,10.7385691687892,11.3949432585197
11.7308689777141,10.8206923368543,11.3738886363486
10.7529335088831,11.2881762134669,11.3771187152694
11.9985177751281,12.2383242915221,12.1779684360849
9.8693412786445,11.2931212926318,11.0964967647721
10.1684217630863,10.7407210891806,11.0374066720864
10.0226528386696,10.6490957404461,11.0090859695634
11.228101656282,10.75622186914,10.9820923035637
12.217687304382,10.9291125729107,11.2548088499056
12.9017899855684,11.0298078668101,11.2277133310164
10.2258274255197,11.0699893515359,11.2004980616617
11.3985941714264,11.0191709621327,11.1732519944814
11.8247503589053,10.9186852580926,11.1383961340377
10.1764816236151,10.8887553169338,11.1112810303895
9.10747475398448,10.9676970160888,11.0843220575607
11.3134162069227,11.2948723928034,11.0576403718897
11.2776354127202,11.9854352686226,12.8218286004015
12.3065616019433,12.559502771944,12.7964048696501
13.3012262485362,12.8370646122817,12.7776038967202
12.934910680842,12.7402091848285,12.8070812908488
10.4938795338145,12.0586053652879,11.5989997466282
12.3732295655267,11.6589879410656,11.5748355008058
11.99470722573,11.5743718080211,11.5866343673781
12.2549777660758,11.6677459515163,11.6718124471875
10.7974877895639,11.4243908041563,11.2273747056758
11.7805382232629,11.2913886702762,11.1989660971991
13.3328370185654,11.2773594971763,11.1773048947582
12.79034015191,11.3603180130981,11.1561958746019
9.62371101691269,9.89754705831539,10.311091756721
9.46905209642461,9.91667106468296,10.2947691784182
8.58446292788614,10.0493592786986,10.2791101549245
9.34701597291138,10.3487045131521,10.2639005404638
11.1264931333129,10.6700868863906,11.3212745399268
11.2457974020943,10.8578638612482,11.3064248858926
11.9447313009469,11.0133114692149,11.2930976112597
11.4158844773616,11.1202622034236,11.2791528533281
12.2428126216771,11.1283809567234,11.3661839251075
10.4546631653546,11.0980316758636,11.3466176231092
9.78118315758441,11.0339798274133,11.3265628316624
11.3435038457353,10.8369734928436,11.3060419235648
10.5231861865709,10.6240210504103,11.3951422975075
11.2859689819472,10.643772161034,11.3738933954223
11.466251868933,10.8477883968607,11.3526500658602
11.7449042802754,10.9758694850212,11.2630875105297
10.6373580028857,10.7368494890359,10.8292577593913
10.0399813400392,10.6861967904336,11.0314780983619
11.9161604452122,10.7360675063509,11.0115477409675
11.4776688346519,10.8248956902854,10.9853055304204
11.201890159909,10.8796474730797,11.2585607729451
10.5518455550301,10.9134106622063,11.2319067726203
10.3240157901034,10.9589957316723,11.2052298132814
10.2188489748134,10.9588243988027,11.1783417778743
11.9219192330544,10.9452461393296,11.1439281473722
12.3761550260618,10.960691028766,11.1173233485166
11.0267152079099,11.0671741820642,11.0906914540179
11.2136907222923,11.3665706631425,11.0643072208695
12.6024147776164,11.9138056021718,12.8287236144993
11.4106864118373,12.4014626157362,12.8030128231464
14.0775451834706,12.5718646116243,12.7779017716485
12.2050420531291,12.4924508228388,12.7532295261373
10.8626029402193,12.0579665144201,11.6046020457144
12.158720188965,11.6880127263088,11.5805516551694
13.5012019747245,11.5556282293156,11.5582149470514
13.8297452959647,11.4857282499267,11.5368630862707
11.6052811347638,11.351694707722,11.2259865730801
10.2984428576788,11.2124884595442,11.2031896572
10.277376239029,11.206083566911,11.1812950858514
10.1298644244279,11.3136059710206,11.1596032472258
10.4958604887211,9.86520558917738,9.78024247409439
9.55394899103113,9.87868804845097,9.76432718416055
8.04378409931303,9.9514707328283,9.74906495560356
9.04580026599736,10.0865024862081,9.73430816901523
11.1584689606538,10.2118148582308,10.0456599276733
9.81809606840365,10.3880015044519,10.0347525596715
10.9628454596334,10.7277586825772,10.1806762002466
12.2779263149923,10.9324202476759,10.1146426678539
11.4922256081019,10.9525727151034,11.0839886313008
12.1760294207053,10.9229356849828,11.0625799744633
10.1955827553275,10.8578501315157,11.0423053212569
9.86780629228519,10.6011113752294,11.0218843747195
10.6391353204416,10.3863344254363,10.4348363552207
10.335301685488,10.3887945000245,10.4133309303748
11.1753176636621,10.48710290269,10.3908898619798
10.5036926937541,10.6101130477092,10.3641050398656
10.9190994691794,10.8104451367581,11.6851024045294
10.4615994261904,11.0557344156185,11.6669009620204
9.80665793437916,11.1748550081669,11.6431839204066
10.3129069696736,11.0436091280444,11.6183343228288
11.4656737161143,10.8832886209672,10.7051394895452
12.0613053555036,10.7585944562759,10.6790711313407
10.2028763936647,10.7946484672096,10.6527476553112
10.0412915970835,10.8794262429737,10.6265063298444
12.6894339156616,11.0266744720773,11.4715257193367
13.207153864773,11.1339479835091,11.4452287655018
11.0581924357037,11.2672640895867,11.4189910815958
11.4855304329548,11.4365001841369,11.3928955201243
11.535089183179,11.7481996232387,11.9818024122336
12.3264761261463,11.8772508569895,11.9560940002229
12.3619634173703,11.9847909298168,11.9306133884109
12.6022635307848,12.0512863869921,11.9054706208932
11.1980385667622,11.875854318333,11.8237457101208
10.9261910406512,11.7542792570353,11.7994742401881
11.9528963443133,11.6534110555499,11.7757881430441
13.0993060963482,11.5308108967063,11.7525112582369
11.5990100928351,11.3392605231117,11.0210994644825
10.9966401353334,11.1437552256529,10.9983808217828
11.3078331721049,11.1117420237327,10.9760889513556
9.35306179674359,11.266038022978,10.9540106764699
9.6838114065781,9.7626679425741,9.7711419736276
9.26062514750686,9.78107894838679,9.75952498236539
10.4342533265631,9.82896044842563,9.74627411882527
10.158782745388,9.86575513631255,9.73205775045538
9.22826133992104,9.881752141143,10.0438138461761
8.9506257419584,10.0276304738975,10.0327126677006
11.2376530021283,10.3692289464204,10.2643159783937
9.84868817706395,10.6499769180839,10.2772245666761
11.6701715288421,10.7823460796784,11.092625545935
11.3053869996662,10.8115022902595,11.0615247183634
10.4469199941629,10.7181221537412,11.0417243517867
9.75109753936494,10.463278274696,11.0215868192961
10.0625200383607,10.1888592723464,10.4346977931363
9.562155203537,10.151692260469,10.4132632390712
9.96143307789159,10.2681838497863,10.3909579367913
10.5986110317868,10.6070602626709,10.3678565802439
12.2912741612276,11.0704106201206,11.69490932073
11.9799639539742,11.4759803245124,11.6603676681905
11.171921752968,11.5434809928391,11.6276838778732
11.437911868143,11.2573495229013,11.6209493245211
11.9027017329253,10.8759406984981,10.7085227634931
10.5759956374829,10.6624009961842,10.6828782044284
10.5323427759,10.6561953057506,10.6571839605454
10.8427137123266,10.7561927515747,10.6313275542675
10.9930393192315,11.0248827504032,11.4768247072975
11.305630889129,11.2464331282389,11.4509971643315
10.8968547177243,11.3952741116083,11.4251808101571
10.6316444964473,11.5215492996865,11.3994430867773
11.2576852055607,11.5953917065418,11.9885934318597
11.4942014330134,11.5952743692326,11.9627493244693
12.3292067289437,11.6532418690819,11.9371014332548
11.673623748258,11.6942585918809,11.9117548006647
12.8752835996503,11.7784051530585,11.8297357459263
11.3584530291496,11.7835530068959,11.8052493576289
12.3170292415154,11.7546032858098,11.7811382177227
12.0007364298421,11.6273685571488,11.757399887276
10.2746769797941,11.3593769220979,11.0256686958287
10.9594799831865,11.1430813681733,11.0026772929269
13.3676604127709,11.1064328139927,10.9800120830639
11.9501510611933,11.2029542583399,10.9575724072561
9.73678668870643,9.45289543813014,9.51256798136184
9.15883084899013,9.59483644068761,9.74775671515674
10.0384221247106,9.70823951811661,9.74336333243193
10.2379144395353,9.71166973631509,9.72983566455792
8.60471307166968,9.67516253155934,10.0418416392233
10.3876980182868,9.75217028614868,10.0282341773721
11.3168966195173,9.97939496074194,10.0155256379814
9.97099136287768,10.3270311572534,10.0107517844391
11.7088954969466,10.6693416673496,11.0756481380731
10.689135470494,10.8028903407052,11.0568089400515
11.0048955079583,10.7252089809362,11.0398333971698
9.97943580044236,10.4229846252507,11.0211192865355
9.12088413822326,10.163155445305,10.434454677796
11.0909271599845,10.1033211917546,10.4132376489708
9.72913574266717,10.2736010236788,10.3912049402241
9.10394639216489,10.6936727237847,10.3685719964106
10.9126156721868,11.2602084284302,11.6965752583232
11.4480048766644,11.5965365242511,11.6715002017633
10.7431041760348,11.5626496247248,11.64799430021
13.1205423528551,11.2309611775826,11.6238853343971
10.4153747900683,10.7837987953722,10.7117173732542
9.94482589783191,10.5935660535532,10.6866576438621
9.89986797425985,10.5877373693638,10.6613883401996
10.8962745733594,10.6933894582143,10.6359878271333
10.470357914296,10.9931518746161,11.4819284978338
12.0114792942015,11.2328564894479,11.4565129750877
8.93744484636972,11.4222928912911,11.4311629174197
10.9785394533821,11.6108167830242,11.4064348834902
9.97146015846876,11.6834792241762,11.9996615603862
11.7886246454872,11.6330755315375,11.9696363522064
12.3186589145704,11.6139822210471,11.9433274986086
10.2514253496922,11.6483628404654,11.9177523514869
11.732304275349,11.739378812764,11.8354804478402
11.6007325818267,11.8031421722939,11.8106527964153
11.3161960697201,11.7908998314793,11.7862140558046
12.3162586817941,11.677266087406,11.7622063488312
11.4674680020129,11.4388479529089,11.0301510156646
11.3449643460802,11.1958215889513,11.0068806396227
11.7048880883369,11.0910590462419,10.9838674066989
10.7421435531987,11.1725854990954,10.961100037235
9.43977289260961,9.18300765558847,9.49957219182942
10.1675083795792,9.34875206925737,9.74022103639313
10.331273034557,9.53713244226641,9.7402040938367
9.15000237938113,9.60609997683895,9.72795446562468
8.0338151899185,9.54148553482534,10.040054765123
9.77530788157507,9.60223022344386,10.0257603855067
9.07414879238603,9.81095876021442,10.0104885152184
11.8503812530498,10.1902995180751,9.99339060435574
12.3256153309177,10.6788770066446,11.0213766858047
10.3999203284185,10.9567088733641,11.0054377699901
9.74565667349019,10.8269909466375,11.0396335505205
9.50684966032252,10.5686813764102,11.0207214535948
10.8763092957467,10.2388819086887,10.4342898543221
10.1779885770251,10.1465969870535,10.4132640835583
10.0684901550256,10.2872469588709,10.3916190482873
10.4305589356226,10.6055070959018,10.3693062352124
11.916691024826,11.1115104852128,11.6976827053348
10.0603173876872,11.3728063160948,11.6743075828362
11.7282087373551,11.3410347785386,11.6505185144833
13.0847226116485,11.0559404025184,11.6263878594722
10.2154116966486,10.6636387084861,10.7146738265712
8.7332353912849,10.5036909241897,10.6899969693527
9.80070086683109,10.5117015841855,10.6652757458839
10.2973306586695,10.6363950058358,10.640267040047
12.1085642685968,10.8644391530919,11.4867165740189
12.5823817450803,11.1006072165862,11.4617229932095
10.3972176359982,11.3527780422091,11.4372399919826
11.3759413205574,11.7150023562569,11.4247464961436
11.5300988288117,12.1276972962107,12.1982574035064
11.923961640257,11.935640592078,11.9815378013997
12.7556862427049,11.8680003799263,11.9494057861058
9.90339007905495,11.8232625534232,11.9233371634073
10.2444537229831,11.810406046327,11.8408336697551
11.5830093989074,11.8275498080268,11.8157381541678
11.9498463766404,11.7910674610494,11.7910119380186
12.5071616141175,11.6914277636052,11.7667536549738
11.3764546936566,11.4942934809222,11.0344511467578
11.3471684064643,11.2781350400391,11.0108843662089
10.972834388594,11.1850426589992,10.9875975463296
9.71258740297192,11.2269988056631,10.9646169202301
9.84521412515913,8.85030178755751,9.06393556924519
9.69851272396908,8.89177522425882,9.099452051844
8.87351685191097,9.29158580682522,9.37729464442371
9.11683473037018,9.44027556998426,9.37339376639073
10.7906623396847,9.48427163288483,9.88513347801766
10.5024444463693,9.56497712926579,9.87111820948855
11.1264499966234,9.73109166075444,9.85518662733117
8.70391440364794,10.1846035682073,9.83857402128393
8.84697362021649,10.6809418826323,11.3487237988864
10.1923956682605,10.9821984986622,11.3333525420851
10.7615404708825,10.9336038564263,11.3141055650143
9.79534966994007,10.7466601067235,11.2946995314821
10.0473748830546,10.4955830639269,11.0413722688128
10.9309549945816,10.3987319099327,11.0205937268889
11.2012476706803,10.5075004277629,10.9991914447647
11.1666640344707,10.6533766732656,10.9771693754322
9.74437948256753,10.8162595540673,10.673028518839
10.3028647090622,10.8568299481921,10.6500258702815
10.9828768171292,10.8424850589546,10.6266751156816
11.7494328483273,10.7579965733323,10.6029767168926
9.01799116815488,10.51771690371,10.3322852774142
10.0891350827129,10.4149658338334,10.3079951357172
10.3480614259587,10.4036146550952,10.2837023396317
11.5888626982443,10.4721534788063,10.2591363977666
12.9675991010621,10.5963963622224,10.7929741969161
11.0161346208026,10.8040826536315,10.7684725378623
10.2413924406586,11.0289786903378,10.7441899855354
11.5715599516079,11.5074975191878,10.7231239482381
12.5990527758139,12.1531037931368,12.779337931651
11.6627430362527,12.3419209857262,12.7022762353729
13.0079887199112,12.339978935116,12.6729921283736
13.2856075978056,12.2528317005329,12.6467474765545
11.7549912740963,12.0078046068081,11.8393346991051
11.0578838021628,11.836146962037,11.8138907974994
11.9917933624676,11.7698735888672,11.7890547554988
13.3651859870942,11.6947945566194,11.7646304537623
12.0618139012294,11.5546844728056,11.6006904391682
12.4851532340915,11.4285851428964,11.5769732846356
12.4682061783348,11.3859080006317,11.5534650282794
11.834100744004,11.4220149693381,11.5302779611475
9.24901949579348,9.04941636536179,9.37989189710866
8.67822680652138,8.98032002518705,9.36504362578436
9.89084136865584,9.29495244001605,9.38465172852319
9.31952763795278,9.43317455042573,9.37339615091255
10.1467509290826,9.54833388276725,9.8872643509207
9.61462176970643,9.77872743161115,9.88405152799536
10.0243206078623,9.83764545476213,9.85687542794243
8.44952318791369,10.2353343211721,9.83802262604083
9.85711514749328,10.7061047383559,11.3499420377526
9.93291936570998,10.9899619099804,11.3326187500138
12.4007987117036,11.0280677712311,11.3138321358821
10.2068756643908,10.9262172311221,11.2944372997997
10.2402560884908,10.7728632282049,11.0411856275382
11.0106282402566,10.7242213669646,11.020601020172
11.7351373141559,10.7236201685404,10.9994156848558
11.367615816232,10.6924557942835,10.9777204921542
10.4318892881286,10.6291505181322,10.673900597295
10.0139928951754,10.5661635251353,10.6512947306902
11.5961592502108,10.5346063280692,10.6282915859747
11.1510302032667,10.4455168506068,10.6049338484926
9.49547069458,10.3452521897555,10.3346458597135
9.64888995980769,10.3194407674689,10.3107561795726
10.1085954884547,10.287379264696,10.2868006800572
8.73666646025092,10.3147067523856,10.2627199725111
10.8100455104106,10.3867772660224,10.7968259067048
10.6813952888919,10.533064280479,10.7730538025643
9.36734455679294,10.7952257109247,10.749714527209
10.6352773698405,11.2692216861566,10.7355263212273
11.2958402610593,11.9662061632556,12.7393029480847
13.2904527996602,12.4278775889881,12.7053161034905
13.1610575349571,12.569590798728,12.6776135551019
11.323718221724,12.4857621736519,12.6512843494284
12.0300839810368,12.0981581281397,11.8435389363437
10.6521041868355,11.8378414034564,11.8174858691633
11.772757726989,11.7338128637099,11.7923661827664
13.7529403130029,11.6846553919807,11.7681420288126
11.6336219711733,11.6036117846989,11.6043644343649
12.7304157890317,11.5519070948811,11.5805160703454
12.4834115268178,11.5536637490312,11.5568933508518
10.8068196607287,11.6068750671964,11.5335224002146
8.54722800662407,9.43293491955263,9.41624128889812
9.06260419189993,9.36735993578857,9.39700215675562
10.4438252135823,9.45944270524597,9.38735834293579
10.0807274040941,9.52233866051535,9.37341794227667
8.40847475438645,9.6820981693727,9.88977335942135
10.8314517968117,10.0905906762708,10.0989571661252
10.798178222069,9.98889944921519,9.86334168806906
10.5080349299673,10.2487992291566,9.83742469052353
10.316244915426,10.751973518086,11.3500790191333
11.1392494898123,11.1219468261292,11.3394673294433
10.9669122739946,11.1928693980681,11.3190410425827
12.0011112324902,11.0360123176239,11.2945676235701
12.2783623381077,10.9068348114698,11.0410484060399
11.6079866286003,10.8457245261097,11.0205757340642
10.7035873166604,10.8173191147906,10.999629745276
10.3029171820643,10.7223442094819,10.9781665121785
10.881122312023,10.5831118564733,10.6746242893463
10.6361447698363,10.4940850008325,10.6523407757464
11.1777396259948,10.4317833456067,10.6296886486342
11.8414880171229,10.3588494171179,10.6066810225984
11.2562118265261,10.2957261968426,10.3366958942107
11.2296853272302,10.2990461683484,10.3131820963865
10.330292494386,10.2805223358115,10.2895053532616
10.1606640366733,10.2934440494135,10.2657425035134
10.0123226511935,10.3577126013198,10.8002048333048
10.6205962578521,10.4689930857272,10.7768654850889
11.1508791203297,10.7450561449435,10.7611399604191
11.747771916672,11.2549137574106,11.0761744263649
9.94439395385825,11.9120266543581,13.0415189244622
13.0310785538936,12.3841933263488,12.7143941021625
12.8554641230982,12.5988689919641,12.6818819335672
12.8081429968217,12.4670253597503,12.6552367046692
12.3893448075761,12.081260856584,11.8469772562851
11.6787677806989,11.7615086550414,11.8140420498163
9.75166854985308,11.6444615070287,11.7819803020214
10.5809018655446,11.6604954522522,11.7690317888328
12.3761514865487,11.6409937825568,11.607691958254
11.9022131191668,11.6160188318993,11.5838516896058
11.3288213274014,11.6346379429304,11.5601063603282
11.0464686031844,11.6964381100185,11.5365672457583
9.21908385132506,9.66623171627807,9.4200143786334
8.07280676867669,9.60231384247448,9.40374289171499
10.7657536028525,9.61711279943307,9.3883473902631
9.99579447675486,9.62774597877225,9.37358897777484
8.69039207794048,9.7370526596914,9.88670376223291
9.37436012486146,9.82348342555854,9.87262862528307
10.4427630367117,9.9102519939139,9.85364065438164
11.1287678407371,10.2331605967095,9.83637541201564
12.1412585072018,10.7936118491466,11.3537424138745
11.5154734747205,11.3978589797887,11.5458519492088
10.9779483162051,11.407101661442,11.4691393792831
11.4411359394767,11.0880301456904,11.2965623433494
11.4481096769568,10.9329581419614,11.0407964710786
10.0686989590904,10.8853544911626,11.0204067560072
9.95213435952852,10.8447120137093,10.9997299565154
9.84055936055982,10.7474074317854,10.9785313410601
10.1536973908585,10.6000907685453,10.6752710405891
9.6015000954522,10.5193857054174,10.6532619754462
11.1857284774471,10.4417698081373,10.6308261189299
10.4454444122938,10.3649784029227,10.608158245945
10.800590840514,10.3423016831903,10.3385092276937
12.2246316204256,10.3604070003718,10.3152661020762
10.4599438960361,10.3555636826654,10.2918091679036
10.5840665292203,10.398344980128,10.2682754946553
9.82748668602873,10.4364582781735,10.802955638909
10.7536392310305,10.5293785184957,10.7797682708436
11.8122050419866,10.7974813216323,10.765440327888
11.3049524896401,11.288938211062,10.8845164565288
11.9487316501996,11.8835627328492,12.8178814259797
13.1292315299514,12.2609320961408,12.7176038281112
13.0764439223519,12.4762787397539,12.6853630946186
12.6341673937617,12.4077523268961,12.6586745677619
11.821123586665,12.0516674030772,11.8472727008006
12.029172142184,11.6801509161399,11.7310402014047
11.1811579738883,11.5400362197714,11.60300558034
11.6537009360657,11.6438970497831,11.7710718108058
10.3520952729609,11.6651920353981,11.6109089232122
11.2026182132348,11.6644149072691,11.5870159226181
11.5149524150625,11.6915026383545,11.5631278460436
11.2369013304264,11.7453261496222,11.5394374548811
