"truesurface","",""
12.0351361171849,10.3518319841045,10.7645468550743
10.1367565942681,10.4651728571643,10.800367030217
10.044701840231,10.4471453496031,10.8148422249374
10.6355603557306,10.2327002989958,10.8004426611513
10.4443322153154,10.0125841494062,10.1463472269088
9.38325892783082,9.97039188133613,10.0880444586637
9.79562247421427,9.98245451767331,10.0298792598064
10.2423817392499,10.0540899513401,9.96206725620587
10.8892525671573,10.2359208565018,10.267987196393
11.046398099292,10.358039928749,10.1843512118753
11.6496970256352,10.3653894580733,10.104498289105
11.8292762152004,10.2335208148505,10.0329612370882
10.4806912898882,9.98257729761034,9.44083185046191
10.6725956654065,9.94703978837345,9.45041904461163
10.3569005278433,9.96607614219798,9.47496531305327
8.66131157989911,10.0646236730243,9.49653746302719
12.1145462158351,10.4822338475151,10.2277281863105
10.9271212090846,10.5661106434554,10.1865162427392
12.631143614433,10.5321497987037,10.0973289489442
11.3111092822594,10.4257974462755,9.95721516058585
8.57317760128082,9.98736915658657,8.98858877954885
9.07153623360301,9.57278570487618,8.74601477721069
8.09678879177393,9.13720922009264,8.65250165359362
8.69291370928286,9.73394429776921,9.00873771696613
8.77772745128335,9.88831149955152,9.47489791816604
9.9412125067477,9.92625790614571,9.71606459853807
11.3148997486204,9.91821657912202,9.86019611385697
11.0229631840542,9.89396169547444,9.91007400427222
11.0395278980349,9.84377036558138,9.78953579522111
9.39918861857335,9.82542549638322,9.65889090736769
8.57556736944224,9.85818064243686,9.46501767140232
11.4629112824828,9.86992074218878,9.23519119139143
10.751679074946,9.81183918665316,9.79045997303316
9.25841910517436,10.3550529718343,9.90807750356956
10.6867611006002,10.5530562237518,10.1046483242882
10.6416940759745,10.492407306458,10.2361460732841
10.2535455202232,10.1067151230508,9.36623270871201
9.83876516468378,9.81273860807352,9.41117813379117
9.34687507976599,9.75893392694226,9.45111327353901
9.57681282366899,9.77569109686098,9.49354488566489
12.6939522214278,10.3502251577441,10.8718151526775
11.0480030576358,10.5580228976905,10.9553345223052
9.60008270028163,10.5507995312581,10.9846217646055
9.47683917920175,10.2891727844462,10.9657571597793
9.28694176305785,10.0227461684034,10.2644228335848
9.56307139236445,9.96030363753189,10.172589689734
9.85997377985407,9.97761486520421,10.0859564939394
9.70343409866153,10.1513382265348,9.99971559230508
10.4072670560918,10.3207341224793,10.2852115679278
11.9735346210779,10.4551455276419,10.1649605862636
11.0062603703142,10.4328853458093,10.0390862085899
9.96472557570135,10.2234078858318,9.91212598719354
11.5635636047195,9.91856139748159,9.30931433836184
10.2950470669135,9.89021254356153,9.35659462895522
10.5883786631946,9.91588867257915,9.4119947231771
9.27413106620482,10.1030963764771,9.46424478666099
11.1980211097066,10.5004704695866,10.2048816435942
10.0284246948417,10.5992777818237,10.1783006685523
11.207057670742,10.557121216146,10.1041162986156
10.2575880823336,10.4578609067273,9.96412907834709
9.84467322570034,10.0402763916981,9.00976579516361
9.62805132350633,9.5338730162198,8.76262487184468
9.61143078955045,9.33063383447623,8.7569964405694
8.67476222206586,9.70033660569135,9.08158018409225
9.24270079148735,9.86791605242136,9.58878534737754
10.8878165149722,9.90179186430387,9.8888657734006
11.2464190221785,9.90495845594287,10.0901489822748
9.16552547196652,9.85925625085738,10.1183455090485
9.36140524857954,9.80253618031326,9.97589898320659
9.25692144812543,9.80363426430075,9.7797690338531
7.61367718274838,9.83919219115127,9.55945564550265
10.827999128864,9.95927683551037,9.33348504651816
10.3404228858011,10.4028470791531,9.99988230260817
10.5329251702439,10.6536853480947,10.0677941265692
11.3208762154447,10.7516705006139,10.1955006076926
11.2803513835439,10.616718270863,10.2378788719507
11.2770769431552,10.1903377297202,9.31211266300379
9.85751122586377,9.82308762376994,9.33222290568624
9.57737827904229,9.68599895368156,9.38431119745605
9.94049831247908,9.76439937212007,9.44661785104265
10.7627564167389,10.4168927898196,11.0075022284138
11.5768525111302,10.6099649128509,11.1677180346318
9.55710015744735,10.5729048434602,11.242578324133
10.2202412276204,10.3077676703705,11.1692491766653
8.63798736283704,10.0307433637182,10.4150109253843
9.02249587076593,9.95906000341675,10.2757842790786
9.52779202965525,9.96719187579986,10.1611409544347
11.1938029995906,10.0590472829962,10.0584221481644
10.769740385121,10.2380741289154,10.3339349510965
9.25741207281104,10.3610204768032,10.1871911226969
9.10897627029916,10.3323902482908,10.0024088913336
8.92338889486323,10.0362891122415,9.78108046791996
8.95225124341882,9.80040034535901,9.16781764367357
9.54669440858757,9.83001952823717,9.25607703899845
10.6155634540276,9.90361866983165,9.36817678004368
8.35252044112749,10.0934650446116,9.45262794695227
9.53303840991237,10.3919314977772,10.2080640730595
10.76769198461,10.4089008094773,10.1971456402218
11.0156867675888,10.4084677747841,10.134928542449
9.32610099923318,10.4445349316849,10.0285852664425
9.79719469060483,10.1411391636215,9.11329856468885
11.1354271481938,9.94004639343201,9.02020578113578
10.7954011431441,9.86070213859847,9.05281390029085
10.3513838510958,9.87208229858618,9.30926048668806
8.96710158552409,9.90505303921943,9.79947880887407
7.9198268297429,9.94542239704082,10.1581203097467
8.51088299242178,9.97198436375554,10.4447307129711
11.3252219863556,9.94748754774269,10.4840962705688
9.89696579740083,9.84090826146566,10.1995523379908
10.4191783392837,9.82479705023055,9.92431849535142
11.2811960876862,9.8542108085381,9.64209405456734
10.1260651828861,10.005990911544,9.44013311621506
10.0357073344989,10.4956191680296,10.1932026432724
9.95712148676062,10.6363499427171,10.2162683258091
11.3485307072355,10.4912282086008,10.254413233683
12.3003465493425,10.5051955426183,10.1954675217873
10.4456438200757,10.1402127889504,9.1983546907878
10.8567036519451,9.83462053696107,9.20392174355224
9.25024552514401,9.72227018080932,9.27889745110559
7.98149248445727,9.81086013671871,9.38557234096305
10.847546222204,10.4868842633612,11.1382403584147
11.1328387593695,10.7943586422383,11.4164205384444
11.4695182806519,11.0561223954263,11.5901724342012
10.340400187048,10.5484933541204,11.4418976796372
8.52455044124141,10.0756143857657,10.563794233318
9.28266886763292,9.9495889942408,10.374342650265
10.0061059347164,9.95524380817654,10.243622631883
10.2425542990123,10.0335190042614,10.1439704938417
8.51717276200514,9.99507366752283,10.4300694289113
7.09380841593749,10.0257769749951,10.2825320587194
9.16245624817559,10.063722755691,10.0690890324714
8.74000089622846,9.58267123599745,9.78446976280115
8.45010551097824,9.22882626602663,9.02724781407493
8.42166208261597,9.7006441771619,9.22992597594692
8.89235502095353,9.84782428363669,9.38343354111539
9.55279004035351,9.97570629887529,9.47780387281053
9.48725494291765,10.0145199794962,10.2400354981141
9.12535015472574,9.96097518194365,10.2288185893547
10.6862993036743,10.0687953992558,10.1831026478435
9.0706122287144,10.2087110262267,10.1118059360766
10.3745910935896,10.4489990980836,9.26132536380432
11.5001636397617,10.3577512400652,9.21637031188573
11.2277246544569,10.3372733955627,9.2874317888271
10.9275894484597,10.2619998833107,9.50162554434391
10.7408056468876,10.0175429033875,9.98816012112102
8.15670391209712,10.0412022215165,10.452440516913
9.29780951872882,10.2491872918334,10.8747028648112
10.8193685798026,10.3228927512165,10.9408779639315
10.1349575350611,10.0327466979978,10.4871869301749
10.2904388901883,9.92024723331533,9.98580818419406
10.1669863565101,9.94457719706882,9.66815603455327
10.9265111269978,10.0763852172529,9.45194958055133
9.6106011138998,10.3200017966959,10.2365477683585
9.65139187368692,10.4792121813332,10.2241281694386
11.6665082344038,10.4040334733768,10.1957276047421
11.6850797379717,10.2542769897652,10.0443751596586
10.7056990306251,10.0003194794337,9.0062424969111
10.2832452681908,9.89052526450685,9.0023498999039
10.1555106883176,9.92490209587322,9.15062226345731
8.83825637352821,9.94401252736149,9.3318996817864
11.689328315346,10.4812530350448,11.3674765641891
12.476359966132,10.8026566673896,11.7185433027415
11.7765634126795,11.9345510653825,12.1297492725847
9.68499275769725,10.8228968119133,11.8068250095868
9.97634087712907,10.0847156371065,10.555784387356
10.0995203109511,9.9310990329671,10.3605427628405
9.27021086487242,9.89528713395324,10.2515827876105
8.78034045719393,9.84571152565143,10.1766320270585
8.83423856598735,9.64127680812805,9.70373924695098
9.05931323932369,9.57711258054664,9.62284055054603
10.2847823500201,9.56140437030779,9.46540214301763
7.93682630596719,9.49825169079464,9.24385201907917
8.96706757158047,9.56510333398906,9.16493243673889
10.6387132359737,9.73392389265988,9.22985722607759
10.1130333347023,9.74353832550893,9.27804072695729
9.68052588404402,9.55816888447524,9.31335040732864
10.3912002328665,9.19188538772963,8.69145652338043
8.49025375283276,9.2086297480866,8.67413782492601
9.38789567494784,9.33355642425856,8.64157196572395
8.69576325540468,9.56564640228675,8.59626863327927
10.3158893670689,10.5665770638719,10.8433285597308
10.7544337695689,10.9479136421607,10.8258163356772
12.4806192818137,11.0559541292723,10.8852862586052
11.5955919166593,10.7500591218444,11.0672880612796
9.95531765737199,10.1775998366124,10.5562235341105
9.37230721438475,10.1631210709343,11.1211219415502
9.97470675613088,11.0733135554476,11.8085413941515
11.5447419532254,11.1545390659624,11.9175972557374
10.2135755808489,10.2561174314403,10.8714306000519
9.19879539324326,10.0193458962565,10.1802080421189
8.10564240299467,10.0023865973696,9.76650426484202
9.26177475088097,10.0772996962418,9.61267003790599
9.121829956807,10.1482319617177,9.5572250809013
8.57922913236693,10.1438533191103,9.53930559590226
11.0588139028898,10.1284961388779,9.47199766007413
10.4966708726828,10.0504631345988,9.31367745737061
10.2563063571714,9.85562295858782,8.96213609719692
9.10257572939587,9.74642741963649,8.93768310239681
10.6309411094911,9.99302037742693,9.23360627800155
10.1590109738529,10.0842620211036,9.52828882311522
10.8818284762053,10.4064211534023,11.2895975133254
11.9263258293578,10.6035432583594,11.535992086058
10.8571816762754,10.6638640935996,11.6915127730186
11.1412954462051,10.4304793214003,11.6121330795719
9.81336279815431,10.0383832383355,10.5137697329259
11.2585958542391,9.91470409972968,10.3742387324832
8.93250059429288,9.87290596632597,10.3005533037828
9.40885103188345,9.81590101981102,10.2937983453211
9.31887801328152,9.55641505759787,9.90183226452375
10.0144594428535,9.44882621918519,9.92965286046167
9.97058438369027,9.47215596791029,9.87969907335921
7.07139588707714,9.51745202962465,9.73019165427487
8.72616521911953,9.66258635371873,9.60760908573611
10.0953558838651,9.72727420202134,9.50547624928285
10.5624669436203,9.71309235294182,9.45104581538426
9.54528699836363,9.52818572799132,9.4192130994414
9.32827778662025,9.10215059025172,8.75517948462092
9.22031073463995,9.04222213122558,8.72225966254758
8.76979681787406,9.08052209856329,8.68835277709744
8.86091501246794,9.36983420306015,8.64981382521022
9.44244456998862,10.6644653371577,10.9149959323659
11.2667033449007,11.2200749032955,10.8897639717299
11.953740176977,11.4372929447851,10.8949717081804
10.8972041501028,11.1052446988005,10.9719455396643
11.1729745387783,10.3697593877309,10.4254140143486
8.60142246756526,10.1780336806506,10.9920167271311
9.45669174906424,10.2642252529991,11.3997660243568
10.5100756324552,10.5268144245027,11.5176523237371
9.92519848830951,10.2176784158279,10.6389269703713
9.77858756735562,9.99337050453246,9.97909107780994
9.41750398462743,9.53387851456343,9.44767831149929
7.90455672357987,10.0449756070035,9.4797617480293
8.7738485586054,10.0854888513194,9.47966206393476
9.21060491362293,10.0692443412074,9.48098886246089
11.330647733769,10.0425443963936,9.40520989700328
10.2268172870927,9.96859030177648,9.23224285476749
8.9623626444166,9.71666752127038,8.92153659851204
8.56239454797907,8.96484782296843,8.74789030803089
8.77035081498512,9.96748963576871,9.3010089573155
8.92967447155491,10.1198936588608,9.63521473149192
9.53514193085843,10.3851316580991,11.1726309360025
9.97719090508816,10.523983814803,11.3147435860305
10.1692555907996,10.4528758666056,11.3830261263272
11.5674521396879,10.2834718229023,11.3674408443134
10.8425402697913,10.0219497034746,10.4043392321344
11.3630449537031,9.92951400961105,10.3399154104527
10.9482725811477,9.89981131053297,10.3235808084823
9.38732885856807,9.77177755160379,10.3980432891177
9.29189948597712,9.61186792904286,10.1005500286725
8.46414202041123,9.66147758335531,10.2994377808828
11.4844246085874,9.74052242158652,10.4084320092172
8.97901627278263,9.6619972836704,10.2632597023681
7.86436813526229,9.7123464667148,10.008015936107
9.95570450934442,9.73026619538273,9.78603452418964
11.1081772480388,9.6943810343943,9.62097835451668
9.16621450429046,9.4822608590387,9.52169834150792
7.90629367891863,9.0529880065704,8.81459812956304
9.16748833672311,8.92366938737972,8.76786537458995
8.83325430548473,9.00558267596457,8.72598504912078
8.45685462387866,9.41101035758099,8.6871267510073
12.4837749024035,10.6477897070978,10.9618781265676
12.3656704495827,11.1280165237247,10.9244780475319
11.3834373599775,11.218620632688,10.9054371031148
10.2456288344928,10.9911259069626,10.9229255462365
10.5975946575167,10.3900774728565,10.2925836982133
9.85319893839046,10.0668843084397,10.6635415710683
10.6947002059153,10.1188275328913,10.9288182244527
10.0364985204275,10.1926379960174,10.9494987459888
11.126578603476,10.1813560986916,10.3528880625829
11.7896322953075,10.0989520794532,9.87849789923354
11.2480307693839,10.0056965647224,9.53659824570695
8.45491365740754,10.0867120767905,9.45374842335154
9.75571729510924,10.0748666893909,9.44256957686753
10.3869636390426,10.0444397417682,9.45304618330465
10.738019403183,10.0272481865565,9.41832390211746
9.49315623201948,9.98787429021653,9.35228629497068
10.2332235477807,9.9008399646809,9.19723039425141
10.3501691002469,9.89323735855498,9.33781887835974
8.47027268446003,10.0144780369239,9.63770430008667
10.5778968608515,10.1175322571882,9.89644823700639
9.38449804935899,10.3467442813639,11.0608758353689
9.42187242602665,10.4157151097285,11.1463396639887
9.85990101145814,10.3844407748653,11.2035040911467
11.3246183303336,10.3071184623302,11.2093690775182
9.48476034834103,10.0919966269604,10.2952671504635
8.97002271653533,10.0696678223778,10.2809239633795
7.92159559291956,10.0408870872411,10.3055351683247
9.18258306344879,9.84924789673399,10.4399597690203
10.6981629682163,9.75762444599054,10.2167471895585
11.0227437575618,9.94452019603161,10.598427748057
12.9158892183775,11.0197179503198,11.0370794664237
10.5584409546823,10.2757994495781,10.7128560345276
9.44067019008582,9.75330041005795,10.2829440219696
10.0853882770691,9.7103338530894,9.98077941233428
10.4355929056513,9.65089443001797,9.75065403776857
10.1947016783976,9.58767224025194,9.60154377115968
8.73644611268825,9.20175981305826,8.86569105058097
10.3214545869675,9.10617846333158,8.80126174788938
8.1305355410305,9.25124911930109,8.75107060847155
8.43847058478634,9.56902552680561,8.70743436922103
11.7354434849606,10.173909699458,10.9861430774345
10.6752689159911,10.792961736004,10.950701814711
9.74753580250256,10.9181218139415,10.9351705042988
11.2927151570163,10.569940174141,10.9696349342099
10.6735248554231,10.4416565457725,10.2431496443597
10.7005499145129,10.4987883094994,10.4463867381238
10.6496025139701,10.502313269362,10.567622109075
10.1301721163318,10.5627526820787,10.567751206866
10.7320084232369,10.3589531536123,10.0788303604097
10.6317164127218,10.1536494337587,9.80997381893566
10.4010436348577,10.0988244332154,9.58469695935839
10.1974653558569,10.1093692007481,9.47111900967632
10.8577390940722,10.0494419637584,9.41680647754846
9.68624582094523,10.0252081478786,9.4323186162689
9.66280492800634,10.0069229425384,9.46891993246768
10.9917665489045,9.99054963197853,9.54390751039356
9.11740287267501,9.95581921701142,9.55811115924303
10.1367720180289,9.98407866435132,9.86530269221634
9.85665162677855,10.1794024377514,10.239116163749
10.8227853941754,10.0506698284086,10.2760567439615
10.337681038767,10.282527823615,10.505138529861
10.5885838788425,10.3439516609874,10.5757817634875
10.4426575993086,10.3080301232738,10.6152553624248
10.5164763643873,10.2743851769954,10.6373886309823
8.89621748378763,10.2541684656269,10.6013087005609
9.70536167939,10.2358235882939,10.5921132027515
9.48406468137173,10.1945067081612,10.6242183677066
9.47986065454467,10.0809976504748,10.7525238295987
9.78772947011876,9.98523851169644,10.8448433077727
11.3699192557592,10.2763301111155,11.3213300035655
12.0889041826736,10.6111110837477,11.6364832317623
10.8856095795672,10.3222642472094,11.4740777801728
10.6404742967116,9.74764192642274,10.3203950225199
9.21233424813625,9.62785190139127,10.0021842487664
9.32714584168942,9.57899032768593,9.76741341852448
9.83832811841639,9.68496448420493,9.60886996496059
10.4251519031256,9.85582638459705,9.97272325004152
10.8401789388587,9.90376889618108,9.89278337814315
10.3974653299126,9.93806613916374,9.82973833098258
9.01159338034183,9.95299929226133,9.77683727447118
9.5812716114663,9.93837102964487,9.44200067706276
9.67807408072517,9.98273540577749,9.41370540169809
9.19585662132687,9.97963959430549,9.40598588207976
10.6702844473538,10.1137468957307,9.43790838289574
13.6598974687101,10.6428023255269,11.1448949170418
11.6397833621135,11.0200731364758,11.2611723008746
12.1534432791927,11.1570880497886,11.3297560629578
11.3568608118431,10.978225508075,11.2959900748365
10.7534547021424,10.3420305582075,9.9146047209115
8.46268082051229,10.1230796144331,9.74555628750245
8.55835299146308,10.0603577308198,9.56744068775948
10.6363782222304,10.0384686511941,9.42974038803585
11.3176964665617,10.0095992260436,9.00293505443985
9.4801785181057,9.98390001762036,9.01917009280825
9.34197053390884,9.97096943492278,9.12458205584922
9.69289060519811,9.92668845983634,9.3003744372046
9.60920479026547,9.79361210846522,9.46830375097924
8.49640462278915,9.7546590919332,9.80237173294966
10.4104328199173,10.1377681928299,10.2634270970247
10.4052505566961,9.9289042120259,10.2201309972547
10.2869315012688,10.249608298482,10.4362876833968
10.928460240116,10.312797321536,10.5078555608025
10.3209488410073,10.2695108655438,10.5682944244056
10.9218750025508,10.2622016749364,10.5937213991199
11.0795377568839,10.3198917014543,10.5501589488918
11.5259759941847,10.3316626053875,10.51886312915
10.9852838945852,10.2603061378637,10.5103996363521
9.64715540199097,10.1608980937937,10.5576319350301
9.41066628090507,10.0549734949033,10.6001485729218
9.87020447349617,10.0961448320531,10.9054570724397
9.87631912978764,10.1636211825113,11.1674944523423
9.65610002764523,9.9845388223142,11.1086979501738
8.93233424535648,9.65086791682576,10.1940264531603
9.44759798192,9.58263021976473,9.95350664361915
9.71278700292865,9.60317373246713,9.74897381995554
8.70069336904721,9.75962778037244,9.60794934081214
11.7587675218778,10.05875225125,9.97665209541553
12.6889685840726,10.1094346197363,9.89153382871155
10.8161237532835,10.1221002869296,9.82441550100185
10.4455081368981,10.0395898818732,9.76623325963698
9.56071627665667,9.80775056554592,9.42781653580974
10.1818520040472,9.65617990211068,9.39775822140287
9.20588697828074,9.67704777820281,9.38262879210886
9.59975222671374,10.1741440891762,9.40992257760123
12.5078260332321,10.8204111420279,11.0815708013452
11.4719670798014,11.3485329949355,11.1423015385139
12.3356019920913,11.3420752696019,11.168989731067
10.2699465492231,11.0708869597585,11.1353041491613
10.5416526558831,10.3390962422041,9.79986777931902
9.4747900141569,10.1056692768928,9.6542218861725
10.2147454474772,10.0415605107265,9.48501805668729
9.35189082557911,9.99165063440069,9.32485344763476
9.72693259789814,9.92276176382577,8.85321171997188
10.6915752059254,9.89840902717622,8.88347378223449
10.0900846892754,9.91694215742412,9.0495167729716
9.47471788904922,9.86515298230462,9.29276795931159
8.30799306472621,9.67142264457521,9.51363812402368
9.22690747209899,9.59370485445465,9.84450202883423
10.1186210206522,9.69269330632169,10.1203603797621
10.2189175796557,9.72322534646582,10.1448813354049
10.0830323809576,10.2302534484911,10.3789592018483
8.56629481985115,10.2779633304915,10.4760197685655
10.2649246215514,10.2516232430661,10.5632345831786
11.3047206194944,10.2627816881876,10.5934631132218
11.2850406983194,10.2909018213617,10.5363418386486
11.4090859400991,10.2937272938308,10.4521969065532
10.1226820807246,10.2459418217879,10.3612913852923
8.75295666937257,10.1407720143326,10.3050079793719
9.46556663571345,10.0190176207011,10.2352476747338
8.90925377254164,10.0103766143312,10.4726313099485
10.5726912014413,9.9979238110607,10.6894190242314
8.72647277879407,9.86983123119172,10.7340512217429
9.12463883048086,9.60363768833353,9.98631977231542
11.0175660050155,9.58194127008584,9.83962311259264
9.71928282232905,9.60619793312841,9.69509419654736
7.90013727652302,9.77712838864621,9.58420687790018
9.82841411444894,10.053621767808,9.9629730930908
10.8586536271939,10.0726873009987,9.87929911535985
9.07714861858836,10.0955202748882,9.80326097615266
9.28485706235637,10.0078379630448,9.73789768953469
9.61036470586991,9.7291443904043,9.39460476984794
10.2226779103656,9.53932643512041,9.35328911419531
10.3227237112752,9.61251717051757,9.33179106406906
10.2907057888977,9.96792727752821,9.35834515480034
11.3138438480314,10.7657661817181,11.0119002784306
10.3683242552047,11.2368614859685,11.0560219961067
12.8306027690706,11.3133276663572,11.0699730431281
9.75123398393029,11.0138722032301,11.0305877186894
8.42921787351116,10.3666732934184,9.70994747344916
11.7491706804736,10.1149064397334,9.56490060380695
12.8860384996565,10.0315607975507,9.37526288436065
10.6486786558823,9.87899880451031,9.14948195167821
9.80595578303662,9.67925857294257,8.62419517411501
9.70872975295217,9.5294657481442,8.64577162869539
9.4242200277483,9.8019553816901,8.920075566546
10.3399619206446,9.84259980434154,9.23353276108078
9.74839121507145,9.71524236743856,9.46934661647789
9.41513457155496,9.61259120298853,9.74176625789394
8.79671429837701,9.6366070116466,9.93115802862966
10.6114039110769,9.64566004609514,9.98035263301471
9.90013503071425,10.0856589612114,10.3024584987828
11.6903933312001,10.1652087603851,10.4380055881938
10.8026171243932,10.1827793182557,10.5836178573287
10.249393061329,10.2078786895173,10.6526372139841
11.4366200468105,10.1377503411485,10.5600654408299
10.8853181940075,10.1115363167367,10.4078301944643
10.8875977120716,10.122427347388,10.249640563877
9.65545192323884,10.0301862100271,10.0955382957085
9.79674672723762,9.81082961150553,9.81933617209978
10.6761426823597,9.92206354212246,10.140501810689
9.7096400845299,9.91528411789962,10.3504083525461
9.86773869043198,9.82419778836316,10.4750804166114
8.72234377936227,9.80958981996277,9.80950881146899
10.2621707071867,9.86206786251002,9.71891575548424
9.76724688216957,9.87279890439106,9.62111174272223
9.7228995654682,9.8139139166552,9.54355127408648
8.89047838056432,9.90295668866877,9.94069505553497
8.8980950242969,9.78019918229393,9.86185244788168
8.52291177309013,9.80253427818841,9.77566166453215
7.77059115883277,9.7904690478008,9.70061147882376
8.68287171163391,9.76663894057373,9.35836236241686
9.05276202076165,9.686541855131,9.32064663134413
10.1558669314432,9.68590641113875,9.26240976692749
10.0351436851818,9.89733838236554,9.31294748177884
10.6808314859163,10.2460902423298,10.9555736285327
9.20459770716176,10.6932297384269,10.9920784867899
9.52147172351836,10.8245580675917,11.004937367544
9.5942820539025,10.6087845321006,10.9614020921037
10.0996647129973,10.3930025551078,9.64781257429887
11.6214585844791,10.1911686091305,9.4982102666637
9.79835563993403,10.0524639903546,9.27727311861729
9.65069221025881,9.8764262303534,9.02394714148705
7.78056162819651,9.13294578911551,8.3981514524916
10.2648560922008,8.97755667037258,8.46874137445836
9.08797927847958,9.64597260517598,8.83026706905858
9.19097154725509,9.76186279708491,9.17015234193968
8.73860491284758,9.79631181026016,9.40407129542227
10.8976611789027,9.75484509823569,9.6387819326702
10.6586449191507,9.73122668824222,9.79872411115972
9.5994746569594,9.7378671078429,9.86718299368581
10.0026673441301,9.92671286768402,9.62646714250542
10.7055786111554,9.89652336688324,9.78602344728877
11.4197506023157,9.94041895938553,9.99513051370829
10.2329181937021,10.2196782728706,10.2186321725479
9.03605418798398,9.92650460106468,9.94867480666661
10.4385917386221,9.85736401009458,9.75245536419927
11.2614027109019,9.85082371045839,9.5828915622404
8.26901624567049,9.82855831413894,9.45087175677554
9.65817977591073,9.79477924955508,9.34525318992025
10.3148149005526,9.77768876287511,9.46086830591104
9.4051527455079,9.77258767641701,9.63264359786622
9.81537437847909,9.80557115660938,9.78328548512361
8.9694482023873,10.1600071438929,10.4307256453841
9.88695704951674,10.2723628624954,10.3640717397676
10.3640490667513,10.2337915713762,10.3010119340652
11.7020515199932,10.1475612033138,10.2694249020942
9.58808908072548,9.64010238027736,9.14958090837802
9.30551607101422,9.43195306957801,9.08222942968865
8.88972806526903,9.45256736313788,8.98340760014995
8.64157313348728,9.65506480251116,8.89641218120114
10.4226300006984,10.0358868182599,9.85884776753824
10.5769179353098,10.1496050977288,9.94066016288969
10.3118067298296,10.1200044365681,9.88924650074529
10.014487902011,10.0978965402759,9.84975021644098
10.6027320734929,9.85174612757902,9.06104845157405
9.99203844014736,9.67217905007579,9.08142757946264
9.81374070999624,9.6941016544527,9.09261292265262
9.92090569738901,9.83257892511077,9.06979529358709
11.0508600058588,10.2046433264293,9.7000932031802
11.6258936239671,10.2866250432141,9.53470196380051
10.3103736194574,10.0916845283624,9.29963888618789
10.0916037390578,9.77102231808482,9.04571594699432
8.62133798292531,9.59780694922561,8.0278106388481
9.44775274624838,9.28169836451803,8.08163429642739
10.1977460135897,9.40316622120995,8.35248618177231
9.85185554152452,9.54886428173068,8.65261518548535
9.03400120743865,9.88572706076384,9.92129707563398
12.2489442751977,10.0360536127517,10.1557555008375
10.0154732645627,10.0461010417233,10.3102035472152
9.75636399833139,10.010475629977,10.3847969320157
9.17185048419724,9.8507491515413,9.41456771708171
10.0964743924744,9.76689646520381,9.59725558688744
9.77297752046478,9.80117723448986,9.79370513169748
8.13611772996973,9.86846564060129,9.93000004233435
8.85678508397098,9.79762816310746,9.79942685837533
10.2812065944123,9.74837610044606,9.65880437049896
10.577798854562,9.75393582421302,9.52574180277497
8.83084295383017,9.76010579797488,9.42419856319367
9.43461686034224,9.75636378289746,9.3330465091895
9.95314006386762,9.67189841789402,9.37353742165554
9.69733726745036,9.58520340526868,9.48668796695694
10.1536963455251,9.85707987442522,9.5523948380249
9.92324710911284,10.2723922431787,10.2166066551
10.1561141618885,10.3946123202849,10.1924966203667
11.1458752003283,10.3433198267105,10.1945117373883
11.4368760814599,10.2176295904189,10.2132222318192
9.46768089474274,9.56813699394515,9.17070648411453
9.43332727348204,9.3138597403883,9.1074870862753
8.49070838591699,9.34126456470732,9.00372987860196
9.86187112723122,9.49761558514828,8.86269101809835
10.6968161020988,9.97842199789862,9.88196920549938
11.1562854214995,10.3481064729043,10.178320692537
11.0718407356852,10.3792427560478,10.1678122391941
10.8097848376597,10.1584019183611,9.90984727824377
10.1601432429702,9.69967651231943,9.0446203369958
10.6156016790657,9.40188911689113,9.07196264222581
8.58171604095844,9.38847746254847,9.09955963209599
9.06264513335981,9.59243303970351,9.08143421214739
9.74637244045564,10.1747145917848,9.72894714390937
10.1992446064033,10.3277358235625,9.56354562697719
8.96239436662625,10.0688598428365,9.33393092627011
8.50360732362043,9.71442027744875,9.10862542627744
9.21415000021309,9.40219600893331,8.078904010505
9.18230320387654,9.12374516166689,8.13657149938534
9.94992250918969,9.3440084060522,8.39239845859002
9.19573529701816,9.5901784798135,8.67276985430539
8.34829442349879,9.99655415532983,9.93576517047018
10.2975604187373,10.1484800092007,10.1748376867183
10.1651895327186,10.1932814684985,10.3429284898493
9.07916449839078,10.1529400934118,10.4012489508222
9.99227322417794,9.81014243330127,9.13189858752287
10.3171976121698,9.76295328152616,9.3163584267472
8.23128090896002,9.78906160280955,9.50888220082093
7.00554256977197,9.8010865279061,9.64836941297804
8.58675114537369,9.75829685479788,9.59110898960378
10.8579898100082,9.7310355911844,9.54316958241353
11.8090581185028,9.7186933751515,9.44974024467595
8.46215297936485,9.70574278780603,9.36076771916073
8.92747688972197,9.69244456233158,9.23521210413641
9.89668324580241,9.61561777283925,9.22224162806376
8.06305311496257,9.56854382513708,9.25599018930294
11.5066097770732,9.98335395427338,9.29401666238368
12.0533003556068,10.2837083064515,9.98429330269845
10.0868094565235,10.3498862679608,10.0036969045304
9.98475023010479,10.3231145896337,10.0458330916483
9.74526209667411,10.144920964204,10.1545743600177
10.0762145546733,9.50291934658093,9.21936400638338
8.6121131004766,9.28059574334902,9.18809950292637
8.22837714136987,9.3019350329027,9.0741674297085
9.29092298821076,9.52073539118077,8.99073866401844
10.2899807142113,10.1501741930383,10.1211912637484
11.3732885269855,10.5175353044709,10.4943638466736
7.86882613176793,10.4878903785299,10.454550235747
8.77014108740602,10.0346416994453,10.0044003718912
10.6266115585604,9.6115313253407,9.0781349325261
9.71954524066374,9.36931811639055,9.11770461817042
8.07292002973231,9.38310025959499,9.14598581550009
7.69509064954964,9.57814359469446,9.12957628520739
8.68851108428387,10.1525056786043,9.7875480031416
9.95353545118284,10.3568878271711,9.65360122913225
10.3535474912618,10.2794912189637,9.44956720231075
8.4663975892129,9.98469079993431,9.22954222639206
8.84908097272009,8.94115636470401,8.11053223538059
9.85037079022884,8.95960320359898,8.18083336780624
9.81440437541477,9.37729337508427,8.44444755509792
9.24119938478498,9.60129844068543,8.72428736543023
9.22187890178621,9.98034417341033,9.97886243129253
10.2729647317975,10.202928252002,10.221121644899
10.5578451335352,10.3201983297151,10.4371084464036
10.2950039341404,10.225313222441,10.4640280327288
9.93060528173231,9.72723117012574,8.74846214832911
10.0723740776572,9.81504201718312,8.97415854914455
9.44118436581146,9.86900442216019,9.2375748970629
8.82676565015469,9.80990995623001,9.40739169598514
9.36014520789055,9.78284694246887,9.42397613589721
10.788733049299,9.75129461220838,9.40888414096924
11.0464113713874,9.74305468370879,9.35347659532478
9.15098955032552,9.71067598122522,9.26028737845103
9.9200172736901,9.68313462916492,9.07928999181813
9.16110335572928,9.64188481215727,8.95441667300267
9.43944693987065,9.69118882330811,8.91027253382336
11.0115667402598,9.86232675700094,8.99535626267246
11.4145007793193,10.1408581397894,9.7430459948797
9.6922001981979,10.2149133449571,9.83608722136987
8.94855170063197,10.0058207707853,9.85968290623337
10.2677388870511,9.88565154148497,10.0524293943022
9.32029501211256,9.44727092400658,9.27578648681967
9.37200443225175,9.42981795220788,9.23416225458293
10.4261459790678,9.39727596594593,9.17483897376305
9.57396282547994,9.65627842370357,9.15474810764619
10.0884942460799,10.2178556454594,10.2754080325818
11.0569902472291,10.3580434603707,10.4343164788113
9.36140305921953,10.3356359872543,10.380988597223
9.35225546353345,10.0997393877154,10.1376293705554
10.016391353545,9.63400024827752,9.22584479211239
10.6688440741001,9.51692992902251,9.22903232387925
9.21321002372602,9.58426815070837,9.24404881989424
7.86964472413578,9.76570251771391,9.22925106233368
9.6350939795583,10.1727116395008,9.90151368290367
10.9722182814257,10.2689372680122,9.78485051989628
10.979960871948,10.2621791856654,9.6254329149667
10.722598348544,10.1867807032265,9.44053875265491
9.04700509801002,9.89644503603114,8.36268664060712
10.2324698128421,9.53425634809794,8.37645521129715
8.99770265596771,9.78879589548165,8.58223504731756
8.94392500799508,9.94771632773236,8.80700218819267
9.78303924267285,10.1127244087751,10.0302352006556
10.1778110412339,10.2576678525554,10.2444701712594
10.5687649326471,10.4966487616855,10.5084768856376
10.7135319698835,10.2984258020339,10.4959950224432
8.95229504346472,9.54473746861436,8.61876311899502
10.3372334071072,9.98359866245451,8.98893206046626
11.4684008075242,10.1599417195132,9.32472268829603
11.5571114030292,10.0593340756891,9.55862475880308
10.6932304898156,9.88065539977073,9.42199390790573
10.5737492677269,9.84957030658475,9.44829694955476
9.01959824629899,9.83976484677886,9.40434580597046
10.000425937827,9.76190184379811,9.30256465193543
9.97410575121198,9.608621389291,8.50396751140601
8.60260808172363,9.38346773424491,8.22358707680997
8.68304770055176,9.37552489457043,8.09226266508681
11.1808904116262,9.75047749324528,8.33286445915054
8.61436488075484,9.88354123755821,9.05788081396201
9.47217825578622,9.90999197859885,9.20072000401727
10.3252631125371,9.8451709750627,9.3354085588944
11.5402014582624,9.80282543951798,9.51610353343296
10.5055819159313,9.8013302480725,9.77385843967553
10.3054696060189,9.77500856706793,9.84030733705943
9.54819069869426,9.79219108958915,9.84452160632947
7.93222297776176,9.87255352754382,9.85905584892603
9.2611604512259,10.1368436204611,10.2410666886946
10.7954730345548,10.2207229202003,10.2985611541293
10.7538962247924,10.2219256823734,10.2799674972227
10.4058599464099,10.1264844204297,10.1890564710395
10.090050535268,9.96981775684382,10.2032109859466
11.4040588227973,10.0410605962499,10.1934897774993
10.169321339005,10.0896195965476,10.2012665016001
10.3402411449787,10.1330826506155,10.185470248673
8.8986768347965,10.0415340654494,9.84595053074075
10.3975982364722,9.9898631265222,9.74697419354339
8.84427864088343,10.0229863463654,9.62668910606082
8.99426271516781,10.103518721737,9.4859217875077
8.8620841582694,10.4112467154817,10.4199225489618
10.2439468419091,10.5984536771929,10.4418264635505
9.14849182543978,10.6680940561469,10.5545985644183
9.34811310660091,10.5664298547754,10.7421316444759
10.6551418264544,10.3416102828196,10.3781253858971
10.9327142571984,10.334858514374,10.5512684102622
11.2121599536823,10.3882021301095,10.6937287620192
10.0474557344869,10.3063410017397,10.7249217944995
8.27513043768331,8.76488197023136,8.33574403864331
10.1427456881497,9.92212656347182,8.80448984750907
11.6392388969531,10.2787251879605,9.21693791767833
10.3006085851394,10.1397297726536,9.46017704023531
9.14120096351588,9.96830175841148,9.3106309712385
9.42504822048906,9.90309895810406,9.34261545247515
9.68096405456925,9.87503184340526,9.2970123890064
9.23619856469772,9.78155318936603,9.20676913260734
10.0454632020783,9.36660639719376,8.45076599965195
7.63919913597525,8.28814054106892,7.90926071691339
8.21986141310043,8.84766807142477,7.77091994181012
10.445969011962,9.63255430289187,8.13695144607589
9.75398330455563,9.79490356479874,8.94001402928453
9.1787546204004,9.83235884820444,9.18100300708733
9.70342445236853,9.79894101475788,9.36415988248018
10.3228415451597,9.82268057728586,9.53120237643837
10.5439886956251,9.88244303957703,9.74226924199324
11.5480891303841,9.89262045017517,9.82547121151285
9.43646577716846,9.91033799267928,9.86690435681849
8.08491744634312,9.96134965414238,9.89847293408567
10.1329600886412,10.0823057278313,10.2571021235676
10.3587049700608,10.1684993312747,10.2869358382466
9.64952306930321,10.1775250938566,10.2941505534132
9.93509115368295,10.1703551969994,10.2730753147785
10.220064174774,10.1864112908017,10.3528669465604
11.6205099939973,10.2539905458138,10.373392809634
10.5999897327071,10.2683843369255,10.3972209669681
10.6681611001523,10.2018180665053,10.3844733162426
9.40188273232181,10.0264338339802,10.0370043052041
9.28536217358059,9.88982736458811,9.94118161160812
7.81376611423821,9.89819867845668,9.82599850567626
8.6226214284231,10.0650396807977,9.71961030553743
9.99703869650093,10.5300036130771,10.6997994682436
10.6634006778653,10.9176676745044,10.6929089614157
11.8389774133271,10.9544974873105,10.7617636528416
10.6904631213314,10.7833361869814,10.8796821209369
11.1474312505578,10.4715671208834,10.4537407589741
11.3489769312625,10.4158654427129,10.5750025850174
11.3229685492641,10.4111509268406,10.665185255527
10.5398530369273,10.3128129017208,10.6927593985124
8.66004594909743,9.87323137315098,8.71287633401755
9.7369793756281,10.1406821674432,8.9448333976563
10.5941351433798,10.2884224313224,9.25574100025108
10.7811893713514,10.1099019899564,9.42498554805477
10.1984837878046,9.97389342291378,9.25837341823676
10.2011993950482,9.91492631582463,9.24223627725795
9.54157306278865,9.88669591596009,9.14628914901452
9.48779665912388,9.78133732487794,9.03533328769231
10.3306016276566,9.51798724369485,8.3076845005637
10.2952523760238,9.04166881476902,8.07668222605063
8.38371041938626,9.27298994474176,7.90643930572083
9.07391088174829,9.64370186531423,8.1217570872122
9.87187504354258,9.79552428262704,8.95277344507295
9.80504651451738,9.83241739491178,9.21352229700857
10.1441397053745,9.8226724458687,9.41791372384221
11.2334873178157,9.83543785211346,9.57433368159895
10.1096935312323,9.89367166079496,9.77162315064509
9.55326463035488,9.91872413638965,9.85013543024268
10.9486258199414,9.92653254967563,9.89626142195002
10.2629420633565,9.96871250162619,9.92637739985052
11.6765758997931,10.0642706773191,10.2774330430368
10.7656681861927,10.1405473218624,10.306054721678
9.21937597657148,10.1295708470472,10.3310076689666
9.38700554236855,10.1679367796557,10.3749711254324
10.2763739363422,10.2454603270612,10.5065522400389
9.95290589476804,10.2750593602138,10.5778820185128
9.99793752263071,10.2685154778079,10.6353228374564
11.8556584995177,10.2046583773829,10.6477739506342
12.6612300177811,10.0096836365079,10.285759199795
10.3306006140251,9.87158766059272,10.1554316591898
10.3117200279491,9.8914548983441,10.0202283786274
10.7563920815211,10.1127116055491,9.91558371101993
11.2721981151397,10.7381242124888,10.9002465060566
12.1039579906661,10.9811107440662,10.8914546843072
13.4830173468247,10.9953712188514,10.932370810061
12.0302348515983,10.8539442489636,11.0117475009911
11.6600498562022,10.6158107566959,10.5521221954769
10.485967613804,10.455972728913,10.6406480971575
9.92168650601406,10.4021405717439,10.6971279917842
10.7165338818626,10.3134828660073,10.7114147270679
10.3880534573065,10.2017721591502,9.11737988905025
10.5697413660607,10.2767929014969,9.26147090466238
11.0351880028571,10.2681868949749,9.3952459067347
9.25536662205009,10.1255838780206,9.48160480166593
10.1353596584923,9.97401770900558,9.24111348893986
9.52671577880881,9.93339178270175,9.15522258698009
10.3999402866661,9.90920510553206,8.9748534959203
9.21739595745323,9.79461601767185,8.75673798424395
9.62297376693226,9.61700771071752,7.97504320933079
10.6916240239579,9.59493969458941,7.92925723889968
7.40129268060569,9.73941115953029,8.01694387539584
8.06267434597621,9.80046072755851,8.24774528753103
9.26899711493343,9.85603253749089,9.0419864538578
8.07051581111304,9.85882226852539,9.29382165819376
9.99535889181664,9.86055875119795,9.49905641667125
11.2194497211251,9.8668613907683,9.65153577151637
10.3728540850358,9.90122789863084,9.83745400102082
9.37589885049695,9.91614143337038,9.90704836476284
9.31266303053148,9.91808737924416,9.94797119030139
11.2740289980595,9.95427093237193,9.96971662010168
10.4715419253976,9.99265132459821,10.314774367248
10.7540988452409,9.96446483997733,10.3442212219137
9.24614428427245,9.94786727359972,10.3925962040816
7.848599615704,10.0301947566844,10.4647293344114
10.195110792822,10.152532916233,10.6602411043245
8.35718834801446,10.1724575153657,10.8144837810024
7.0681100581765,10.210267746249,10.950842872919
10.9192085216971,10.180326479656,11.0079696484757
10.9523896954969,10.0608390055207,10.56874095474
9.83732646652913,9.93909915032094,10.3959008175742
9.83632896405825,9.94838426265608,10.2049415335067
9.836185947641,10.0834402370124,10.0743711657586
9.17453592990938,10.4924729551214,11.0643874994019
11.8580492538427,10.7210196037018,11.043132134017
13.1630306294295,10.7326704518022,11.0654387840316
11.3329864321454,10.746401529801,11.1376676667471
8.95511451859218,10.6329416988614,10.6659031120086
8.41467760055457,10.3871456799319,10.7529928811955
8.33705588198006,10.3363397833651,10.7989745480097
10.0166693233683,10.2859765220726,10.7844031936584
10.1648633106886,10.1566743871104,9.40229561273149
12.3979965718241,10.15662361765,9.4655379473068
12.3504215805363,10.1553144507977,9.52222116563829
10.8139579122437,10.0846768913947,9.53437193748875
10.0742682897929,10.0164880038552,9.32771035127927
8.93670578377116,9.9958731869472,9.16756837916975
8.18621173072169,9.94069102148423,8.87832577154767
9.20448193819978,9.73982754973281,8.51799193762937
8.23568289402694,8.92105486963605,8.22598682498667
10.0533308125402,9.64096466756759,8.4861740906746
9.29379636081065,10.032302823701,8.83740701286203
8.64933114175358,10.0300456446055,9.1583809118813
8.20900517726002,9.97687962677094,9.35400185298917
8.50103694813987,9.93686900687347,9.60593074157815
9.94790095944522,9.94019268371126,9.80464743242957
11.5353083305608,9.92494349123396,9.96689447622788
10.9068630599235,9.91508566576312,10.001003756215
8.80988397858687,9.91246583594407,10.0611749712969
8.71840875751787,9.90757704150846,10.078965893674
9.78069103662192,9.88905684001715,10.0872083048313
9.12808222492151,9.77534210850739,9.54312633624895
9.35557549873528,9.7022915130588,9.56804875101227
9.37517226469463,9.64023803660015,9.61767594995724
9.1323605964681,9.72183748494868,9.71631605409678
7.59390259689923,9.75971549970429,10.1208690816107
8.96140879070803,9.80603348398942,10.3369717444483
9.77438996752619,9.96892403283243,10.6197324465699
9.71949055843675,10.2172150486909,10.7789556911871
10.210990601216,10.1076109420199,11.1126530905596
9.00975489899161,10.0510047382793,10.7879651610218
9.93241975953639,10.0634510059571,10.5312130071656
9.41053045207422,10.1069594292015,10.3698117070322
9.62744913172013,10.2326134307743,10.432346322369
9.11058295600426,10.3403155163734,10.3961907348189
10.7654613766028,10.3857990859744,10.4204010457322
10.9443215960634,10.3938393307558,10.5006449735157
10.0297049169084,10.3616314935097,10.7545446702145
9.70473776776106,10.2659011072152,10.8838831261284
9.68591610300824,10.2463195387515,10.9414815426738
10.4778428798332,10.1970994621764,10.8838124477412
9.17306275978907,10.0793188336616,9.66307166367035
9.65031413681941,10.0755937672153,9.7037055332113
11.3198313888749,10.0818861246054,9.71852369723454
11.7401909941044,10.0599166683765,9.68091669353266
8.7050747700112,10.0259718803242,9.40446315862261
8.95059972005756,10.0060235676415,9.19021574270975
9.14339832840415,9.97049035032572,8.8921434080522
10.093881765995,9.71230081778897,8.47740081970998
8.09294968235927,8.83671850701339,8.20875820942043
9.18900542520693,9.74698548017165,8.53956441533312
10.1315932903463,10.1666281604891,8.97225989308542
9.55920084433755,10.2153078443926,9.31225331620913
8.99258361655307,10.0461302700783,9.50066596003016
8.96665914979323,9.99343222807689,9.7466676143621
9.7473170475975,9.98084807630709,9.96167890712518
10.7996523360472,9.97184623935658,10.1410923559786
9.95140326158344,9.94229345874512,10.175132794134
9.37551578526319,9.92495101737353,10.2221594270395
9.36281949109279,9.89878865773593,10.2053343757412
9.06597907942653,9.83455698054718,10.1801566569482
9.11469645401463,9.63606447968594,9.60435155087853
8.31736230914052,9.60143090038482,9.61767316053014
10.2959671172191,9.59552543977101,9.66331090965667
10.5111613647937,9.53976475100174,9.76702626757472
8.92701250408841,9.53291516461982,10.2054543029203
9.90244770686405,9.57539271899614,10.5013386338827
9.95413549689849,9.95142149050196,10.9290117854977
10.8588929314914,11.1849372558919,11.3243557837719
10.8066989937251,10.1997331481205,11.3206099536035
7.11163496283759,10.1053945529089,10.9136050829724
8.84533408492767,10.1011402088922,10.6204119712986
9.48801424502653,10.1187021400358,10.432467240337
8.1027432248281,10.1962283998781,10.4887493642986
8.56032469505912,10.2436938161904,10.467299673101
9.85595562832071,10.2687060954584,10.4876959833088
12.4280108473733,10.2635460558046,10.5827176746286
10.8066481351014,10.2684920743137,10.8877128781654
10.431140019288,10.3368707037163,11.0883325804234
10.4302569698008,10.5131249802883,11.2064981991951
10.0141743639419,10.2685793924991,11.0670562567877
8.03149395958586,10.0542597634809,9.86867103002798
8.84864610454793,10.0814968844898,9.92155887568358
8.88771435256051,10.0571053213022,9.93027783303224
8.65234593187584,10.038042773774,9.88679895075276
9.40648258055984,10.0017106977102,9.54640455711922
10.2192433772802,9.97146419362388,9.27810892804159
10.9568697959189,9.98258471531725,9.0192206740487
10.6315210267322,10.0073600642255,8.80046973056246
10.2331813990811,10.0793908274839,8.7849727612216
11.4027147900837,10.2381107979456,8.9475261321824
10.3520051213621,10.3069040661961,9.21784811382731
10.6363627115959,10.2463898759849,9.50234865898235
9.52722891879145,10.0564045126282,9.66684414082805
9.19566006524761,10.001812029893,9.91119488427186
10.9703334313093,9.99342476047585,10.1408276729068
11.6407387198182,10.0069425389041,10.3678135114836
9.89065979923509,10.006765937298,10.4341242580818
9.7117067875207,9.97918986977212,10.4478441906748
10.1156509954995,9.90597460238381,10.3642569063383
9.4028127589486,9.81057625653062,10.2949229646908
10.2317151592341,9.56146041398389,9.68216446986518
9.48728214639368,9.50250548307477,9.66978280480951
9.39646261393822,9.48102087679683,9.70315943583153
9.00555817008824,9.44237255407832,9.78760533350734
9.80858400129553,9.37000418667058,10.203403108784
9.63418720275448,9.46804068692071,10.4495018422186
8.90085679621763,9.55438962428327,10.7314118473069
9.67756124274925,10.0266164417829,10.9139399486446
9.77116240299535,10.1247966159087,11.2438911442468
10.2009199062752,10.1198026764783,10.9103456062806
10.6368212768805,10.1245463611441,10.6261701343307
10.8066636881361,10.129310162397,10.4553773302395
9.52608638614568,10.1687527990546,10.5213330499606
9.61952836537581,10.2070625973181,10.4915707145912
12.1365197806198,10.1983690202422,10.5239945079884
11.0930999704625,10.1968603575341,10.6198072408717
10.7999374614718,10.2154705298829,10.9376074798931
9.96895036861893,10.38574815417,11.177524762852
11.5585013221287,11.5122170225299,11.552129231797
9.87705844087067,10.4473053933511,11.1671501234356
9.18239258848329,9.99221191000442,10.0154515295481
10.1113198657455,10.0908397451858,10.116292088636
9.03604495742118,9.97482221597251,10.16283877511
9.08088220132649,9.99235490138166,10.1756338997384
10.1595597000512,9.93483626912789,9.79838427421841
10.6793848233044,9.64595751314981,9.38157719879094
10.5402875772071,9.91229016171902,9.22594852154447
10.9135952578474,10.0931627426631,9.12516211772637
10.9311775956525,10.3252057558257,9.23493084174757
12.1432298075899,10.3818877541617,9.32136688033613
11.2291663124465,10.3845441400585,9.49848339719762
10.4884720351297,10.2146291752902,9.71090543981927
10.0214172616827,10.009699704618,9.83748330101905
10.130747631988,9.96500966165755,10.072418738915
10.7242790008125,9.97904650126544,10.3289682773228
10.9687542485156,10.0902960391525,10.6265254642772
9.53598751457265,10.4396706732002,10.8006094823594
11.2135616299957,10.1202909170008,10.6955044568585
11.485285145194,9.92390117674259,10.5385737366493
10.9492945761936,9.7783605979241,10.415039534635
9.97245667960334,9.47906459863151,9.76801253486533
10.7729028949292,9.27881529933238,9.7315451760295
9.75462607155626,9.30836085699152,9.73169257961148
9.02693459985925,9.29001794737479,9.78548041048189
10.0726286589355,9.30889857524402,10.1252312911588
9.58692588229127,9.4700802503236,10.2800670512403
10.3368861715428,9.49096858835627,10.4346857744228
10.0163494224036,9.66174404698029,10.4839943196438
9.36105980898333,10.0502887857844,10.9665548604058
11.5046013662347,10.1293196113852,10.744786921227
12.0412475864974,10.1366630979272,10.5594631411175
12.3720846000674,10.1095925804025,10.4300308160627
10.3717913510144,10.0777733247119,10.5118652466601
9.91766916795,10.0826124609011,10.4845455042678
10.5943753170627,10.1007281119496,10.5178533677981
10.4958195010798,10.112074510225,10.6032348538451
10.2107298627417,10.1427841878663,10.8940514409584
10.1838444934786,10.281537831172,11.0700381824316
10.9280089614847,10.5343696800206,11.2145341919787
11.3979038780768,10.2687572542721,11.051206565418
9.08452878668722,9.766402697596,9.40707673340894
8.12736786278943,9.71500052800082,9.49649673925308
11.2289789100913,9.56715129780839,9.61417564596034
11.3053768674644,9.8187158168868,9.74998719866792
9.10618072149018,10.0672599695551,9.99882136234498
9.01695178455723,9.63828677324453,9.45954369688357
10.397019159319,9.74044303271519,9.27062531614448
11.886550912909,10.0552080394232,9.19955280385535
11.3909405817194,10.3575069563966,10.0319396143528
11.8758214315887,10.4647888167298,10.1028298497626
12.1879952853578,10.4325861253778,10.2392074167698
10.2313019037679,10.2057389459974,10.4076886190064
10.9692622207801,9.94702017265218,9.91738560775248
10.8520703418092,9.87180023714076,10.1253887916345
10.060811337398,9.9013803515719,10.375207845606
8.69037770902104,10.0341873335998,10.6804450906126
11.1536457589013,10.7586607029473,11.0736915026161
10.6994028067494,10.1373589017742,10.895828348413
10.7946348086711,9.88976734645907,10.7081616075586
11.1778294493038,9.66358497712095,10.5564927037268
7.90481490382869,9.30152097616543,9.03593634754317
7.27163058732983,9.0699432591266,8.98595196804378
9.21095475657106,8.99319169971981,8.95325873064069
9.97698502047501,9.13806023004636,8.94468018968877
10.1368377159709,9.50641704814322,10.5639773158187
9.76590085963202,9.7836780203728,10.6193879024267
10.4791506608101,9.86698218030549,10.7011183020303
9.41174629447162,9.96189315162072,10.7033588381808
8.42634352403068,10.1369263404204,10.7288467239253
10.9521388473614,10.178131350143,10.6116513782207
10.8504742506028,10.1601068996463,10.5005082050616
9.8752347352476,10.1101749768726,10.408401923813
10.174666055324,9.90262582996618,9.82767833159198
9.47873184515894,9.83205540983535,9.81658724923398
9.63879796721627,9.88936480969363,9.84635994504301
8.95921085448876,9.94288520818322,9.9103450260594
8.77262097562511,10.0339434848444,10.7344766620544
9.63660000823892,10.2610514113554,10.8184936612242
10.805292944531,10.358644184299,10.858568791183
9.78782018621389,10.2573040122537,10.7932852892297
7.52959081976195,9.65268509473244,9.43067130906904
8.67378358801603,9.48328801728424,9.51810211357528
11.5811119820459,9.45029138245891,9.63112875048738
10.9399313956931,9.64505049931475,9.73495930088775
9.31558290664024,9.87526315449546,10.0251335345524
9.05473521965796,9.73933299598148,9.71147088813206
8.14874955726111,9.72353039165891,9.51822148696378
11.26556174013,9.92459126439707,9.42855520368283
10.5735855348818,10.3689339111181,10.2813441832333
10.182832563601,10.5318046322276,10.3436217471148
10.0816464026406,10.4555524551296,10.454357571333
9.93676113988699,10.3183153183074,10.5928676538968
9.85116616847737,9.93811347062651,10.062292700001
9.33288207284486,9.8335015011717,10.2427658993935
9.7987947504685,9.85032245442636,10.4483205837793
8.87776353772664,9.91307719002066,10.6930161481981
9.7595720327008,10.0020989070781,10.9355908863504
10.3131357729024,9.94828921774202,10.9277863140982
9.82448970914353,9.80755743411532,10.795594133424
9.51969946289123,9.4695806857066,10.6523697099623
7.51274427284851,8.94967241705528,9.11776260148471
7.68385055598204,8.72536187189539,9.05436860936615
7.96960050406666,8.88326671593177,8.99389026983214
9.41112594328502,9.04736469655719,8.93798845574049
10.8678787982954,9.77870282211571,10.4840862278455
10.5432932739006,10.0701357210053,10.4743113808838
9.4897666950427,10.1277544242746,10.4844123368627
10.2727311598797,10.1758635230403,10.4715529576819
9.48665534613514,10.1946236507644,10.5161074419055
9.61040190067116,10.1837374448254,10.458079258289
10.9220582562607,10.1565744213786,10.3949327912959
9.82826041508077,10.1060832701267,10.3441098104995
10.8243480151442,9.90607432476759,9.78462836490717
10.0407884422015,9.70128845768411,9.7882052434945
8.92284557045572,9.71344866090804,9.81504603071859
9.39913624468869,9.80473126644801,9.8646929930534
10.0766695326327,10.0990063814065,10.6569244507732
10.8450135410506,10.2964270371608,10.7073108702462
10.6978425163763,10.6217861987564,10.7047638837305
10.1937608105619,10.3506243971384,10.6660231156908
8.61344747726868,9.58124721848047,9.42901996285435
9.48117105514156,9.44766495731466,9.49835782071355
9.75410954540426,9.47072803248438,9.57565976970933
10.3096976494809,9.57233495306684,9.62153007563989
9.33497638582113,9.70437765099674,9.89745899987843
10.3672616736204,9.72479420933172,9.74412288080773
9.72760333621175,9.72387965200498,9.64100200486098
7.91601008776119,9.97015677358198,9.59302803090129
9.37161514198186,10.4196409898337,10.4664348504546
9.55779986609142,10.5154771875808,10.5282213595763
10.393918119956,10.4758839232908,10.6426263941664
9.46561746940474,10.3668899946274,10.7721849648884
8.61998890256144,9.99143685200945,10.2019503469718
9.75909079968685,9.85510951190244,10.3351206929583
9.79483784089664,9.8617974267265,10.494394049054
9.2701080855985,9.88468105138045,10.6923230276937
8.75637149571121,9.93337494509477,10.9173049880887
9.50466901270681,9.9808947880236,10.9907293724497
10.716734544367,9.88641106936713,10.8911564047139
8.73718311704647,9.57791240033887,10.7332895016278
5.80641242220259,9.021629435564,9.19376320306154
9.99435950243475,8.69503079955116,9.15460201919429
8.28660845236705,8.75363162824379,9.05379180138243
8.79975102950906,9.03020101523823,8.92365262477099
13.2072164146788,9.71015541114541,10.3952003122159
11.5055104089649,10.1175189160793,10.3422293122709
9.36592355027248,10.2104570732289,10.318087923232
9.41269147334375,10.1924611309468,10.3041371312173
10.7887954456433,10.1966843420235,10.3700861768781
11.2172174970365,10.175534548364,10.3378968825411
10.8798389810312,10.154027037411,10.3080072107876
11.6571174130765,10.0851454617113,10.2856993638437
10.027857143826,9.87021465708244,9.74526867605086
11.0119165747217,9.63557898999451,9.75181458780653
9.26848459136155,9.65817151295278,9.78340481805896
10.0140728895812,9.79021007376989,9.83366321870251
10.0569825109738,10.1165354079829,10.6246508482583
10.3883110987569,10.320850577397,10.6810742907368
10.6934267218716,10.4077962801579,10.6723259140917
9.84212562788788,10.2858210150633,10.6092761416456
8.59033756485587,9.5924793381601,9.41079912759573
9.24665370951131,9.5608339707244,9.45711479468528
9.68969638430698,9.57751625224023,9.50677536278289
9.0872781124081,9.57485005219027,9.52919285069081
10.9629822695601,9.67038448468699,9.82114188230824
10.673205734508,9.72429110385463,9.76431186167263
9.8732465254996,9.76148398079236,9.70340710644248
8.5002572323981,9.91243087940571,9.68408892116981
9.1717963342203,10.3635371295491,10.5820428800868
10.8611450912484,10.4414495169372,10.6721105357051
11.0439123732816,10.4964567044852,10.8140731233367
11.8093218031406,10.4611333249271,10.9553757993591
12.4004867814955,10.1307160364933,10.3443486856822
9.9010906232339,9.96768521054604,10.4169836810005
9.8670155792397,9.96386683602719,10.5169574511756
9.02937203643314,9.97959542876092,10.6975448274062
8.63564084462262,10.0753092800526,10.9801994716706
9.98149437245708,10.6038077670246,11.1856918769094
10.0779606485033,10.1223579446181,11.0166576179459
8.48021048466663,9.73039742845652,10.7683967489511
9.66395502969295,9.12986439261731,9.2050065514423
9.89947751298063,9.03935839011147,9.20386493760322
9.48301637811801,9.03390420328168,9.11567441291287
8.9070438302075,8.97751620829461,8.86952748687182
10.3257611459753,9.77860894284884,10.2756265086348
10.7373849126441,10.1605889622064,10.2029865244077
9.72285996511134,10.2333395572068,10.1800158268731
7.80805504282753,10.2039966954421,10.1750103908465
7.37380444506451,10.1799713978057,10.2515824998273
8.89554750219639,10.1688217655635,10.2434299884058
9.98534391771499,10.1598580977998,10.2351263602692
10.2221751895011,10.0799324369067,10.2307792968541
9.54672023508362,9.7963859239102,9.70439756223249
8.52259712075224,9.67373881981238,9.71906118017552
8.93457521734206,9.72237943804045,9.75299176821492
9.43167094244323,9.83236647805101,9.80418647715013
11.680636127937,10.109319038915,10.6034214018635
11.1976518396683,10.5060061987952,10.7072253145431
9.82032034730694,10.4174537688442,10.6811820083688
9.79872844612989,10.166692167586,10.5755965677657
10.1433260124028,9.83602573296815,9.83507624050059
9.66483248485913,9.79907447811767,9.86714687206134
9.76583055356784,9.80370892370767,9.89198925825705
10.0328378493316,9.76109578982476,9.90657368350543
11.1347028823824,9.72728519225524,9.74098849280114
10.2868380856888,9.74128837806621,9.72626690178336
10.6588998940494,9.78404827275492,9.7027909962282
9.09246232667845,9.87746040034898,9.71451492937192
10.2226166359505,10.0244843056969,10.0977179646609
10.3911061496485,10.107017785534,10.1957622371339
10.2533825778699,10.2832088040932,10.3594378727388
11.3039340408556,10.6174996772349,10.5579328384639
11.9947843786719,10.5527094662317,11.0979161280778
10.1096448018954,10.2512298484764,11.0753241533867
9.16979469544941,10.2130232224711,11.1403337530846
7.55079430602459,10.1922462596826,11.282058293436
10.1221191250119,10.3166968982181,11.1153088704366
11.2782346981702,10.9808059214727,11.3505706516172
10.2451346693415,10.1352679168068,11.0733178464173
11.2763576228186,9.89163702370048,10.8276637813813
9.37223994532694,9.65158471828572,10.1494456760332
8.99032720999463,9.51085212697806,10.0681830334091
10.7946176035238,9.32802613361477,9.90870669781649
10.8624241030653,9.36360030415961,9.70639330438654
10.6825052311351,9.94644908037366,10.3288519670094
9.99293210994006,10.2100665162904,10.2914555767429
9.11192210437495,10.3111368204027,10.2894885579678
9.46079724262524,10.2644405678587,10.3056366206638
9.0377485759268,10.1727333089878,10.1650674658835
9.38956080358822,10.1591092980113,10.1807244465177
9.94108979064957,10.1616805282341,10.1871092186947
10.370580175776,10.1006155627315,10.1929756335916
10.9640945946425,9.9605167269454,10.0639918846408
10.0515714501473,9.92104420989045,10.0836590223332
9.20289471141851,9.97109206101711,10.1182488692842
10.9392451649628,9.99379992818703,10.1650608172233
10.9339568257861,10.0207488813233,9.8798400507411
11.5839734759617,10.0981572439058,9.94073520582763
9.8374718012639,10.0215147187964,9.91968930275088
10.4289033821422,9.9047616198004,9.8580594744509
9.42810984950597,9.92218235660216,9.81014432850878
9.10230034269084,9.88618907837625,9.82881444198938
9.67665938403838,9.86536302711567,9.84682174237541
9.83949073825045,9.82031365420985,9.85667678552432
8.27920039247076,9.73199651114478,9.70256616269469
8.37773358001906,9.74149203360629,9.7005158091477
10.0181026059468,9.77708427489227,9.70567978375744
9.82163945102335,9.8384618556395,9.72840717123738
9.86622011918434,9.90393860055527,10.1203250572628
8.59644598737106,9.96168523398435,10.2219458016716
10.4440366170989,10.0885152270059,10.3669597736304
9.94109872231508,10.387322902214,10.5417156399736
11.9868177100598,10.5669072199343,11.0804744718082
9.86245908911833,10.3936108398994,11.0329724283403
10.0500505731015,10.328709756195,11.0457676232487
10.6889637053595,10.2378400084046,11.1365671050854
11.830014872931,10.0934169316022,10.8409521351838
10.9172784564399,10.1299483366885,10.9286753861047
9.6104054735061,9.96366695591908,10.7803548793697
8.84106973738256,9.90100637583635,10.5717340542013
9.58838843928759,9.84479465538397,9.9009553773584
9.56295886493511,9.78963268205925,9.71720519975124
9.62531258188776,9.73928929788213,9.53785791202962
10.3763903794456,9.79114067703655,9.37501749164992
10.1829508330661,10.108807732922,10.0653924799308
9.42474622229895,10.2790186915672,10.09199434114
10.8166554028967,10.3361016332534,10.1535940169936
10.5051797855255,10.3049550281949,10.2098445044775
10.4313249970843,10.1982803050335,10.0936456887074
10.9738055197088,10.1761868640871,10.1180517943708
10.148112253287,10.1596554459265,10.1382682108823
9.85754655542154,10.1325678083549,10.1538175748204
10.5275850213299,10.0954555607245,10.0310835645555
10.5754411694701,10.0884672266536,10.0523535263732
8.28073953567202,10.0767336916367,10.0812580083422
8.5379305679715,10.0468783221545,10.1170629959225
8.40912015348484,9.90182364522652,9.81149938693392
8.75772910098864,9.74102968753053,9.83691304967945
8.98950920004187,9.7642161812124,9.83239973975913
9.55260084101346,9.77811391320911,9.79589459087196
9.98921334820032,9.93249270384565,9.78795900715012
9.1182824189308,9.91180337882458,9.79972807136902
9.74284077951552,9.88506129530552,9.8116576758774
8.92514293443829,9.83602934657581,9.82028059333987
9.58935543219879,9.76104270828627,9.67078192758153
8.78754192642253,9.76331799040392,9.67749921665497
10.9428057235263,9.78188813799637,9.69026045511019
10.4242140639836,9.82057971224231,9.72055464680848
9.85439490667071,9.88284991877899,10.1084910426242
9.32405377192106,9.92943680658113,10.1925984964595
10.2883880086197,9.98378847438637,10.3002841425442
9.23689193225613,10.1341704063898,10.4080218773471
10.3383282869247,10.3779000885101,10.9231298969424
11.2567798683161,10.3801301450389,10.9165381685014
10.260370442666,10.3258090874565,10.922654219294
10.767873834574,10.2466176073717,10.9546851129512
11.4397888504576,10.0294605052313,10.5744704618206
10.5207768392958,9.935676551591,10.5634634932706
9.1203101314731,9.91008834149338,10.4616315806403
10.2540237352561,9.90665048330412,10.299692157299
9.42542191934212,9.89807818697153,9.63437073349525
9.75856574876652,9.84857421332043,9.40892933681848
9.81497705779645,9.75766194637092,9.15474299318338
10.0713731975865,9.66776638512984,8.9791922308361
8.53165490256194,10.0524126598044,9.76882875562628
10.7845110541578,10.2886831444217,9.90826092411623
10.32143012987,10.3365037895516,10.0307692199368
11.188842970217,10.3217612760028,10.1218203419528
12.0422638289449,10.2428839407758,10.0316171366258
11.1174112068839,10.175422806678,10.0725465055875
10.2918353209003,10.1523432699516,10.1012179928664
10.1302451438054,10.1467620499813,10.1227093076959
10.1481845275762,10.1123289603754,10.0027714225275
10.1152593858856,10.0991994121548,10.0237737052772
8.3418829596536,10.0808415141128,10.0460668698386
9.45963980475863,10.0307652107278,10.0725367704469
8.708454495941,9.78941994145153,9.75137310165859
9.04214536269404,9.67211101265167,9.76606120967347
8.46820166676992,9.71233860739865,9.76343440073513
9.49800762530221,9.72015786499049,9.74546554743342
11.4899980090397,9.95957944971419,9.76814002845332
11.0705239843226,9.93931621684839,9.77652265241748
9.98889901489193,9.91492275167678,9.78496431310944
7.2595709834398,9.84163851559605,9.79219052221334
8.97542844814682,9.74321130212439,9.64563943526032
11.1893157347219,9.70896218267853,9.65601024918158
10.9159724893041,9.73324856336059,9.6724107022843
10.5863891194333,9.833927684758,9.70177180008686
10.5395047887418,9.91670283044053,10.0818296573983
11.1044563318586,9.95268373662615,10.1455431518643
10.0251468885758,9.99470693072083,10.2214445514469
9.41290987170349,10.11921257842,10.2806117085469
9.76784343847008,10.2657374577048,10.7925874722748
10.5825570779151,10.2995573247598,10.7924628426951
11.5716204441963,10.3002356736453,10.7826649496761
11.3095995631855,10.2414324937051,10.7798321857939
8.9298964486617,10.0796311301241,10.3543243935104
8.15933643739343,10.0227211737424,10.3066623934559
10.0634912170416,9.99124153154557,10.2148429232725
10.1753599977952,9.95697361304572,10.0673761388866
10.3634161727071,9.89184278549525,9.41972598286777
9.48800924272907,9.82866736914571,9.19166338930621
7.56431229530273,9.5440425996918,8.87833070694542
7.87036482560102,8.74572322449711,8.58215996096782
11.3602590544202,9.98269728420177,9.57050676464914
9.93124111393412,10.3079706248272,9.80191129768151
10.787025374662,10.3583462505411,9.95543145436156
10.0906054915588,10.3698954393188,10.0648530549947
10.9907074016985,10.2257144379905,9.98340090627257
10.3418799329193,10.1619126908331,10.0349951824705
10.5191027413443,10.1488440002574,10.0701996689361
8.32240753546904,10.1269857901362,10.0970994018549
9.99932564701041,10.0924142109908,9.97903100302393
10.5307608975339,10.0577923534183,9.99958045931411
11.0792611602918,10.0517090430427,10.0189641405997
9.29029369367685,10.0019942091036,10.0376638852583
9.65123123861325,9.83130424803778,9.7096845645608
9.99553051278485,9.77417152736922,9.71867659701903
11.4672775053348,9.84154467772412,9.71693290135576
11.761163372876,9.83329288669577,9.70915793584495
10.5944337604545,10.0358877883033,9.95217693609531
11.0299695442588,10.0278360991873,9.95779492015306
11.0328865973332,9.97839427190459,9.96422062034239
7.89353712696814,9.81798631314948,9.97147961653174
8.35525126068299,9.6229489429596,9.3808689553087
10.1237811847112,9.53192263831242,9.39145010824998
9.78962583948692,9.60794947680988,9.40644918923192
9.98337595612698,9.841636687846,9.43107252987982
10.937087182805,10.0226144153724,10.1987965551484
10.3554229615898,10.0869099292374,10.2510304654917
8.57526997498731,10.1205998462945,10.3115060151307
10.4017363136688,10.1689482412056,10.3659015813467
10.6590968685794,10.2139693962649,10.5803836619617
9.91001134747556,10.2332196414071,10.5749033218741
9.86968229915033,10.2658109232161,10.552482254928
10.0107522956446,10.2766474290837,10.5212920764254
9.16373408086563,10.307615907701,10.6417172185245
8.95866711242857,10.3735517353783,10.5785735885779
9.46041418943609,10.327943494798,10.4732381709656
9.36508982968431,10.148583666012,10.3250581581655
11.4226645119793,9.82534798286429,9.30506630194151
9.5280194640563,9.74958761314081,9.11061997203356
8.42790262608013,9.6563240439677,8.89376630798552
8.22871075050607,9.64597982140719,8.80547354313326
11.0037175276545,10.17207780594,9.68522081985259
11.6562730153617,10.3453069467555,9.86295876885934
12.3363584024792,10.3705248166936,10.0127093468169
11.7698086904996,10.3400316239028,10.1195865651645
12.0638546920528,10.2385679527365,10.0063454902399
10.6320914775136,10.1679934771613,10.0601285101524
11.1880285873335,10.1733831247617,10.0985398650282
9.88604596527442,10.143395964272,10.128564428392
9.91739847468909,10.0205498524995,9.73375703125527
11.5628685465244,9.91807532110671,9.75360169102701
10.7467336985988,9.93131748086003,9.77129727234027
10.715083737609,9.90220834283565,9.78646937571626
8.69420586355272,9.94491024676209,10.5193392977173
8.89697783570279,10.1561640409744,10.5267313610204
11.4725996499571,10.3063319526221,10.5271355711411
10.8646925342469,10.2285663784712,10.5223766047602
12.100832815507,10.0603526092982,9.93330991826445
10.8017450048894,10.0705398872501,9.93687470678013
9.71898670109115,10.0347129034538,9.94245640523621
8.99700335939378,9.83991256977301,9.94948369712446
8.18675020039407,9.58051974071971,9.36031078167649
10.5886057980939,9.46634240207928,9.37002608747933
9.88148856997138,9.5429097927463,9.38354290949519
10.368608711105,9.78367453272135,9.40372058808382
9.78250120146647,10.0641887468021,10.1619026027225
11.3708151947618,10.1357701235482,10.2100312529364
10.5079898815052,10.1618947786087,10.2697870610246
10.1327294194638,10.1696623370521,10.3310724085609
9.89954153874975,10.2167011960465,10.5507393196166
10.9787425673657,10.2323099479744,10.5257544451763
9.49832796760309,10.2461787237051,10.4758117085923
10.0415550871421,10.2735278782685,10.4242454704123
11.0445777526921,10.3948878154383,10.5239082459207
10.2957296976622,10.475277359516,10.4453014675049
9.94306102677835,10.4703301408142,10.3351047932577
10.6058044321749,10.2563593335435,10.1892701942071
9.62614277179847,9.79878065190867,9.19448730364722
10.2734772904833,9.63313566680947,9.0515133007445
10.0463660136489,9.68396369028927,8.95602653295587
9.45529166047201,9.78707291094507,8.92997999154272
9.7640693091608,10.2248303646104,9.76921196269144
9.42536365204837,10.3763353514243,9.88972698156654
9.39489269370145,10.3582250174288,10.0062218309992
11.6609290566897,10.3474032809865,10.097284799419
10.5561546358175,10.2755917269372,9.98018777657383
10.745802989989,10.2097705439115,10.0338162936373
11.1103621343077,10.1687862817797,10.0757542250073
9.38847175939243,10.1278189474757,10.1090800738109
9.64237344340249,10.0198253079887,9.71758420734381
9.97509087915244,9.85747886977707,9.73860568586616
9.01166225233699,9.82834612409968,9.75648722913581
9.47255547881227,9.87137458711983,9.77063009500526
8.96445715543922,10.1509751230193,10.5015506268028
9.86702338698133,10.4256836516732,10.5079926662598
10.9860791298538,10.4906614174366,10.5108108154728
11.9063730420077,10.4588262217664,10.5083654490288
10.2482497175078,10.07439977183,9.91070794596432
11.3064153806961,10.0915827822101,9.91283757343592
9.38802290631248,10.0461509489217,9.91829071549167
9.05004577503841,9.87285464462055,9.92689306813191
8.03766938034511,9.60319492791159,9.33950435442516
8.79880251025343,9.53880005973651,9.34858731339221
9.23238258539182,9.55306130048256,9.3589840136518
9.97691158305734,9.74530193042304,9.37284078671753
9.0256154296845,10.0688110494323,10.1221626941414
9.32282085897387,10.1392343050158,10.1660134456456
9.42820087274332,10.1666167971944,10.2383576734673
12.1824658903287,10.1908215123483,10.3395487590051
11.0944930782061,10.2504871099648,10.5790201499101
10.6963304802981,10.249343927019,10.5212684908951
11.2001541544639,10.2428252427794,10.4163496460333
12.6182786999362,10.2894837984587,10.3514123143391
10.1803012396897,10.4470664366202,10.4426201021638
12.1064937184885,10.5264216987657,10.3571341946992
10.0919216226206,10.5196778553177,10.2363330592055
10.8166184421326,10.2081359574644,10.0773807558618
10.1622039843415,9.83383746538215,9.08998830582321
10.3817400570816,9.64836605405181,8.97732767064891
10.2498108651515,9.62875162095932,8.95417902222054
9.12064653462231,9.78386441157694,8.9913480205794
8.69258548884309,10.1600362914572,9.82977741918768
9.451071592395,10.3535638057138,9.91892790516861
10.3890040132795,10.3590337159179,10.0030161657242
10.0527555387738,10.3481036213397,10.0777900493414
9.50236428197419,10.3091432507938,9.95332756411958
9.73049125877741,10.2368817385027,10.0082444379634
10.6590966884074,10.1903467436178,10.0546754481225
10.5783361475566,10.1422432773592,10.0912930634622
8.74796006105646,9.99511001393024,9.70498339727223
10.0505124353075,9.86055690865437,9.7275565376161
9.21391717483479,9.82072003108006,9.74682954742893
9.79685957866035,9.91278079639718,9.76243899253643
10.4261285913877,10.2918428810195,10.4935007751963
11.0561235326638,10.5079245899882,10.5016678023451
11.3637636183419,10.5670845943067,10.5057503342876
11.1483877083057,10.5111369980578,10.5049668159112
9.15478403991122,10.0535455471142,9.88003935070832
9.56263774017853,10.0659849686564,9.88257856249465
10.1559827201933,10.0200175893554,9.88976778411572
8.75585735738761,9.83129066708279,9.90162494237789
9.31202036546052,9.59470834514563,9.31769779870247
9.33012743473159,9.52310859802516,9.32749702396793
10.1470491047452,9.58980722487981,9.33468793661644
10.6502319724535,9.79780664699008,9.34287894331623
10.6790728804052,10.1034627091248,10.0741814193577
9.00449798441354,10.179583851162,10.1032873542539
9.06156988768224,10.2006348972532,10.196164082229
10.6867559927555,10.2486703335476,10.3465854441935
10.691694193788,10.4480056181009,10.6733879473159
10.7276783687311,10.3442097463924,10.5100407226937
9.71926019756272,10.2409607587567,10.3603087800897
10.2130841398877,10.2881862972092,10.295611579005
11.0519895200337,10.3664676422939,10.3939565766662
10.9501377152967,10.401827159591,10.3132177635825
10.3921959680355,10.4130202102213,10.1773722094313
10.4391635945276,10.2778066584695,9.99717016134007
9.41292921276174,9.76247044413286,8.96457059517018
9.12523518633298,9.5923787848633,8.84715311948905
9.50199165900729,9.68938228730888,8.92683469411427
8.44064717554789,9.80332673754569,9.01246002594079
9.08675794161097,10.2585214612112,9.86490980396369
8.94024097952376,10.3940803336267,9.93549112952252
10.5563716683356,10.3935777627721,9.99068887686316
10.8995278283493,10.3582546859584,10.0494004265067
10.9895059300522,10.3077210994211,9.91913270360983
9.47324221513611,10.2493369126604,9.97582718073922
9.47302580029605,10.2107879163984,10.0311161124304
9.32114539579294,10.1409014884871,10.0749517365131
9.96054397731112,9.97112540957733,9.69258534607116
10.6094824767395,9.84261266121371,9.7203771073906
10.977690490573,9.80887835731448,9.74268017469051
10.5701096294928,9.87769835271669,9.76143457081359
10.804026162387,10.1993649303822,10.4948498493739
10.1323207452633,10.4240667801169,10.5060222924057
10.0220157235518,10.4506568741358,10.5111855145307
8.92123636405129,10.4396861438382,10.5110399295371
10.3346863052042,9.96659267029883,9.50771834161187
11.605409156003,9.95672460640072,9.50878219305667
10.2979149843611,9.9382776329797,9.52150539481245
9.12894086598819,9.82360416090203,9.53952515238674
8.99503875531935,9.60897845837072,9.41158847649518
10.5997295038111,9.53294005624667,9.42298037600919
8.8857258772529,9.60477436308572,9.42939131432879
10.2921730370443,9.90052681873003,9.43029130759983
9.7296562109293,10.2026939120761,10.220578165709
8.99471229733814,10.2567814297289,10.2237999983328
10.3947062015453,10.223403592475,10.2641998443153
10.3037441605838,10.3427898541774,10.4973011814564
11.0897357833985,10.6004482895775,10.6300602578613
10.1230224659464,10.35458316569,10.347973641055
9.43318648976405,10.2596849921181,10.2725837005642
9.51947353480621,10.212670162496,10.2335194350888
9.33561256309596,10.1094047772044,9.78777126033878
9.90245822690951,10.1111020403696,9.72049334186333
10.8907482885117,10.1287592725776,9.60441717428726
11.2895346954633,10.0878130425112,9.4259606043
9.1783765040905,9.67734870845468,9.27944064779
9.00180722953067,9.20759761569138,9.07155061213104
8.77408935044566,9.8087962855714,9.32494311246618
8.62647043147346,10.0249753030292,9.46904837634878
10.370696546834,10.490192659116,10.1429731926814
10.5659669566925,10.538129283403,10.1851210949136
10.8142629859502,10.4863645394477,10.1967576634888
11.5164510803907,10.4885922158892,10.2296052515429
10.8003743003059,10.3330779056329,9.86518839130334
10.6318307692585,10.2705143305917,9.93790985348613
10.396659461013,10.2397040566032,10.0035702032335
10.6449425868055,10.1668622592373,10.0582973181697
10.0735507227395,9.96179947591372,9.44259550020728
7.35785520736156,9.75455441153981,9.47452081570683
7.58230547297515,9.71830786754807,9.50019047631417
8.7863905408652,9.75352732483536,9.52257806490738
9.74995230155421,9.91515318427516,9.70114841822949
9.44704868672275,10.0362920912736,9.71517772890687
10.1772739663755,10.0206155598106,9.722657249434
10.0551421257875,10.111413051963,9.72343544184376
9.33636023406044,9.8801311580117,9.45038049584871
11.6546839466769,9.86472774897776,9.45604194092271
10.0876002335642,9.86543526898312,9.47802190294663
9.3074813013987,9.80089863855115,9.5082007854018
8.72796093960102,9.62870795197554,9.39066664877465
8.26828376738638,9.58805614803356,9.40647636346109
8.50898483738766,9.66088226119822,9.41416207654943
10.2990836588458,9.83059820367257,9.41350558899832
9.37072827131237,10.2263024515084,10.1986581334578
9.77659797789222,10.3041320804262,10.1861599187525
9.81039668535627,10.2782756503403,10.2198160066618
9.39961334306762,10.3178893741631,10.356798506121
9.92806898072973,10.3369287331261,10.3852488039449
9.76662997811271,10.2912657028276,10.339935968934
9.97660320537347,10.2547646043193,10.2738024148658
10.3293244705553,10.1725483613624,10.2383846134825
8.10879085496637,9.99241188459884,9.80558145503133
8.5785477105587,9.92004262417657,9.76724512206065
9.85865607102373,9.9174517110323,9.70332198912113
11.1244888492814,9.90172965285369,9.57942679395502
10.7114390195294,9.84617915044927,9.54066956948264
8.85271743640813,9.75693434285272,9.42287536748322
8.70557236587369,9.98013736404416,9.51260947304096
10.483242767573,10.2178955331046,9.5904253725257
10.7716714244408,10.6466606795052,10.2113734259663
9.72663279640502,10.6874758505579,10.190138296706
10.2869234857289,10.5744665683476,10.1442151541932
10.4344847524798,10.4931019053485,10.1318794319948
10.6551396330484,10.31578994058,9.7903605180081
11.6810534776691,10.2768645682735,9.88964495440422
10.8268293249346,10.2572050032165,9.97874888003937
9.48472024702136,10.1505155167044,10.0451156265613
9.57862172630565,9.9302989962612,9.43543056612948
8.1429521810212,9.67869943980219,9.47282124695723
7.00591619694902,9.63648951045077,9.50418903167817
8.36678069907039,9.61469969528554,9.53259942389607
8.79533216919071,9.69066582496114,9.71928523347109
9.06898952866563,9.7532485669669,9.74150390527194
9.34276237822521,9.81371091124916,9.75258411511631
10.1279883770523,9.872063674711,9.75015608892079
9.19977660861066,9.71573300968974,9.37208498267048
9.73809601853896,9.75218925933867,9.38676834798995
9.10034972469603,9.82655023414519,9.43273457769867
9.04401887676312,9.77323521145003,9.47948320663853
9.48881979722201,9.61867935872254,9.37061084569924
9.38348260714734,9.59008193313976,9.39480393499918
9.84056105870373,9.6457527019603,9.40683428962251
10.8357740233525,9.82838245277239,9.40963245520991
10.206265566838,10.2374978564626,10.1985822436512
11.0673683602359,10.356414830073,10.1993971748663
10.3777085775323,10.3369930218155,10.2345826176669
9.80664255321074,10.2875838519043,10.2957852076205
9.73483883967829,10.2684207281239,10.2968348133873
10.3077248745196,10.283120469161,10.2925529802559
9.42878514825142,10.2638039835341,10.2703042075692
9.28792237944898,10.1851120163922,10.2580212485152
9.55857902080778,9.97498411253238,9.84761866676907
8.73749365123061,9.88666015972588,9.84902310955138
9.93676722924953,9.89153731540306,9.85350590771545
11.6636162490104,9.94199947349549,9.87204503553301
10.7546915887177,10.0360700191358,10.0032265509492
10.0538379951362,10.0518734813887,9.92473532452772
8.50354043237345,10.0888415282795,9.84786091687445
10.9552394431455,10.2201588692135,9.77874198685925
10.7031949291781,10.5164218364827,10.3173041126183
10.5019740425385,10.6725492412084,10.2076430382063
11.2855737960689,10.5626853976891,10.0868646715982
10.1725517932966,10.2056359100697,9.99365786619663
10.1105972158459,10.2260761472151,9.72350484081887
10.7920697538485,10.2262074779732,9.85957490535366
10.6698375574195,10.2303519869704,9.96504946741763
9.59249669359928,10.0962883149382,10.0385269082421
9.38680702749336,9.80917077611911,9.4341610269148
10.0226578931047,9.67750473713781,9.47432399365638
9.57375616363107,9.64505396445167,9.51019351730155
10.4366962051827,9.66230674652147,9.54619164389273
10.1195382133201,9.70303114183377,9.74320375603984
9.67410817207728,9.75105936045971,9.77920161047333
9.60882026121062,9.77461641038249,9.80024996404805
9.86028721527339,9.81339574909994,9.79061195994882
8.99409534978715,9.54684828268532,9.31836908695826
9.72061165782315,9.57473162438152,9.32843280711698
9.17846542958285,9.7824974478724,9.39588066654166
9.71107987976255,9.7442851662874,9.45904666702368
9.40726070732016,9.64205353801358,9.36191167553342
9.21505289965738,9.586367499451,9.38959066759112
9.1911645188813,9.6574185189209,9.40546749273049
10.5299098812396,9.82629388796998,9.41300071725472
10.1750665802337,10.1958438020787,10.2094809925077
12.2884156420978,10.3438697457095,10.2166571493537
11.8822606117288,10.3401243600234,10.2393236404887
11.0054935841496,10.2753527999775,10.2711982640321
11.6242188906316,10.2206704402112,10.2572219213789
11.8064954295143,10.2573713497079,10.266685065644
10.5142670179457,10.235378041633,10.2707148707294
9.7434298505263,10.1540026444822,10.277875662043
9.16821144890911,9.95708796789323,9.88839030324327
9.81082947197799,9.88764542329793,9.92943981794285
10.4017969771731,9.89836646455682,9.98944665488846
10.8022498389316,9.96489020656671,10.1014457483956
10.6729267319145,10.3188137087384,10.4400615933827
10.5363634445287,10.2774435051229,10.3673277750365
9.91702764130598,10.1392394804749,10.1561934287721
11.445268036271,10.1816737520084,9.96374796378064
10.6828671608473,10.4141211390936,10.4325661477409
11.5119325898354,10.5834574733817,10.2811240396165
9.99885556678438,10.5316042404415,10.1187848668779
10.6642603269269,10.1825129742155,10.0417763623948
11.0566137916873,10.1549632062229,9.73116929001826
10.4847757716503,10.1939567923883,9.87215953234278
9.85975849768051,10.1794544096588,9.97131272448669
9.46898111558045,10.106921318271,10.0414832936383
9.6809018146074,9.93158558268605,9.43713209039159
11.9531304558621,9.71243544840661,9.47923787104728
11.5019171509778,9.66396832890333,9.51773708973766
10.3634733788491,9.68473174804374,9.55878214733232
10.9034695202979,9.71016208423765,9.76761419466546
9.30561618264559,9.76594407107018,9.82556099589089
9.19954707682867,9.78217027391466,9.86147872834156
10.3065347573634,9.79267143410838,9.83867868775264
