"truesurface","",""
11.1685495362703,10.7410739947603,10.8470635806714
11.4950881627175,11.3484333494009,11.7190877954768
11.0132627957732,11.461356402762,11.9004748569656
9.66490179148607,10.8933649710636,11.0924403158931
10.045345502704,11.1002528598969,11.3597260075698
10.4054951147865,11.803231007702,12.2814793587896
10.1806978904724,11.4244699196657,11.7248435922321
10.2952641713406,11.9575138177613,12.407187284851
11.1108539676942,9.96657160427351,9.71915951071976
12.5057287086234,11.6595724807596,11.9752436490433
10.4916530595785,11.624501133985,11.9236391089927
10.5429896867675,10.8661317281244,10.9057408076644
11.1877852330149,11.2706672778418,11.4484084605178
11.3807470043253,10.0307786361525,9.79654176052869
10.8884200480137,11.0597512885631,11.1945480262486
11.197507875694,10.9742778159575,11.1343601629574
10.630583392845,10.8501456609335,11.0724284953862
10.2526744706326,11.0328563323007,11.3392736416611
11.4591668630556,9.94018101113006,9.78457215470358
10.8601687498234,11.5991879069623,11.993899989916
10.6179007861719,9.93380114304686,9.52598310497235
10.4037375923911,11.1914380374426,11.249349664503
10.9595572544228,10.7274396318593,10.6423137127344
11.591492463763,11.2217092754312,11.3006352501343
12.4477433690922,10.9525417033776,10.9333024843764
10.8767094307913,10.9051663666764,10.869120650898
11.2721000446448,10.4274105004367,10.2324036750238
12.3973448676364,10.6293464970049,10.5019707965585
10.4420075074725,10.7025701207486,10.5961366601754
11.03360056317,10.1852482502853,9.89385474621909
13.5729684980953,11.6884480632259,11.8882171348298
11.6529858725491,11.2224421378292,11.2300995717165
10.8885835600383,10.6728285534241,10.396524351433
11.671408397424,10.3358616862008,9.80591717677158
12.6250798213116,11.8490295239033,11.774601467487
12.6206128057958,10.5366884079914,10.1467083367228
12.925258857436,10.7986367102746,10.6155721567695
11.8685256432026,10.7006638366072,10.5372655027446
11.5649134536428,11.4741390540081,11.5916796564666
11.765109055016,10.994230308378,10.9455493375445
11.2616331381653,9.92171602075618,9.720322637037
11.2097432878283,9.9594609434888,9.79908733135354
10.8823228150661,11.4038905241113,11.7414143753904
9.66706622320681,10.2510406851079,10.1706464686845
8.52445656663406,10.9768548087033,11.1259998137865
8.42227653639417,11.8694534144949,12.3095788964634
7.41460169896954,10.1674639551612,10.0027224719311
9.58153755611735,10.3082777524243,10.1709451715234
11.2324481206265,11.9241724173416,12.321840095899
12.9246268249038,11.6499570100852,11.9501204293021
12.1561639403254,11.0523860455084,11.1499001727883
10.1701474494203,11.9085257432292,12.296728307626
10.4981538299745,10.677213309788,10.6479955710216
11.289460133997,11.7679184558702,12.1124241472544
9.87317679193128,11.2845263346937,11.4800975113936
10.4070271441014,11.4519324836003,11.7400839838297
9.72454412985626,10.3800698217672,10.3686415735057
10.4922422389838,11.6711088594046,12.0936691874244
10.0160682516481,10.6364149378522,10.6646052503805
11.1768720082881,10.407648561019,10.3450210331524
10.2791559358113,10.7025915648834,10.5342947095564
10.6372937661524,11.7196170771893,11.9754784247278
11.1432707038332,11.0934986658627,11.1841247511316
11.3355972350202,11.564707033227,11.8077948742493
11.9931817074097,11.2765624776734,11.4114464978242
10.4332656976554,10.5450329947622,10.4236162926396
10.5367444771114,9.95874084467025,9.63850340969303
9.72684825693575,11.6487512458408,11.9042802256089
10.7596921874505,10.5552838088015,10.437425866621
12.2532436352456,10.3315859240709,10.1281051724642
14.0135091097654,11.4889041442247,11.6601773775728
12.0494616906062,11.4854998086612,11.6219171112053
10.5739045052993,11.7123604176427,11.8289698448203
13.6023438359336,10.6880532957396,10.1545351586703
12.2120912274479,12.6903733633451,12.6247765555045
11.0468140070783,10.767840454724,10.3944612002608
12.4184850254563,11.5018720952638,11.559569270518
11.4304565827751,11.0951920279228,11.0798430699749
12.6100127029522,10.470169316696,10.2629716732811
12.6983075920254,9.99344673592201,9.61557166385492
11.0162038266485,10.7863401254545,10.8707289973139
9.74501860849874,10.9803896087573,11.1415499221664
11.999872216613,11.6725177596907,12.0614189793992
11.368581240368,10.9255362861122,11.042340095644
9.24995456586512,11.3954187463681,11.6483584508646
10.0263236752941,10.5353636726891,10.4823491714337
10.756109056673,10.5144152681893,10.4390646581941
9.87631935485607,10.549691561759,10.4753909064938
9.91460106165359,10.9143150053092,10.9609465903202
11.6528831260115,11.7182483156745,12.0410352079936
12.8824060162791,10.3357207598708,10.2028461685489
9.87911887700803,10.6771079646853,10.6719252020158
9.72224425860533,10.1170533455148,9.91986273840079
9.8551146888451,11.8818117502058,12.2761982306742
10.5965992212192,10.3256415752011,10.1900238226821
11.2109784229338,11.6246589566782,11.935776710743
10.1507111428378,11.7699237375831,12.1441777196892
9.38349487417902,10.2224736776691,10.0489133097185
8.88556599551143,12.1289413207908,12.5598694780294
9.86513285143878,10.3951378765464,10.2215804212642
11.093818531508,10.9687273381987,10.8236762440094
9.99686720577842,11.351721888393,11.4633841965492
10.4590668258428,11.286998155752,11.4620541707034
10.8653613145029,10.6977045836946,10.6728528399648
11.838401251832,10.9580879418442,10.994762038743
12.6231045229599,11.6818092161947,11.9537973710895
11.372438967244,11.2962960251694,11.4402946819481
10.786524726481,11.815622739895,12.1405395988211
11.3884855426268,9.80686856520113,9.45169712907924
11.5594584979585,11.483191405994,11.6886510011792
12.5749551450154,11.4192963389074,11.5938957934675
12.0161877140412,10.617788040442,10.4990128255758
12.4894100195068,11.0541031818963,11.0077792959739
11.8735030687159,10.3748236421772,9.89148099640596
11.2931899715741,11.6489268252993,11.5406063479868
11.9139675737268,11.4773604901943,11.4332735687499
12.1900590688135,11.4716005139058,11.5270015966787
11.4379996076958,11.5996776509326,11.7492198231173
13.277032235795,10.1574726639384,9.82592421315676
11.8685523970714,11.6945237369227,11.8748342523065
10.6849855665705,9.91319812950697,9.72711578473217
9.80949978156026,11.1519078330657,11.4188310593308
10.4780718727727,10.7194280733986,10.82860761621
10.3297228816385,11.2588844270295,11.5092579858778
9.5993022502066,11.0379977667232,11.1676537526326
9.77039440982091,11.020188410823,11.118379049787
9.94316628872247,10.5576665409251,10.4854115528625
8.7750391775721,10.7591670194221,10.7490938487537
10.3227341495785,10.8156161373405,10.8290722682541
10.8044235087466,10.2598454024554,10.1012618270024
11.3376404219445,11.6773548650171,12.0376867908399
10.6008730360901,11.1248250185954,11.3295361509535
9.58369998869474,10.3868322033478,10.3365156176283
9.64148320348465,9.80291799974621,9.51836591383613
10.7260013655529,11.1771873212078,11.3367875756092
11.6027203774849,10.1339539144967,9.92941997321208
11.0718246353032,10.7112063094969,10.6794385528367
10.8640165549353,10.8918245016419,10.8709639430002
9.35597442242975,12.0003535752038,12.256965384499
10.4193097832844,11.8242452192629,11.9331421696867
11.5794885626618,10.6619501118721,10.2361697260489
10.9581928019553,10.1962552383798,9.83318885914573
10.5190239108181,11.1161609103367,11.2602714231136
10.0967406547761,10.1032007442257,9.84958714052961
12.0729220941131,10.9184944686544,10.900440013964
11.9258251928791,11.8220130010788,12.1057316577752
10.5586767036265,10.0859481033097,9.79690800582236
11.4959659207016,10.1931351327268,9.95518695176075
11.3673086813733,11.7814017937013,12.0920748796113
9.78910712622968,11.4863500583996,11.6998733580238
10.2083911504058,10.8727381597778,10.8757776790833
11.9163850519432,11.7220933094539,11.9979944152171
11.7821414943377,10.5357406171426,10.3621201282272
11.3815693775224,11.8096910414614,11.9864184390306
10.3860842776719,11.4101107441012,11.4217574865423
12.2489155750452,11.5916371524626,11.6605411462631
11.3677833589613,10.6653184873575,10.4465459751485
10.7577131813152,11.9553941735257,12.1767073981355
12.3908279060143,10.803285105495,10.6172192142074
12.600811314457,10.4815628693474,10.1678108089262
10.032078165537,10.4813283962353,10.5528213675841
10.2918040016207,11.4500276735942,11.9560928593873
9.72593910307097,10.9240195935781,11.239416327538
11.1296643772909,11.5432721309749,11.9519147097813
10.9637793285262,11.3534371933603,11.6099078140071
10.4009336813272,10.6588719492684,10.6404011006595
9.14479247249817,10.0981528823942,9.86920886654845
9.23959917550706,11.7981045376566,12.1401000878207
10.377745114961,10.6873077749689,10.6628618277535
8.74089855345848,10.4062521235425,10.3193811479247
7.86666382947417,11.4281348646202,11.768365888222
9.98288126217569,11.2397472355906,11.6128755248354
11.1871836201684,11.4949222053933,11.905034993726
11.1741572297795,9.86182325917515,9.63281073757707
11.3548653112547,11.3890172711233,11.6402563669485
11.232128383996,10.2222137439159,10.0612383772622
10.310895772986,11.4733841813559,11.6807872962028
10.3966815602221,11.44932076536,11.5572732751927
10.5321649246995,11.256996651701,11.1540682026765
11.4324847505674,11.4402845145749,11.1727577121316
13.24551157346,12.4164279247257,12.3181680653024
12.114341142489,11.592949863024,11.577309048762
11.0264269213668,11.7806680184294,12.0141594896978
12.1157691246435,11.0169841189959,10.9802604777617
11.1386238220723,11.58757773454,11.6845295133374
11.3952709361711,10.6648226793785,10.4692757023507
11.1588437019999,10.5497629966222,10.3548255570244
11.8178716048622,10.50902041184,10.3331443562723
10.8472510607792,10.8267513771899,10.7859044497337
8.9900892801918,11.6038272038217,11.8484858808237
9.69533294395277,10.2205944810834,10.0061846621469
11.8437525111675,10.5715493702397,10.4725160496809
10.6684883544322,10.0222744116358,9.71101480458392
9.25946155485354,11.7920664862602,12.0460536709999
9.82807840887075,10.2128269586979,9.89412408169893
10.7790082472179,11.4518710705794,11.4983195015881
10.9221282513942,11.6645590255109,11.7472844800202
10.6791014439568,10.2848102804806,9.85579761101385
13.2789524932804,12.2551977719051,12.3920965101001
12.8980204294143,10.4040312100398,9.92573938678716
10.5216467379482,10.4881216643485,10.6054216787907
9.86360208471639,10.7822274127268,11.199514689222
9.14435499342162,10.9150481104467,11.3636574776698
10.6250397365102,10.6299374071835,10.7763699150936
11.8398476097879,10.9935380178804,11.1467381756033
11.2790896512555,11.773158884622,12.1368524557214
10.0616215255078,11.4279444911595,11.6514009117396
8.32832817227802,11.9649501537135,12.36606822857
10.2073125799468,9.94666221316987,9.67688633033204
11.7448366794336,11.5782933727103,11.8945440176387
10.1122968498671,11.3792187697039,11.7113860029809
9.63887822873602,10.3907933426851,10.4973566167856
10.5005440198083,10.9403958280012,11.1694690292025
12.4932825741523,9.90859549956106,9.70022875064098
12.3664862585448,11.0844854028788,11.2328999997812
11.8019647444945,11.1274629677039,11.2974726806837
10.1350879333307,11.5834338621748,11.8010094941261
10.713554924334,12.0870741389606,12.3598625231345
12.1886382588132,10.9537576386105,10.7175901240529
12.7550620418732,12.7730354796109,13.0555934476253
12.5809539224011,11.0257263787428,10.591863895821
11.8617178037101,11.8754934188963,11.9370076626902
10.9137088430312,11.1113274159319,11.0443808265409
11.847437071267,11.6249873056472,11.7080431299813
11.8639879613462,11.6307704295105,11.5826816330227
10.7463374110991,11.3792251774041,11.3201832022177
11.5115344264956,10.744670219392,10.5279956367742
11.3600105636864,10.8548970663436,10.7095988071784
10.656040914383,10.8225604710815,10.7277087685338
10.3204518722858,10.2290272738731,9.98279643216373
10.9100922693068,11.6735821811694,11.9449147320105
13.1847110518577,11.1561019571678,11.2583611493447
10.2691040230752,10.3875009760356,10.2135929907842
9.48755072027937,9.69617654721827,9.25779837230003
10.0425791126084,10.9729483182204,10.9240388473393
10.8279346454318,9.93171267113402,9.46975691059196
11.9828961237368,10.6099479105824,10.3102071903451
12.1406976305492,10.9319221918535,10.6211186578505
13.7376027872046,12.1263541486818,12.0208844131606
11.6035949198242,11.5680597000568,11.3440175676483
11.6968411123059,9.73200656810589,9.56387511426779
10.7826496589272,9.54088028024448,9.44724279789642
9.94858371218083,11.0053308319528,11.3821461700059
9.55941545068235,10.0088742982487,9.92330464175983
10.6750920494688,10.8645139512035,10.9727046438061
10.3829306404673,11.8313306052405,12.2166995557655
10.2217856344576,10.1723700423496,9.97016678476369
8.28003046582063,10.3288515505979,10.1749555677099
8.80420578770841,11.930842861599,12.3323874807312
10.2452971059283,11.6140393351651,11.9379948102659
11.148672774926,10.939437809022,11.0785309074135
10.5278431524223,11.7226655183533,12.164702661848
9.12965720220284,10.5514955628666,10.5655103583748
11.143436071242,11.7645624793734,12.1365100212395
12.3423935361997,11.4400514417379,11.6526178747045
12.2099590832354,11.9322539157509,12.2198418561836
11.4922026583513,11.3055854287751,11.2670517639885
11.8999066099661,12.6023354560082,12.9750857079522
12.9651499385041,11.3958004118301,11.3435926436336
12.1354042828694,11.1447031498594,10.9596417255104
11.2921915552339,11.1014514165685,10.8522623657175
11.1733272407498,12.089399956173,12.3106037937495
9.90625562607405,11.4721493818149,11.5474008507204
11.2873876575041,11.9706976508019,12.1958077698633
11.1389219187663,11.7821777676771,11.8741313934383
12.3587232588966,11.0725203259233,10.8882291529235
12.1762792088489,10.4268586661788,10.0249401735257
11.6414634190516,12.0665622205053,12.2144066012806
11.6861387860746,10.8106266235769,10.6445872551822
10.9168249293654,10.4696728546944,10.2797115072555
11.5542470108551,11.5896267951514,11.8175203667902
10.0065034169972,11.5638680451662,11.7946463669462
10.3814073858664,11.6713338344005,11.927634017587
10.5541626138678,9.81864422874759,9.41556685436955
10.422069700056,11.16166664591,11.1420353520725
12.7197073091121,10.1128044578473,9.66519205562231
11.5309170184069,11.5336412911725,11.4782673666694
11.7448123284446,11.5818313168507,11.4047931768044
11.6554420910973,11.2024487947269,10.7927371758547
11.3101259513138,10.5248553114784,10.0041803048918
11.4076692783359,10.7651852226034,10.8839518602939
9.96223617452611,10.8576959889475,11.0599836712257
9.80383933737975,11.4907936183434,11.9175892497144
9.73566801646869,10.7475463813388,10.8894541939373
10.5267217735526,11.2950585312432,11.5530542974136
11.1037994995202,10.5061260122329,10.4455182976457
9.74564930276454,10.5423820107986,10.4639207539364
10.3810322935865,10.6115917939912,10.548547116225
10.2328785967184,10.9925174953254,11.0665553922223
9.91711862867218,11.76935081543,12.1375217946055
8.87697809808429,10.3476087359497,10.2709168193691
10.2302420071591,10.6933590433918,10.7362979835569
11.9823527054182,10.1680108990543,10.0021763382433
11.1571767238816,12.0032871194152,12.4183406450428
11.4851376882644,10.5913415455496,10.4687979621585
12.663382570479,12.2591761830624,12.5625209804716
11.4656954111138,12.9972675477173,13.3341596291823
11.9535662603812,10.8862388775204,10.6680331186172
11.6417754175425,12.4354479634628,12.8055408911338
10.2232157816309,10.3022127104879,10.0394455323917
11.1684899187637,10.753749018099,10.4997644575848
10.9413172372691,11.4107096948695,11.475351189184
10.2644124456588,11.544965827001,11.6991046718274
10.2285240352387,10.9883016782621,10.9499973216249
9.50620445236065,11.2741618934322,11.2838990687816
9.86067223030846,12.0724229619455,12.2873536707332
11.5563198637993,11.9149088739719,11.9510009253046
11.4580208587817,12.2641762171287,12.4955658087474
10.5717424753735,10.1006385578524,9.69832944330462
11.7749407635332,11.6927625269636,11.8990718178185
10.6750341791651,11.603178423185,11.8117278984967
10.7624248662808,10.7968144062518,10.7479650922517
10.1161177532214,11.1736529317413,11.2419998546218
11.9372891240922,9.93659951378786,9.5492315172241
11.2599506269683,11.070342604491,10.999656170095
12.0060190587455,11.3609197491267,11.2727391882122
11.4576304633055,11.9606702395403,11.8990264103069
11.3833824954615,12.6048735915606,12.5614060415695
13.087478161581,11.0900610544906,10.576352555784
11.2944165833133,12.2491826674856,12.322671032298
9.67807990198111,10.1218370254802,9.97896157295823
10.4030959567982,11.287736112045,11.5865206886295
10.2239646572498,10.666316583044,10.817448962693
10.2365191500182,11.1157794448765,11.4176456063157
10.9646623542003,10.9530307684111,11.1219603035842
10.6381015914903,11.0226374667046,11.1460586021932
10.4586902286883,10.6244081812304,10.5751694935265
11.663169691247,10.8949435561446,10.9191697818281
9.48692100958872,11.0144381115757,11.0785582578009
8.84667615656619,10.4261516892037,10.3291193067749
9.33980425017873,11.8025131667916,12.2390993184799
11.1988075006874,11.290316366421,11.5350557051333
11.6850815160394,10.5837205338101,10.5474118107246
9.41151761445038,9.99904969894996,9.72533131595919
11.1891120818794,11.4572133967772,11.6248710476378
13.0217549018931,10.5748078858197,10.3669809515803
11.285062588927,11.2066564315865,11.1586391166183
13.0041086353974,11.1297306974777,11.0917876844727
10.6975198872408,11.7546996747335,12.0054637816954
10.247934901828,11.072322296475,11.1838580597174
9.08929317603753,9.85099326244881,9.36973727805376
9.99079902932558,9.89970175395802,9.50385458911183
10.796205047245,11.3599297347444,11.4966643157427
9.9581294825543,10.2205759929749,9.9744210275183
10.0895708168855,10.9985750717294,10.985375693922
10.841474948137,11.9935726406793,12.255125051487
11.0912248644322,10.3837638830965,10.0436904103128
10.9616591877171,10.5326070137113,10.2393204896177
11.2864166367333,12.0926494917325,12.3690660863297
11.9450314932052,11.8024310701024,12.0020211290458
10.5005076782651,11.1709217422347,11.1762377010637
11.2359307951904,11.9573118874207,12.2505253556002
11.8927396303273,10.6753675985625,10.5330918683049
10.9825465058046,11.7967314518455,11.9954973665286
10.8862704235956,11.4846508611883,11.5003566381209
11.1166192944223,12.1000075678009,12.1531342363594
11.511868251685,11.7921970011861,11.453092263559
12.866981812075,13.4329030846006,13.4597289749663
13.3027442400915,11.9764225835836,11.6298682896144
11.9074130537453,10.9500301166925,10.5878145923477
10.5410204279891,11.0506485559457,11.1941554132506
9.39571125617789,11.9186946977922,12.4381644562291
9.82688555560311,11.033474030937,11.3854759935688
9.80760221197965,11.2743424955378,11.7890091506078
11.0179166413782,11.3081294494502,11.6431838619161
10.9601288927859,10.7261881842797,10.7574726181279
10.2932433383831,10.2066894655282,10.0221347865722
11.3085580803574,11.9759348502387,12.3741140285431
10.7525923509047,11.0762087800739,11.142504154983
10.161919396908,10.6275553970355,10.608853739885
10.2832080320721,11.6722384192978,12.0491783159207
9.68567795579972,11.6810871026495,12.0413882915448
9.50387415343694,11.8524930410492,12.2429795960276
10.1268470061342,10.1085957915648,9.8750968359454
10.9464346235787,11.6391605490846,11.8904050580652
12.5990281947524,10.5164903226516,10.3502481858763
11.2800337845911,11.6546385155182,11.8589719235652
11.4611230801064,11.3421109188135,11.4578581730853
10.5866530517266,10.6477126157833,10.5821317425239
10.6180656503288,10.0438774658022,9.84972935865148
10.9717775443827,10.7357456081959,10.5927386139457
10.2082781686348,10.8942959809076,10.8690325070063
11.3870726380868,11.5703562864398,11.812439896212
10.9832160534613,10.8299074901796,10.8254079138355
10.6035700290652,11.3306291331226,11.4693209298156
11.1090612139168,10.5246151870353,10.3533134924539
11.5078745211978,10.5752006899589,10.3827717435646
12.2587353119334,10.6797315008032,10.4976798512688
12.1276024527289,11.1313185738695,11.0755749463125
11.5864550678371,12.1025790616304,12.3080278871968
10.2074479314003,10.7773526222569,10.5099124418447
11.017551675083,10.9648584171311,10.8181496108351
11.6660808087162,10.2339972978418,9.8785004735596
11.9515420402726,12.0224020825829,12.2120652187786
10.8677711017494,10.6192846901524,10.2696909025781
11.5184320720586,12.2731500665126,12.3388802528095
14.3276867096704,13.1664215730519,13.2113282261575
13.7654653289183,11.9360862365904,11.3806460549137
13.1318897518086,12.93868351955,13.0545095240887
12.1676391330356,10.5154629526454,10.086739985083
10.403195348843,11.3286811454175,11.5489520962575
10.0532907861498,11.6143197494618,11.9964745302512
10.51269459809,11.4050566651907,11.8443790628971
10.9028840200325,10.6743051280121,10.9325564591592
9.83055568025493,11.274335518769,11.5167442457392
8.95546990596825,12.0492801081155,12.4692794089773
10.8182778551547,11.5592846141064,11.8338282377328
9.46727687653058,11.9809588052878,12.4540566209964
9.6387633788734,9.94574794408365,9.77479662158617
10.887510250508,11.5298038565095,11.9224184179638
10.7071420248488,11.5143185170859,11.8640560171444
11.3205024484556,10.7933225374711,10.864430564148
10.2205726867399,11.2619826128882,11.4591150315386
12.0245210351735,10.1063953371727,9.88623014126666
12.1015160029917,11.2626650718058,11.406138104307
10.4544642038811,11.3954542828454,11.5539477966946
10.6154622202256,11.584222694961,11.8037184233976
9.92179239216209,11.7849603104281,12.0818406190327
10.8289697012083,10.2844707930269,10.1099496338829
11.0373576909014,11.7056949569212,12.0872197296866
12.0824667408635,9.88405376532037,9.48003499704941
11.9283928761348,11.0888566897104,11.1683373281705
11.5213444376797,10.6378697367317,10.5937242642568
10.4489073758794,11.1611997434232,11.2883317334707
10.9849521905719,10.9381149238742,10.9581948662797
12.2636072539817,10.951395890458,10.94266346434
11.8079873801728,10.5408145517107,10.3672453009742
12.3900522258588,10.8561037476932,10.7498995372225
13.1520450813892,11.1883489088897,11.0790015516381
13.0736781538645,11.1155014924152,10.772367716608
12.3422669921455,12.754544165858,12.8860375253137
12.0294098046062,11.6707373799891,11.6555461307931
11.7231440495614,10.4730720596178,10.1990404515848
12.370794442945,9.91822683921265,9.35990560173535
11.8480821689636,11.3719712198571,11.2721980365644
11.6052258269862,10.4590305018676,10.0194300187431
13.4310051885493,11.2546629092998,10.9520214512548
15.2545404389133,11.4010157240459,11.0953101406611
12.2824873894482,11.9464534897068,11.9663970664553
11.7268001843134,11.2022640001048,11.1136787993116
11.4465853007286,10.2474255629683,10.1059575511824
10.5520421506363,10.2633606144835,10.1367234880224
9.55618032848139,11.7190691516846,12.0859204253831
10.2353736353033,10.8925158572243,10.8740912196817
11.9417894301157,11.9974092049601,12.1967250648068
11.3901584525183,12.4049667941773,12.8489428476803
10.1498803517365,10.2651541288347,10.1145439373455
8.21243023981565,10.0526652491362,9.98051679973368
8.31010248552139,11.2390231467858,11.7605855110487
8.51193178455403,11.0512449123775,11.4627945151405
10.0981150010912,10.7126480077691,10.8798101049865
11.3338491479115,11.7681306543794,12.1960608722769
11.414649375116,10.6150661134312,10.6154765249791
10.9301734034813,11.7428931210187,12.1184496961395
11.4687087371898,11.3642116844985,11.5880746687552
10.9152717318908,11.748229440408,12.0502494292934
12.6783104213254,10.866685472918,10.8526955349065
12.7303055605749,12.1475487668217,12.5476141341844
10.3028623823599,10.9312506704851,10.9238552722731
11.8340711292072,10.4275369065974,10.3460400859808
10.9746098996951,10.5120294620436,10.3425824288283
11.2489250056681,11.4293457037505,11.6997551483641
11.3931810020974,10.9408387580886,11.0462820988166
10.6619268997539,11.4843020553501,11.7383097268765
9.8763622461631,11.2577418661688,11.3799339212691
11.2675197858818,10.5776223868983,10.4223839907237
10.1129721356858,10.0410854621973,9.70372915244193
12.4964987476414,11.8431218847583,12.080462106639
12.7990023647384,11.0204484836822,10.8515742848636
13.7671525732723,11.2642592745968,10.9482083043547
13.547037880598,12.9321686088464,12.9653295752851
12.5086106868632,11.9164263113903,11.9922823812935
10.7499117147235,11.1834428994249,11.2967045508857
10.6341727215589,9.59724173344072,9.11620364490786
10.3554774511979,11.2255058881569,11.238419758512
10.7528009804155,10.1194742081311,9.73173984735245
11.8738105304312,11.2814615271726,11.2518373498772
11.1563886603165,10.9954970462874,10.8550996896791
11.0950415559903,10.4202116951022,10.1107498895499
9.93525652779868,9.96779509325633,9.53058801552397
11.3438282926425,11.0337596694221,11.1683905215637
10.7118516563745,11.2917726763802,11.4976795123849
9.90013422375138,12.1281815724772,12.5609346138848
10.4654713960347,11.6875569932462,11.854597921718
10.8534125015385,12.3398880087007,12.6482272073649
12.0979656215499,10.9938086850441,10.9679143631736
10.9317032270541,10.5690476529626,10.5296392058009
9.17165869541967,10.1975468415251,10.2003045737768
9.47451325187529,10.0629535190665,10.2353760826008
9.38389152961327,10.8936368248945,11.3366655854142
10.7646504652298,9.97954554962494,9.90963350338849
9.72953873000464,10.5818625333594,10.6066340584386
8.70225228703836,10.0507770961746,9.88235039958729
8.24414864140851,11.7414063674434,12.1769282225654
10.6224821762298,10.1767711329178,10.0859993680233
11.2425858203792,11.6588866514017,12.0014530270383
11.1306219142554,11.9810684943445,12.3583874060063
12.1128979177207,10.4770489835832,10.2742351967141
11.6514213931862,12.3396012364903,12.7087245768068
12.1720449573186,10.2502305884239,10.05789753675
11.0434772417366,10.5486304434147,10.4075887501717
10.5363679022513,10.7632933479985,10.8877669222888
11.7557024576781,11.0034052890438,11.1861448109098
11.9435069991141,10.6060920315606,10.5752826312772
10.6366313625646,10.9046254075265,10.9098018092072
11.7816601471187,11.6701381028893,11.8801023346976
11.4339137603461,11.3245702403357,11.4243510029558
11.5713499364289,11.9247077993679,12.2127453909125
12.8151543294943,10.0401787876499,9.62101827476909
11.559347984541,11.8133198291999,11.9108740979507
11.7256197651607,11.9927747859203,12.0528736391452
12.9247290584381,10.8447299226539,10.6692292182629
10.7519335112004,10.754759020154,10.7232145860567
9.44466896196271,9.45260085370317,8.99813706752922
10.3546419127797,10.5888421267741,10.4902552877313
9.7389962317151,10.6937495365713,10.6164050635749
10.3096530904273,10.7803407818364,10.7330161818737
10.7497059651227,10.8292749664454,10.8049940435371
10.222643299184,9.63668987758893,9.16632753591616
11.0060782722252,11.3870351892601,11.4863541049007
10.7302008920399,10.1594187410833,10.0146412451849
10.1101936233834,11.5183678228803,11.8177004244047
9.58860460894868,11.1859331853229,11.3260128954051
9.34070395562254,11.8033930990189,12.0841818958586
8.91981994651476,11.5726446976194,11.7354420571234
11.9526377900315,11.3166146289368,11.4431532730959
9.86667287796029,10.5841420815541,10.5451044668534
11.3618070087076,10.5256443487125,10.5679984729866
10.4700420692245,10.3589250639509,10.4464582501364
11.0178998590863,9.87792726352209,9.78157518768954
11.0562641410974,11.5749154151728,11.9614363611777
9.373693926595,11.2306190564481,11.4398865058216
9.27519181680349,10.4884236361671,10.4481280210126
10.3913885174371,9.65270344240196,9.40530891656216
11.048385804702,10.8775691501945,11.0863275973338
11.3258737309452,10.0215984072721,9.8523962581859
11.3787435371097,10.7918360129358,10.7678171747607
11.6518825743537,11.0229422359946,10.9835656380002
10.9975582274069,11.9564229222627,12.186161514618
11.2270066344185,11.2593992200022,11.3972255671498
12.6846335361028,9.83205821229641,9.41723080999497
10.4667481934623,9.54049918222744,9.18388148902035
10.2981525821491,10.9998645802754,11.1552127060503
12.1386532749193,9.9629565453166,9.71351968449907
10.5829582489258,10.7610533355222,10.7364423680607
12.356394246454,11.6932961138465,11.9544007782962
11.8102770227584,10.0080667248504,9.69202046584394
12.7202642421474,10.1718244557024,9.89925268180622
13.2844487879195,11.815778564734,12.0755811510348
12.7559709358647,11.5800755205591,11.7204666133612
11.6865884598729,11.0154348592275,10.9399953908237
12.0255765242977,11.7197110415711,11.9388022220665
11.3102534070651,10.3011335477785,10.099352416482
10.1951068952687,11.2590698096898,11.3989905182148
10.7455291140583,10.6178125898052,10.523083791351
10.9386146081513,11.0455025849976,11.0808833983612
11.4850635937734,10.0999895243674,9.82049100314712
11.4341548240823,11.1417281026586,11.2237755040125
11.2858881095944,9.95174412959586,9.58221745053143
12.8283196234444,9.94843533554499,9.56636625333106
11.7661143754965,10.799364353698,10.9021427435775
11.010504740218,11.9960472787479,12.5118900783517
8.82507552340359,11.4959886714775,11.7916136891029
9.37748414490448,11.9820748139832,12.3880747767291
9.94921038019177,11.6543822281115,11.9233097205048
8.88095891071574,10.8202625762109,10.8152723391985
9.59813376601488,10.1119223067509,9.89915827999574
10.7840505456406,11.6835406377845,12.0492058793122
10.2154054462841,10.5254810801596,10.5280759095343
10.5570882769313,10.3448983478118,10.273506464243
10.534306560795,11.6680890839459,11.9910749093057
8.81700527801544,11.8083299890198,12.1353726878005
9.37641939458737,11.9436861022361,12.3275592267439
11.240775085369,9.94763756439194,9.73382056753836
9.73987950254531,11.05000416368,11.3365067097446
10.1409599921408,10.0283553953894,9.89143603088319
11.6030937071463,11.6049628192598,11.8131117338955
12.0302166882806,11.6443536988586,11.7397431563025
11.2961017535012,11.1100047083151,11.0220535317466
11.8271293858031,10.4308577444044,10.2343775796951
11.5824188280409,10.8881711950253,10.7826026540002
11.5507007184174,10.8450368944056,10.8487390844814
9.54495093748819,11.4544747374062,11.7075521607924
10.8244927565464,10.7250180649966,10.7171978348117
10.6623067730467,11.203578237913,11.3384147625746
10.8867302160568,10.3487753891138,10.1750451337137
9.08245848665097,10.3243020834168,10.1322435982993
11.2698778051579,10.3463898489289,10.1556716530749
11.8386357351782,10.7118661165385,10.6332686392685
13.0270363861296,11.5346273952788,11.7226826420341
12.0664650654456,10.1812551684651,9.90507070302787
11.8030036202736,10.5194734212191,10.3606819507408
12.0005334299786,9.90761074921506,9.54017797006566
10.3669924398684,11.6382009572909,11.8269836310024
11.274307917794,10.0880290192317,9.70232547886235
12.0158546167455,11.4462553420299,11.4877843286041
12.3980277632025,11.5532918627601,11.6637604960467
11.9755534004785,9.75885314380097,9.30453223542578
10.459607353534,11.4718065569594,11.6096333071431
12.9561884822164,9.73630755013158,9.27447884114322
11.781358697375,10.8416313699105,10.96932989362
10.1152943661085,11.5134854327938,11.9646086386831
9.13204909288244,11.6410811248417,12.0245142089357
9.90108226988786,11.0285386466319,11.1442981575721
10.5900256254831,11.1881171520034,11.3337753943312
10.3384825831163,11.8388227655978,12.2007063610055
10.6523556894788,11.4003603383816,11.6234020470788
9.41624235972226,11.8748394391209,12.2795179366873
10.9914543441339,9.89521991026212,9.62534275022913
11.7742530610951,11.666700668553,11.9729147757144
9.72950932128278,11.8240262839755,12.1194618371305
8.9393313653869,11.2963057816345,11.3358045066701
10.8832711637415,11.8736578258703,12.060897682761
10.6017709953259,10.3043118728656,10.0918866197609
10.4294846683615,11.0810405634252,11.2479847066824
10.2056621478176,11.2188856730322,11.3969400359325
12.1331750376691,11.9172861054711,12.1208600998341
11.9804313815269,12.7920464769959,13.0229273135347
12.0276788351338,11.478810977733,11.2421247641019
12.285480163593,12.3907087295422,12.7495445104408
11.0257638732272,10.2662451403963,9.89310949808931
9.99428349619687,11.3077031306871,11.4084774507954
10.5422416246372,10.7442998209154,10.7108483616517
10.8394188326053,11.1911333800618,11.3252087216415
9.85433128139652,10.9030296021926,10.9348498280684
11.3424870393779,10.8501837073699,10.8513326067787
10.8502625416533,10.3495531227434,10.1746205977147
10.8560727366539,10.5016306222697,10.3797725182065
11.8588970072466,10.5086208531214,10.3910123771004
13.0622379768558,9.97883286217211,9.67334041376516
11.8782065484247,11.5378238777892,11.7465164281224
11.4407114972225,11.1044577067932,11.1428210176383
11.4067519637541,10.3985433190876,10.1581357524054
10.7910044854373,9.83887694539138,9.30984816092166
10.6631271958826,11.3774125940406,11.222012604369
11.894858331674,10.5489774937708,10.0005458689071
11.6099079811527,10.8112151151915,10.4821848796475
11.6370240970013,10.5044668723102,10.2223590105171
10.9826770023152,11.1643800600914,11.1619962122962
11.7591207158269,10.7144217790096,10.5678125126204
10.5006856658334,9.9923107389474,9.80414137372536
9.83483214,10.056012829495,9.90903526734535
11.3925339637633,11.4848031329964,11.7974629782232
10.252691873809,10.2724132498858,10.1461034199282
11.0912824474867,10.9308107924736,11.0236240145071
10.40675016076,11.7780133951345,12.1563994490911
9.55412582925,10.0456092241848,9.83840164736488
9.98965407966773,10.1777495382293,10.0175792630534
10.1594787214818,11.8223285192353,12.2152111265549
11.6391820626679,11.6793127156849,11.9831370829848
11.7248989607732,11.323524137202,11.4278718355949
10.3876545374188,12.5543976316627,12.9502231818828
11.8753999077379,11.8772420112383,11.8804693287991
11.5456544929832,12.2944437821121,12.6633502730551
11.0891674541348,11.5287624785534,11.7591019252642
10.8906607281024,11.8868310430035,12.1947801689451
10.7559180910628,11.4116446275933,11.3765597785159
12.2462389107933,13.413832851244,13.7511770441258
13.7920565614012,12.5102482810982,12.4483697652987
12.1955235727973,11.1901151649264,11.1010538092987
10.3131347348853,11.0234264491903,10.8887709581963
9.90494742620517,11.8882563266417,12.1788127849391
9.57791931783249,11.2379314168437,11.3563797880615
9.67501793687189,11.6412844713969,11.9099810092302
10.6201533430661,11.3071810624257,11.4590252421133
11.7535270318341,10.5417152292648,10.4246196595673
9.64158159439631,9.91070330573785,9.57785415919886
9.94932310259382,11.5008777686885,11.7218741847526
11.3192332972715,10.2441142892906,10.0554580982132
11.8395426546631,10.0093564593214,9.73502586362896
11.3966645552856,11.3495321758469,11.5045310876489
11.2262048879176,11.4955891701553,11.6605536174102
11.4968130837679,11.7585236187297,11.9496679848947
11.2231333659879,10.2052812258417,9.7141333930898
11.2377292558884,12.3128211958852,12.1673070617214
12.2062658154458,11.460784471132,10.8632380177913
11.7046496785357,11.9102735827074,11.7959254027415
11.2818538560854,11.0898676398328,10.9266602875495
10.8443152314141,10.1260698829159,9.73003156036049
11.005357399915,9.67832633411223,9.16548378643497
8.86387882557099,10.8516583451128,10.9218779065861
9.12089141430628,11.0533107190739,11.191850289593
11.2856093710948,11.6877581250415,12.0532400726739
9.35311340314425,10.8377334276625,10.9345053440408
10.7938424026547,11.1854895830362,11.4314572158158
10.1498792648643,10.2329964587994,10.1840167362814
9.77511165910687,10.2114821502753,10.1441922297275
10.9476070027161,10.2608486265477,10.2032481029238
10.6993049519058,10.6750826322549,10.7473637243654
9.90368491713386,11.6460733287038,11.9934734858761
10.9570989268426,10.5360662959292,10.4187261584649
9.34187384908295,11.205529223268,11.2063893145835
10.9149117357284,10.8291891871235,10.6413419387811
9.33403659651979,12.3750438818138,12.7941459826666
9.65792304339764,10.6141876762374,10.5146100023371
11.1881644017135,11.9810318196637,12.3221255813377
10.3927800583996,12.4109257868697,12.7857686301724
11.7106766888909,11.1552922768877,10.9502319094771
13.2874014466149,12.8838938913752,13.2930283414683
12.5504225496565,10.6539186825905,10.5010506238496
9.69116778877337,11.0017566517281,10.9003076202297
9.61979222701257,11.4485281655104,11.5928421529106
10.4547166717759,11.469704826928,11.6657401352292
9.86591481194765,10.8432669537495,10.8297930388593
10.0300525194932,11.0375251894266,11.0734699157069
10.1740277223693,11.7336782538915,11.9868404781344
10.3588423472576,11.2909632494181,11.3967635653921
10.1694204033378,11.6913075140724,11.9560481806689
10.4598724776533,9.54281324211549,9.10497820644183
11.397500827668,11.2092412244901,11.3351211577641
10.9907859797373,11.2873279138733,11.4154470095633
10.5784796155082,10.6779564966081,10.5582398651452
10.9766539015148,11.2592788871931,11.2628375121152
9.78578446789931,10.3850087305739,9.91946793050904
11.0509785757914,11.9823912447972,11.8159863788702
13.0885511571147,12.4980470048242,12.3173601825133
12.400045409017,12.0542130145763,11.9781425525221
12.2465733197701,11.7759056968126,11.7897290712267
12.3517482620146,9.88518642584223,9.37009441479472
12.179154108758,11.4049270501513,11.4557275131745
9.12052510047917,10.0135129198166,9.78392800238743
9.43986855333168,11.2735740031232,11.4757494067467
9.42840655208509,10.7397381082475,10.7944729658836
10.8209712494545,11.0720000306811,11.3069758608361
10.0531221897935,10.571741560569,10.744816004466
8.69929984606984,10.3597090507249,10.5409448840567
9.09712785232394,9.94018071340362,9.94568047348712
10.5726144231346,10.1814957874926,10.2463733951175
8.60666024167271,10.2761084031043,10.3677350059937
9.0231538532736,9.97020014603745,9.86821314931877
9.43314541650875,11.7341773112865,12.1166400581718
8.8172415807977,11.480641885958,11.6797761235387
9.24969492092199,10.8380242646441,10.782528556509
10.1937393613583,10.092048984439,9.82666988692833
11.2898643245861,11.344430658034,11.5400206675006
12.0034777631849,10.316411036409,10.1469265262563
11.3581147412585,10.9674302123554,10.960033690325
12.0413348867789,11.117156212452,11.1172523958638
11.6605052253915,11.923494834504,12.2229376245118
10.9961280821695,11.3446842029958,11.5257614132067
9.83843933084726,10.0750214832989,9.68842424663021
9.88392381594601,10.0122225060624,9.67427485215812
8.31413487969342,11.4004679161336,11.5614907886066
11.182791156962,10.2280818836293,9.98280509220716
8.86157451845569,10.9853265843467,10.9619788868923
9.60174903138335,11.9474742939187,12.1961413326034
11.0115735222067,10.1745050862004,9.82626870672307
12.6921858160062,10.1256310061547,9.81598760295487
12.8855854681658,11.5509211782178,11.7683056498427
12.908278019773,11.2387692550388,11.3552786524976
11.5326488040417,10.7398297889074,10.66553914568
10.8652837736171,11.7374332342511,11.9641478293313
12.9073277585608,10.6477562731445,10.4461048052395
12.1022410130639,11.9836048704573,12.131696127935
12.0868528942799,11.8552865106977,11.8223963351704
13.114022287442,12.2783834176985,12.3178472933352
11.9245499401459,11.3229032465897,11.041440533717
11.9024074239802,12.3227362077594,12.4618398601708
10.8241573891623,10.7526409411589,10.4795157929052
11.7806903823571,10.2517856712232,9.88359646891319
10.2739976840285,10.6540995971536,10.6378706871779
10.4179872566023,11.7369717506749,12.1039907165551
9.34986340760503,11.0555116475838,11.2532740849764
10.7792432452503,11.2397908238144,11.6299753598116
10.0312062448039,10.5247318433201,10.8827099326882
8.82592292636291,9.35632867325719,9.52549133372649
9.7676156450818,9.14090011984185,9.05758813195073
10.5904070910538,10.8932311368784,11.369561541321
9.25453934807949,9.61259381875418,9.73334891126518
9.28722487131842,9.8671264293722,9.86453891870018
10.0993767811386,11.4832523228996,11.8265160371439
10.315103325983,11.7074384756269,12.0344358941889
9.81303173428316,11.9358010308179,12.3091999426444
10.4865453491292,10.0777012566912,9.85053216438423
10.9362177512763,11.3531196315613,11.635598641465
11.5285715777696,10.3614100525437,10.2239636579787
10.4717074881379,11.5346087049714,11.7674728202174
11.1261376209777,11.307118742117,11.4532982638419
10.5406627085725,10.7306947208285,10.6936733093178
12.0775590802106,10.1861726096317,10.0223419898154
9.98388776685428,10.9053652766473,10.7964053777824
12.5813458192659,11.0442129148561,11.0364447458883
9.55698707197712,11.7038084564348,11.9368349340512
11.5875107556157,10.9566315427654,10.9214916664987
10.7656237219302,11.4858540762091,11.5812953617312
11.3639958023472,10.8396096391711,10.600275079324
10.5833148670974,10.7340379539335,10.4645649349965
11.7493484780295,10.4293682648154,10.1691405097798
11.6640763831544,10.6008726481337,10.4506622873402
10.4097999157903,11.2999317242793,11.4044678995039
10.2907156539121,10.1032594079976,9.78033407230038
10.981778271196,10.5649881928294,10.3681742303429
12.7253210535465,10.0890843578157,9.68362594216336
12.5226860245858,11.9715037895417,12.1487670323703
12.2431136007511,10.629261301755,10.2805542655969
10.8841774005093,12.1706856776589,12.2432647227641
11.330500544798,12.6549657097376,12.7275729373341
11.6641483157902,10.9456218903296,10.4475357619825
9.12914014651618,12.1760420051775,12.3179564650455
11.3005180884745,10.0736695795741,9.62241837232856
9.04905365382902,10.6774779740277,10.6866236324758
10.2227097335278,11.2276749138167,11.4472140640617
9.44204731856616,11.1268479905503,11.4113647478658
8.45064178529925,10.0474392465621,10.202483091948
9.19874698830877,9.85878094286345,10.1520375892129
8.98592503457209,10.5247286863746,11.0770409425621
9.95949941217294,10.3384679688459,10.7372291737742
10.6102761938997,11.0299108934363,11.5789350999133
9.22004932778911,9.21529765711382,9.05868724354742
10.9798485500367,11.1555332076293,11.5295241325163
10.5127567236158,11.4408218644299,11.7579601430017
9.66391019558544,10.8456824319975,10.8887284643095
10.1056875102696,11.3452618895969,11.5253563431305
11.3891729854372,10.1720068075075,9.94642846583346
10.2413279547141,11.3630206703468,11.5129462827771
10.8478204113501,11.4096698666164,11.5807592476464
9.70400988116658,11.5747048348262,11.8090069617167
10.8306140779219,11.7647517482164,12.0807344283328
12.8643471345921,10.3106206127334,10.1528715170823
12.2397445533223,11.798650479515,12.1857497067041
10.6694279975189,10.071796053278,9.64223461469671
11.2405018273759,11.3324681829229,11.3662286733823
10.5698217578847,10.8761414216171,10.7693553788249
11.7851971941624,11.3795290848303,11.4335256365301
13.2044046868259,11.168174210892,11.1078555194481
12.1131641651103,11.2710304559964,11.1623504553595
10.8475739173043,10.7491100974135,10.4616665628906
11.7382159153933,10.6829821299283,10.4583822651294
11.4801084415223,10.6336300289598,10.4286779408475
11.1811453609924,10.0803821322195,9.69485431703971
13.1722717717563,11.6038113273951,11.7254444774254
10.9124344157558,11.154050488847,11.1065267677926
12.3569770253628,10.4281657699843,10.0969324372219
11.149517458399,9.84472452017508,9.28600853934141
10.7868654995286,11.3522452392848,11.256785644831
10.5267074512836,10.521769898343,10.0448855262584
12.4825245171626,11.3629455578161,10.9996569659904
12.5187740970431,11.4484947114744,11.0698757065749
12.0121808306131,11.6868858697968,11.6498372804738
11.1368786303014,10.9866280519966,10.8255379579168
9.7053929195547,9.78528881124625,9.53506127823159
9.15515857576224,9.77968795973923,9.53340350873995
9.79567682415316,10.9897486083054,11.2586587564529
8.10344315276022,9.2555825338426,9.20639524273571
8.00428877601721,9.02033452764784,9.3235025833705
8.37734016231775,10.4075766909465,10.9983214815694
9.5801672874669,9.15127433155777,9.12270229794544
9.2957570586205,9.58261372194508,9.55403650375527
9.58432470002293,11.4812414557958,11.9512631644384
10.7672543461691,11.3969847487974,11.733426660443
11.390647467611,10.967232944331,11.0768778403619
11.2005364602311,11.9387367708476,12.3303082160689
12.5013054735432,10.7868906598286,10.7620005683652
10.3492165483011,11.9806088773924,12.332715721255
11.4682424627704,11.6655870571258,11.8713113637672
11.6156269985188,11.8985890251618,12.1917051048361
10.5253563039674,10.8970292559387,10.8874299693046
10.1227033219064,12.0910958934173,12.5119543190354
11.6726944688436,10.8431845075937,10.8647108356628
13.624733538053,10.4499875256812,10.3709619599668
12.0723251791906,10.7423693116568,10.5194513475458
11.990904764367,11.8636565542547,12.0494636493211
11.7899604809268,11.316551746395,11.3286912321946
11.7491008346122,11.7744951759729,11.9340845513817
12.5170704252161,11.4916673166069,11.5301207878804
11.4891004962823,10.7665446766648,10.5320253188856
10.6700714556753,10.1465740224744,9.69862707263118
10.6635026282621,11.7479522969761,11.8681584521453
12.3720116209845,10.5910645699556,10.337317945418
11.0714776808663,10.3594369115473,10.0286903979509
12.9792471583051,11.549446870976,11.6164699371189
10.9306004643469,11.5780133601464,11.6451042872739
11.0927127066213,11.7348214607952,11.8437088493207
10.3082755239108,9.95748666249192,9.44802626937384
11.7897965170119,11.4840606700983,11.4673924411515
11.9576320413577,10.3833260373085,9.94132958264418
13.6766473693779,11.6186642573512,11.5170322469003
14.222276833133,11.2580443935221,11.0573786842653
12.9092145689535,10.4002361038921,10.0230500966725
11.0546147906004,9.76221251073431,9.24698091732652
9.36910014109599,10.5690018694428,10.6688018705526
8.76780422351686,10.7907034080393,10.9372271156203
9.37548297914842,11.3471987492165,11.7244273107052
8.93921909976535,10.2874013895748,10.4407244118074
8.74921836588082,10.3229895582231,10.690361303942
10.8128027195565,9.67491535143046,9.75352217571475
9.51045164649386,9.99143943518183,10.0463732638091
10.454492873775,10.2775817517679,10.3028141693148
9.80503210162073,10.7811376835928,10.8835150746036
11.4163547768209,11.6614101057522,12.0113150500488
11.1755635109693,10.3730332549927,10.2472220557541
11.3638302118921,10.7949764614712,10.7879727563706
11.0860412289252,10.2883537148804,10.0909303830974
10.8408058037644,12.0935649181799,12.4953236223621
9.52909939260917,10.5949074342454,10.4702642274251
10.7631480598811,11.9073715850248,12.2261707443571
10.8418408716921,12.0263880244308,12.4023512025749
11.349478406766,10.3414754294847,10.1677736764397
11.5393810035814,12.0585389594712,12.4894841757534
10.6250043951835,10.1660142015469,9.98666674666731
10.2972482829209,10.8130951938639,10.6034389930292
12.4980647862072,11.4211652601707,11.4403802981265
13.0464529492935,11.5303598794539,11.5977307257093
12.2406571593056,10.926773266557,10.7865756559357
9.74869306289661,11.1144458961095,11.0290612908986
10.130649329516,11.8111394165206,11.9494043288191
8.83250979456045,11.3994555464314,11.3971819840279
11.9697497908014,11.8941503359465,12.0636884185163
11.696015134403,9.86852945326512,9.35619104906647
12.2315926826911,11.5517328832225,11.6082962140649
11.3377989005988,11.5233774243627,11.565596888841
11.2215305881185,10.7752736502192,10.5586416253768
10.1435605624361,11.1905337423794,11.1111795254974
9.85158941407875,9.97652734653119,9.48363482334418
10.7159335782326,11.0517674391214,10.9241703871629
10.889427729134,11.1015894809468,10.9843662757152
12.5830376665407,11.263902193464,11.1937302895635
11.8326144522648,11.3479531235291,11.3366401676015
11.7319861991192,9.58414189621237,9.06992973898567
11.3560848983358,11.0325246851512,11.0540634303853
9.26617036939357,9.65365453998048,9.57036733005376
9.72176833556422,11.1904221416957,11.4673508685041
8.50589983430413,10.7332154427554,10.8181149959249
9.3964954445546,11.0571271182413,11.3138716022039
9.23635578916862,10.7074896435303,10.8873330801037
10.2679612545017,10.8214098961734,11.0014601728858
11.3762404470049,10.6838715578804,10.7195166719349
11.0103427672531,10.9897959767002,11.0777759873884
10.7087061826313,10.9248176366641,10.9879671632891
9.53346129091517,10.3487702141964,10.2137976260552
10.5599943568222,11.8511407959838,12.2101545808749
11.9435163288603,11.3826666928308,11.5733255507603
12.1853585879023,10.6657780064027,10.6044031006067
11.5238335443653,10.0423286297772,9.76196522088969
10.1511068922971,11.4001987994973,11.5713344390807
11.3158222121956,10.3353766322425,10.139821425683
11.5847072575523,10.8162533849087,10.7899298502826
10.3806061064962,10.8129820210542,10.7997002371443
10.9179841366115,11.6097701771314,11.8856562228229
10.5803243204495,11.1096886924418,11.2463052963039
8.96188793473768,9.99774783475454,9.50420374519506
11.67068611975,10.0215728101536,9.55913703798753
13.1472679351447,11.4454547719382,11.4759215542119
13.8525415477249,10.2539821652636,9.881961244081
10.2638607524708,10.9512199752697,10.8116423630828
9.17201381349135,11.8160316896922,11.9664107880584
10.9917782107719,10.0820866423447,9.64532674839265
12.8238349864408,10.1923993518449,9.79602691878682
11.4700623194386,11.7970872120597,11.9428323551893
11.4184359962428,11.5267613871823,11.5770881558355
11.0156694991981,10.955858837252,10.8030577593175
10.075618531699,11.8260547134499,11.9637344470964
8.92875766382248,10.5936126494075,10.3137505303064
10.9037074176889,11.662180832449,11.7545754680153
11.4586841337275,11.1270642240655,11.0647543199929
11.4850159638076,11.2834426888853,11.2993870810519
12.3500411635673,10.3226476774458,10.0175853571351
11.2611090322833,11.5689858209605,11.6629523088187
11.2364671364168,10.1600509164652,9.78998196961443
12.0134629931047,9.62780854978729,9.15608888986526
10.5139001131679,10.81720734706,11.0281386896121
11.2640350999621,12.0573512734265,12.5250719980959
11.2859796436668,11.3774243499523,11.6070083846793
11.1672160948117,11.6990772513405,12.0666270905377
9.97604129370152,11.3605341267302,11.6243352880205
10.4835017565082,10.7662127582683,10.7859716308132
10.2825211793931,10.3737253571652,10.2095691302564
10.5238006157563,12.1174075158685,12.5219882091553
10.5537837680969,10.8699916220636,10.8859311683764
8.71466046598709,10.5867795805801,10.5164867740331
10.3480185410884,11.751657318818,12.0762962344556
11.7334845392245,11.7724440611705,12.1021944812346
10.3473927371035,11.9379064926811,12.3165744214169
11.3878433517945,10.1614482261256,9.92821505582283
11.5488383916024,11.6431595942188,11.8988977362172
12.5258153689892,10.4424747199522,10.2824437491942
11.5899662662361,11.5400764969561,11.7497695717061
11.006056180523,11.2529142379162,11.3750571835437
11.2967032738171,10.6385177058904,10.5763821634135
12.6190772262826,10.1342864685667,9.93098930185064
11.1100532776197,10.9045480561584,10.7123494376923
9.48859170812979,11.0804471402417,10.9754858836429
11.2025635633078,11.7296264971483,11.8572687597308
10.5514628988889,10.931174873333,10.790762410385
10.8741849547452,11.3461964983887,11.346662890426
11.2783151105217,10.4336715619708,10.1278836002243
12.7318672408153,10.357723440771,10.0356746472891
11.4408726007853,10.3571126161424,10.0410597039139
12.4898925530781,10.7101218757681,10.5164404033184
10.2869779953094,11.5538124687678,11.6330940659411
11.0616233608377,10.2371001923875,9.85263257934123
11.0294283293014,10.6260130478105,10.3627393318348
11.004158369012,10.0529399056076,9.59707348415233
12.2927757818608,11.7525296114574,11.8892094492948
11.4027450980825,10.0497547001052,9.65236336449792
9.39668937849045,11.0572013357526,11.0756413907065
10.3843390910069,11.1943257539105,11.2570088288095
10.6243977745814,9.82875282179163,9.33517873497288
10.6613502663309,11.7575545506391,11.8126648072342
12.2427254249867,9.90471823729065,9.35101120978535
10.9639598241547,10.9982937349896,11.1742210556434
8.96096002453027,11.6619037120714,11.9597507298709
10.5349599228274,11.6812394944724,11.9759153425965
10.2408377214422,11.0064109838351,11.078860516205
9.82685893650916,11.1681255125587,11.3005427480536
10.5109888579988,11.9137516248657,12.2871983779416
9.94082576656519,11.6229268225444,11.8721729812833
9.54675292027943,12.1660043903676,12.5961357807403
9.8455101975691,10.106031229586,9.85778687510563
9.53357545183599,11.7544818606424,12.0824156975012
10.3092317641537,11.6954891807627,12.0196450981362
10.5840500003454,10.9499473880891,11.0174583203461
10.6477758869842,11.3993298761452,11.5988178589788
12.5221145623053,10.2358543592456,10.0202321767172
10.9913212702255,11.3721121033864,11.5193681450041
12.7888534821859,11.4734772298068,11.6325996552516
10.4390569769406,11.6847186395105,11.8961736549387
9.83703913896358,11.8740854666708,12.163226915013
11.9223707269366,10.3748341721899,10.1943224270966
12.2897477619921,11.8551193407939,12.2176169326009
11.6107429966903,10.1354735057147,9.68059684169996
9.45954243411224,11.3743334668065,11.3757729283465
10.38428461972,10.8726017111047,10.7202367752462
11.544814131898,11.307360315906,11.3065540107016
11.3506500835628,10.9829938905597,10.8734148991304
11.5633192613662,10.8777366614945,10.7406316133527
11.5532530361132,10.2914252443706,9.99081984758679
11.3378418835871,10.3781595981457,10.1479847656576
13.1889980348301,10.4337361563578,10.2244932160231
11.5068167714461,9.99599939910804,9.60055136637687
12.0109094266705,11.5821581862571,11.6818009073826
12.1035936295695,11.1364435734725,11.0636097391122
12.1924809191938,10.3865536495037,10.0579368246817
15.1272554683522,9.69774070428242,9.14325733039214
11.9233436403281,10.9256335357005,10.8186410069956
10.7022657955215,9.67176451748776,9.18914074118906
11.3863671317762,10.162209350397,9.84003712079058
12.1554802843948,10.3994886822222,10.0816422293972
11.9096043127818,11.3544638478691,11.3084724050453
11.8724446907588,10.9382806091544,10.7421179444254
10.0050210216216,10.0351285353181,9.85290159890142
8.50082595205831,10.1603979477884,9.94908958460738
8.83229049248091,11.5941496459501,11.8459532632095
8.0021497157819,10.3775903434117,10.2171920872282
9.86381386472153,11.0691689575735,11.1471049981829
10.3431480078176,11.9710790309368,12.3516348060225
8.77879246911276,10.2826856636056,10.0866723796603
10.1514192014776,10.4242857808201,10.2788530528784
11.2905089946449,12.0218892361328,12.4306488874365
10.3374378737547,11.7276269889541,12.0606519056276
10.2418351390189,11.1223674259374,11.2824253218462
10.7733423062827,12.0133398126507,12.4566091070217
10.458667956061,10.8456596262007,10.85561283199
12.2254025591943,12.0394488142455,12.4142017699529
10.8903357890022,11.70834482542,11.9243203925835
11.334553668279,12.0740396652567,12.3613622327756
10.7333598240018,11.2101746021432,11.1721539057694
10.6449145645502,12.4104966637813,12.7946714960351
11.5926861839025,11.051426189667,11.0497704453094
11.5988910509651,10.5968620388458,10.511588335239
11.5463495975209,10.8780896759614,10.6824215097576
9.37276162468078,11.9308998621922,12.1416272450659
10.2921890525562,11.2552216236977,11.2712209305245
12.351512143142,11.6506716360226,11.7958648423308
11.3431877051359,11.2987843672495,11.3165804005776
10.9415465034528,10.4769720733469,10.2295361354251
10.6012826499698,9.71713293369354,9.27277230629066
10.2443826859389,11.1839952533539,11.3247462937088
12.2092322471397,9.96738587539388,9.74307689907073
12.3206862074281,10.0066436443211,9.6886963927924
11.0685970680882,11.3633294729401,11.4260126581228
11.50349193447,11.4226630299603,11.48186499389
13.39623509876,11.5629342054324,11.6676669485092
13.2633894018415,9.76684499355745,9.25600026578087
11.9503092774661,11.2023469848625,11.1797438238248
11.0012067367153,9.945981473491,9.50739343853368
12.1697076458996,11.0727272432269,11.0057571904622
12.5731104858463,10.8887176585447,10.7291894289196
12.7959590179647,10.3968846768027,10.0419882414605
12.3428950485247,9.96958269757645,9.45936954972492
10.6517518135707,10.8856477993645,10.9588208121394
12.1872206133022,11.1640644327422,11.2846382235752
8.69478858673747,11.8522110062249,12.1909075133552
8.37107158520138,11.067599077239,11.1376931431149
11.2870855025144,11.4972598604595,11.7162914915353
12.407959741118,10.6192444775546,10.5412724537405
12.672901665553,10.5931853822166,10.5057603820498
12.1310302468266,10.623727710255,10.5518441480306
12.083402898849,10.9871122445287,11.0494305789854
9.73157874982065,11.7986359382415,12.156137319499
9.842721657551,10.44214760906,10.369241468409
10.7452561570153,10.8501128206158,10.8932354989942
9.03752993934985,10.3705328574231,10.2056715842252
11.4591232010553,12.270285111048,12.6890528069214
11.607759103578,10.9562182681362,10.8372430625756
12.409513170494,12.4897785816976,12.7939994541906
9.06630131615425,12.7201205941899,13.0392535703497
10.6151506223391,10.8902710732437,10.6658286793433
11.7178282860546,12.3677348028957,12.771915669105
11.6113363929709,10.3396003209473,10.1638476390553
10.6147087635114,10.9783773017322,10.833865420939
10.882636831809,11.475410972716,11.5788661985616
10.360725063685,11.3534146867837,11.4704108063293
11.1904049019495,10.7106387669896,10.5931370865359
12.1034611810685,10.9207278698323,10.8365993343731
11.5950552748868,11.5665677630244,11.7050609688341
10.5701102581039,11.0223773964665,11.0346934220317
9.65015644171229,11.2005347976337,11.4071097112475
11.1556635853225,9.02960135248191,8.55657998978635
12.5278052503672,11.1854110774543,11.2661187274998
11.5937998332926,11.2555239933811,11.3082624742152
11.4249149842951,10.4514230862469,10.2392710537675
11.4715777728151,10.8290867527759,10.7530212631857
13.0286255312068,9.73377174266453,9.24384428848684
11.9964040274425,10.9180701876626,10.7937315959067
11.6235643994875,11.0148926938458,10.9089410521028
12.2399180010319,11.2323289588877,11.1888155740291
11.6528086031996,11.4909655200139,11.5236227420081
11.5677217699508,10.0980852084649,9.64706526681743
11.6330038211355,11.6558429250562,11.7278001249581
10.0376144149115,10.0822813594738,9.86253557483707
10.5157073911239,11.4193918269595,11.622799848861
9.39225184209542,10.9880930867641,11.0317879640977
9.36322264356091,11.4674412516699,11.6720193172781
9.93444147545622,11.1727031314488,11.2802914394941
11.4021450130141,11.1112400628321,11.1992560383646
11.1894147103743,10.6265453088232,10.5524071701214
11.4443055941249,10.8206350653249,10.8164438133834
12.0550489466841,10.8904913059958,10.915056854383
10.2906140869302,10.3739553000554,10.2307430698221
9.79310287995614,11.8771979257699,12.2513232419758
11.3048918352537,11.4313854010239,11.6390205780129
9.39717200385306,10.7698281966396,10.7183450611281
10.6098043356269,10.2996940163197,10.0203306847356
11.5117332591969,11.9534869156976,12.1208758563844
12.2435040180973,11.3058484845155,11.1045039937393
10.3775232371139,11.6562901821754,11.5701678597509
10.6129272559408,11.2966867333402,11.2352749945517
10.8444680226079,11.8647746768881,12.1181946695545
11.2826220054294,11.2380151027252,11.3809684348487
10.6379975032204,10.0415509817783,9.58944202347803
8.72046986604127,9.90746353864177,9.50861374008934
10.0309542492596,11.0164839344404,11.1316756892454
11.6335244772749,9.89255460906869,9.57503891250369
12.4576914694744,10.7525257018488,10.6316115128344
11.6023451271088,11.6647501467027,11.8232229887965
11.4521968542259,9.8744118688896,9.45415812061182
9.66611699633366,9.91269401795224,9.54435137269687
10.3083212110419,11.5495828900011,11.7223942987412
12.7810295971423,11.3553623106424,11.4298395400241
11.8242684481037,10.7230991452006,10.5910769653184
12.1067228054505,11.3473797545427,11.4984261307402
11.3226106805938,9.89715253245058,9.61527338145318
11.500958278076,11.3825454999061,11.491795789829
11.9290798122041,11.1362966296436,11.0941154808782
12.2904609934198,11.4798745410074,11.5241582163272
10.9668388307202,10.6091027265052,10.3462742013208
10.3082301980919,11.8791901839096,12.0402885627493
12.4966119087259,10.6849962122022,10.4370336117352
10.9483873819405,10.3407822065996,9.97378746973198
8.94654862761184,10.7645256785257,10.7701259725011
10.4019184333175,11.9440612411233,12.3243805621892
8.8845826932717,11.426531795444,11.6188526333708
8.51131443367598,11.8748284863692,12.2172658005649
10.786214666668,11.5469634665665,11.7812976551847
11.3399426785376,10.7798428593867,10.7567698215071
10.7154914571473,10.1711696475497,9.94446953391305
11.3490704988022,11.8566964604602,12.201734315326
11.3354743144868,10.7667829353359,10.7417441522234
10.2261557526829,10.5582359338572,10.4613491860168
9.94549178805434,11.7506739647507,12.0592675815484
12.3887327227481,11.8015479523839,12.1171755950765
11.5607145982652,12.0190202923622,12.3836525698836
9.91344085914749,10.3593535312897,10.1095488058781
9.76626172542905,11.9921677362778,12.2317078053555
10.3581261212665,10.9625556017422,10.7759861545754
9.86130211191421,11.9804487185006,12.1525995778654
10.9009279223468,11.5234733291068,11.6143803047764
11.7138747611857,10.7747694435207,10.6953146347517
10.9580063562415,10.1775582967365,9.97505608808473
10.9537772763329,10.8680959401363,10.6938659501451
11.159833773168,10.9506953775312,10.8746928637974
11.6761539090177,11.5005795699579,11.6689259945244
13.6397424708483,10.7150141521378,10.6098138200829
13.9710298253665,11.2278387193455,11.2482587326141
11.978027493285,10.3923902289211,10.0988006366591
12.2117428339884,10.3570565130152,10.0505288057444
11.2472571451807,10.4016307013372,10.1059932701808
11.4151430955683,10.8438396174047,10.6677252626768
11.8720919483087,11.657120759498,11.7581102046181
12.018436321947,10.2159165513785,9.85770634267478
11.6360956173826,10.4117466957924,10.1777864884165
10.2467846737207,9.77009972056419,9.34240024459726
11.3183675142828,11.6429401660454,11.8127266151578
11.7529155934436,10.232634929215,9.87366502894352
11.9957323875394,11.6055983198488,11.689678797214
10.1610245954903,11.794111225319,11.9326425933576
10.4478527017509,10.1654422424172,9.74808994852645
12.7244437572724,11.9228532301307,12.0992175812012
13.2769664749486,10.07246148435,9.6196661744603
10.7741746076526,10.8434470042976,10.8734279097585
10.8329313797219,11.5118888296595,11.744036015508
10.4537280998232,11.6624851898537,11.93326859535
10.2855790466237,11.0735247490465,11.1416090943239
9.17896763354238,11.256509899149,11.3898303280288
9.7576598820529,11.9236634852423,12.2907437091954
10.9993771716256,11.5016320366467,11.7318093117568
9.67197516896711,12.0119630848886,12.4135060002204
11.2265454051293,10.0139748345926,9.7299179244259
11.8329084141553,11.7112695099723,11.9952243751994
10.4384609477365,11.687444007025,11.962118170783
13.0883206910772,10.9598218286895,10.9811577337683
11.6768601071945,11.4208725840058,11.5845611260196
9.8475990091235,10.2880471079077,10.0426127964212
9.58296770955326,11.4799937396884,11.6043492620678
9.68657546348462,11.5835359280432,11.7270483680825
9.72425149706191,11.7562321699197,11.9573500447917
10.2945472530901,11.8710134787788,12.1530496056192
10.0483125227509,10.3516524801783,10.1627518414848
10.6256096366353,11.8047659125231,12.1600720661666
10.9900660640246,10.0480694307327,9.58065986797565
11.0004734230771,11.280253015652,11.2717177114674
12.646756979642,10.7774132292722,10.6267123941542
13.1064579745617,11.2448666105264,11.2543194827738
13.6977128958879,10.9827689986933,10.8855701957774
11.1074463193329,10.9683222461294,10.8438329269609
11.6723626306851,10.5261064883922,10.2359421541418
11.6134435410251,10.7655537701015,10.5422324554207
10.7163456948298,10.8887662230313,10.6871454165697
11.2739039579837,10.3955108841718,10.0156691140524
10.8708176880725,11.8942035987651,12.0164758650705
11.7625585756924,11.3294058261935,11.287730173713
11.5627397356503,10.5074842296044,10.2170043282011
10.2887506665513,9.82865806896958,9.31892249656947
12.3458943068406,11.1740709833707,11.1155166028203
11.9068819176069,10.1214061298404,9.69743414675526
10.8013705761573,10.6261136041064,10.3703560855809
9.98938289229409,10.6533246574636,10.4048458197808
12.3755604765009,11.4808337181477,11.5114064078439
12.9306715009192,11.0189850001202,10.8911252095079
9.98594799836889,10.0324625210666,9.78996007542577
8.8158630972504,10.128720261626,9.89474408451211
10.8425347521806,11.6216616037186,11.8767739663101
10.7285356760073,10.4900211703625,10.3511611402919
8.90035139652992,11.2222280916398,11.3291350020884
9.72391123502753,12.0255259217264,12.4311942601733
12.8480386475076,10.2276155660739,10.0492387965677
12.1678783496926,10.3292147804229,10.1791570305944
11.5639262873537,11.941959976925,12.3208253870581
11.3443281937226,11.6818523641308,11.9573375692269
11.2230937004522,11.1025422590341,11.1742652511444
12.0373193782048,11.9828961155629,12.3494722872609
12.5604356021344,10.7863120811269,10.7413830164139
11.5686780827751,11.9340895639863,12.2691960032824
10.4143307351841,11.5381441234794,11.7288963460363
9.31264083885062,11.8188527333911,12.1021763120857
11.0948629459106,10.9003969741949,10.8769407723841
10.32177953111,12.113257022096,12.5147685522717
12.525960101566,10.8596399171599,10.8625279727071
10.9971273805173,10.4569924908741,10.3587438438859
10.9028643559689,10.7370134173341,10.4909663759979
11.7922808338805,11.8434998230289,12.0037209340422
12.0442502402126,11.2814466792485,11.2654504762046
12.9045186209258,11.7194452611387,11.8529831726629
11.8918461327405,11.411840692065,11.4331127233995
11.5653563145805,10.6996071644657,10.4613131660018
11.7259801774797,10.1780573301682,9.73860681475062
12.4709599483945,11.9319593979556,12.0647560619944
11.4034327790865,10.9102657970943,10.6689532725991
10.3756163799017,10.8176453971114,10.4908727058332
10.0638749518746,12.1261876533343,12.1870831782993
11.756445012313,12.1359078691494,12.201096913075
12.8972948784652,12.0553202842936,12.1901128372105
13.2079382473852,10.1104375868538,9.64607098767339
12.9073035021382,11.495123269309,11.5263055520667
12.2440263557655,10.2600737900504,9.87910463316108
12.3197104067551,11.3516341661269,11.3415032367608
11.0219996814407,11.0802954322116,10.9769742094081
13.0126145884578,10.4977716540793,10.1972066414891
12.2547531143033,10.0267896418347,9.56502189864053
9.7179840331128,10.9320828734549,11.0001624415176
8.71604808890885,11.2041478899836,11.3375259057129
10.7433627734885,11.9794955811589,12.3473147491399
10.7491000897509,11.3321407873437,11.4498912646733
8.78806683276782,11.8867926071975,12.1750111975781
9.12186283063413,10.8175391128225,10.8117299392351
11.5728049512682,10.5398763042843,10.5209135246455
12.5610421688279,10.5156561612945,10.4674627061494
10.8492402441581,10.8976620325961,10.9396379625804
11.1159298106678,11.7235071452255,12.0234995995227
10.6490349734676,10.3690117383222,10.2023337067646
12.5330682206134,10.7447195687399,10.7030180135443
13.6070222573013,10.2109689067254,9.98374394123039
12.8286113266008,12.000732971517,12.3754548865766
11.2560941295446,10.4778625053475,10.3318041234594
9.83014968598509,11.8148113299943,12.1180002428198
9.29860400221635,11.9703687157128,12.3319627046101
10.8448876083366,10.3215965482524,10.1311109567498
10.7922751324509,12.0505635790637,12.4663328921896
10.837781713092,10.1697015810229,9.97631684327508
10.6854602537709,10.8243003411064,10.6012130452509
10.7059656412432,11.4335911175016,11.4407072008262
11.9579427499214,11.5351203652496,11.590568682393
11.3412017439234,10.9240140401093,10.7740412851395
10.5437212788763,11.1223116004809,11.0324256474929
10.8404405106384,11.8663023755393,12.0093724289957
12.6102259076011,11.5943412403836,11.6106387502917
11.157883929081,12.2205506515597,12.4145962005929
11.0886933567826,10.2866434329335,9.78814491590684
11.611056555043,12.2292117740379,12.2802055078836
11.6946571216679,12.5986536041271,12.6114770089955
12.3577681178474,11.8285868126075,11.5866333627579
11.3909292122048,11.7921244069452,11.7248949841106
11.9404526067778,10.2759586037761,9.82537686632829
13.0215330119045,11.242609729292,11.1693015542574
12.1464558531609,11.2595620985165,11.2063616171873
10.4385670206713,11.4271727733248,11.4344571148917
10.2113998278806,11.6385875250417,11.7180151028811
12.3928846721351,10.1882890416668,9.78022634575555
12.5085205885033,11.7105372969711,11.8200272610242
10.9641904743981,10.1379782004958,9.94102362594042
10.1331268588915,11.5132126711784,11.7534812756646
9.33263023636946,11.1908273397628,11.2865366159056
10.4532836711937,11.8955917221057,12.1747499382291
11.2273724532955,11.9528667389839,12.1954837439957
10.0560675109347,11.4267341258581,11.6494838793373
10.0615370157657,10.4111605843118,10.4851464619707
12.2433436660589,10.6620731333554,10.7083197161537
11.970788611662,10.7579624615627,10.7754493323674
11.0818767523115,10.2166338423086,10.0348339426999
10.0802959919196,11.6781136992503,11.9943169287367
11.1606104680844,11.1744904554205,11.3265134186321
11.6602842585184,10.4664522697127,10.3679974492689
13.4718231307997,9.87611690905071,9.5563882288415
11.9949142218168,11.2617136935595,11.3963178389621
10.4917082055075,10.2189269482482,9.9931409708389
10.4777715891611,10.7313074102302,10.6796256174758
11.3504828713511,10.7584195542824,10.72302944048
11.1476092119403,11.5804894391294,11.8396826015978
10.02732940136,11.1174880705376,11.2420623480418
10.5019731443601,10.0343912946256,9.53731355052456
11.3810428964143,10.0798678118473,9.61742525002761
11.5844945720005,11.4957921371557,11.5270357354804
10.4507397175876,10.2989220915075,9.9291314545403
10.5898482530281,11.0036937255776,10.8689000975757
10.6472388064034,11.9284551608769,12.0894306568137
13.4585937105318,10.32241940654,9.90259421375706
12.9456226403511,10.5948743315749,10.2224766394389
12.8354567940025,12.2799143324429,12.445778932454
12.6059653329252,12.2844037039107,12.3304275989365
12.6892328570348,12.2172369054981,12.0333657318073
12.7897339947202,13.0594260339686,13.1697954167864
12.8037545751202,11.3070474791693,11.0411866197305
12.2569393910044,12.0629067662005,12.2022071423215
12.5224377462318,11.4948997633105,11.4936050680988
10.2443452637022,11.7322635471438,11.8166188594908
9.45418321464592,10.827781830465,10.6009042732158
9.38745191744823,12.0529422596739,12.2471604813109
11.3988873579273,10.8051203432344,10.5887969154686
10.8523696527669,10.4140945048483,10.0757964034564
9.80464814490779,10.8372346064769,10.8783563770775
10.4465292216598,12.0817848296041,12.5147349524007
10.2155070953665,11.6605735035046,11.9169155910618
11.0594765397705,12.2797208881717,12.7019211961287
10.008923902752,12.0896024816705,12.42582073437
9.17566627088698,11.0006947976532,11.0850903955572
10.9823082101151,10.0503338052743,9.92871684406301
12.3280328215233,11.7044903423436,12.0917413085855
10.4465769378851,10.5904684354572,10.5653806327078
9.01561482513616,10.2754660889935,10.1626016265741
9.35029447482988,11.3249401878475,11.6164218223773
11.0196606511641,11.2930614233891,11.5962652451315
10.8087634461852,11.5229396700226,11.8713283957368
13.0920911276367,9.8654630973544,9.591315888751
10.9302799598712,11.4270369639744,11.6395664541348
10.769079929468,10.267737640566,10.0703958367015
10.8951379588914,11.3927130056597,11.5731521443109
10.2661639721174,11.1354627137288,11.2343379933701
10.771173756473,10.5796249077275,10.4983893974008
9.85239464737015,10.1454926163638,9.93236023237728
11.2031571973239,10.9872974852464,10.7991294719766
11.7569270896673,11.2237861269953,11.1298830169524
11.8645251254268,11.8459497889629,11.9838322019311
12.2441572005863,11.0038194886552,10.8720409856458
12.3714743832206,11.4185713130062,11.4287485704381
12.2476451144812,10.5698616434619,10.2770744477289
11.7090526781895,10.6289626278308,10.3229053621175
10.4550253804498,10.7858149040507,10.4913748252622
11.2698525400021,11.2430511334203,11.066319280935
12.4201515531675,12.2030478873215,12.294050326807
11.8297990082839,11.0432635433188,10.660474743335
13.0909842240629,11.3594709798482,11.1061275132914
12.3369223494472,10.5974391584314,10.1721340087982
11.2670499354531,12.1462388849244,12.3349763947802
12.5223660457572,10.5478414421046,10.209551277472
10.8295759661512,11.9070853462529,12.0041268366452
11.5449526836964,12.1397417550535,12.2796154555257
11.0990408348862,10.4865519469331,10.0692587745999
12.2181794814069,12.1318915031744,12.3201724261811
11.5105176563427,10.1825142421289,9.74844218291021
8.63245525639625,10.9320726033062,11.0076484009911
9.50571798889924,11.6902110757248,11.9900377827101
11.5916557873803,11.9321076191813,12.2852967667343
11.689775952519,11.3947911046159,11.5459800298754
10.7936459232193,11.4981781488224,11.6937981378311
9.85324724141496,12.0239701783066,12.442177689247
10.3442346560264,11.4767235288573,11.7419443259904
12.5353820988571,11.9052713387138,12.3161680509527
10.9923801070326,9.81574848749475,9.52691867964899
8.84536014603214,11.3006507835178,11.5907841809579
8.36830040867379,10.8707260598166,11.1876572463047
9.35583688886158,9.87021875651092,9.95822695458428
10.2687681339497,10.5988994749943,10.8058769957329
11.0440449589822,9.73642094652426,9.49904238384943
11.2505784645996,11.0082683248546,11.1236014689505
10.9014301975713,11.1680639896816,11.2965068863792
11.6508194587646,11.3865601512705,11.5767809151453
10.8497540637388,11.62027266614,11.8936839361386
10.6994551233849,10.2173149782373,10.0199132803351
11.5180984648581,11.8200705074623,12.169310809814
11.5627355913804,10.2891573889142,9.84249583770817
11.8902701855663,11.690489362794,11.7298422975689
12.3199707486858,11.0556919937566,10.9185047899944
11.6906544165697,11.3891266100696,11.3976584030646
9.69390345428106,11.0432598805675,10.9428178526373
9.95345296494572,10.9944473406297,10.8681088909225
10.5732639424578,10.5946463828333,10.301166691227
10.9257417048148,10.9218795949626,10.6934301047628
11.7165172379901,11.1120679450494,10.9050863196051
11.6009856351885,10.6640620732053,10.2806432420529
12.5513111671032,12.1413175043304,12.2642167349219
12.2683137522571,11.5921074104903,11.5525373836121
12.2020026185191,10.71943285726,10.4344662366777
11.1476340135939,9.98652986254689,9.4814820602122
11.1889628944412,11.3760646774342,11.3106100488392
12.4087651586359,10.5409008291812,10.0805145652253
13.0916958317616,11.274580887408,10.9547074833108
12.9166349332671,11.2291465296377,10.9297586192374
11.648392391803,11.8141774478871,11.8283249315134
11.6518238009389,11.1715055481779,11.0499739188589
9.78366899746338,10.1306291860882,9.93959607279473
9.6266115535161,10.3477166696983,10.2016930321386
10.1424773920088,12.0304700170484,12.4333845641872
11.4442414082518,10.7400471067624,10.6996615923724
10.5341300139761,11.2744296559617,11.4225541370725
10.8385705414058,12.0310446196549,12.4438830930252
9.64269311705335,10.2220569097003,10.0289825036063
8.77151373368005,10.2682340229736,10.0982295171376
9.39597101315464,11.7511824356374,12.1212476107273
9.81431574447657,11.2228483374278,11.5219863322285
9.10878495130156,10.1093155381856,10.2644737379417
8.56862739390195,10.0869760770054,10.5963073107053
9.74709780623949,9.63979948544806,9.69451670937586
9.96223048898262,11.3696785641844,11.7461969635506
10.2680312285455,11.1382042291818,11.3476518027277
10.8537697279209,11.5188262957615,11.7985388082972
11.4729797275988,10.6484257145172,10.6101476794184
11.7906065452541,11.8923232894465,12.2799247217515
10.6013644807973,10.6948013884343,10.6850390374311
11.6330688900297,10.4421093438373,10.3387265475029
10.5064749358145,10.9265042370337,10.7048353486064
11.6926749351873,12.1913684690298,12.4088883584022
11.9987938516909,11.4156564884306,11.4322047908538
11.0688575020752,11.6495970594427,11.7965933151382
8.70904748627481,11.2640684867121,11.2887225660499
9.30252838196138,10.5156381854615,10.2752877186873
10.1748355304406,10.0245969268286,9.5765702595957
10.4033768813993,11.9275597477312,12.0466544278572
12.4880857877062,11.0710375465096,10.8142646777308
9.94508602058672,10.8452021825603,10.5179660639375
10.1545850457934,11.8835937304001,11.9640296584281
11.8689504826828,11.7466013778315,11.8371103883407
11.3670110391326,11.7452270134305,11.8878710741463
11.5581642639635,9.88619697904114,9.41285521371471
12.5702735124773,11.4900493122898,11.4878755346697
12.5824266136066,10.697552145688,10.2368798990335
13.5134772465958,12.6001722900372,12.4378411681901
12.1265544091298,11.932905884933,11.7241354587226
10.4801135948744,10.9213735309248,10.576851738786
11.3614862942233,10.2073743979619,9.73776517899559
10.1787085410232,11.010529465815,11.1289936289048
10.5848169160956,11.361042389022,11.5868947691571
11.253721055251,12.1113818277955,12.6041022231052
11.5529584131878,11.3119609039534,11.5207478830856
9.20588250177912,11.6059585782105,11.900656540493
11.0449507152191,10.646256321714,10.6005684244581
10.1292531416694,10.5482025123332,10.4631775421841
10.184034338825,10.5195373829153,10.4247782220926
10.153505943673,10.7763280092683,10.8069772675713
10.5135192359892,11.3703590295702,11.7017324414282
10.1983108621063,9.64519621583985,9.5629108244911
9.8358140946503,9.58205887172189,9.65805178451743
9.1850902218274,9.4440049969379,9.30683096361028
9.22483919331466,11.5379283065397,11.9703004999434
10.4047192868196,10.1405366524315,10.0385432999809
11.110210947606,11.5718927266853,11.886128960272
10.7274473071447,11.7360294720722,12.091179285366
12.3850420827973,10.0088910111971,9.80924330812284
10.4024133296987,11.7241757686769,12.1281662146929
9.86283453368794,9.96406354532824,9.7588397313636
11.435462647348,10.7709118676572,10.5428056846638
12.1089754826364,11.398704641503,11.4188864472695
10.4329723485156,11.3244135444886,11.4066969277437
9.29599127506908,10.5090997609176,10.389844917216
10.365504116224,10.6457199678304,10.5768764754002
9.90818841100694,11.3608741859369,11.5129862958766
10.6191933733921,11.0851274592926,11.0980394026407
11.5514228259578,11.9327563883492,12.1108042244411
12.7907196773701,10.5930250366301,10.0779936365186
11.3220875705446,12.0170269427374,12.070983546603
11.3273053351136,11.7418070460592,11.7911710693841
11.7055768439575,10.7431374901629,10.5407298904448
11.2426676871253,10.8897721837493,10.8318483244884
10.0848787919404,9.40165453074822,8.94203673635895
11.5622374416889,10.7000471098567,10.5978642475727
11.5454826502739,11.3312438800849,11.2016403538051
11.1944567409377,12.0662701693184,11.9550455598676
11.3698770665811,12.1698214816318,12.15913217075
11.5065977882338,10.4844988420436,10.0328807107017
12.7029446959001,11.8369831154963,11.9342103926113
9.5599527389204,10.1879550519828,10.0400641056792
9.65336049510233,11.5594655957282,11.889023388446
10.2806530905096,11.0903158369452,11.3136257187067
9.80342312559553,11.419973155296,11.7905390401926
9.85179496020436,11.1585749834318,11.3520017662037
10.4254016240485,11.0894312540487,11.2136415988917
9.47834002253843,10.5827737019542,10.5126997944181
9.14348807752273,10.7450243901469,10.7253166532485
8.74547468031106,10.7312259829217,10.7382094530631
11.3331891146007,10.0773127579325,9.92829010148169
11.5965061323194,11.3985418310314,11.7885478578495
10.0876714129151,10.815492092859,11.0554898788378
10.2426191421558,10.1632904377297,10.1365293681972
12.4547141110219,9.65999331805066,9.38900429226935
10.9806968179229,11.0825701211283,11.2507682094685
10.7037166956248,10.0439083049695,9.8344415089276
11.4792682206699,10.4749810215467,10.4282180524466
10.7771691695478,10.3360289316999,10.2995333187661
11.8197049112555,10.9065956056802,11.1465588731266
10.6801047668737,10.6724986361779,10.7817231567811
10.7297113891611,9.75459825321675,9.22576804012305
12.2069328464749,9.75584409909042,9.28187225424088
9.78845393828112,10.9071609236104,10.967018838866
9.30185114484062,9.3486056920772,9.03816012490328
8.90861689107322,10.0857737243113,10.0025642782907
10.9726921650552,11.0231767242402,11.2173901198154
11.1737400344479,9.21816669953474,8.83404441788962
10.2917037976975,9.66696607606776,9.31291036741642
11.0514056850933,11.9303266136064,12.0856556619541
11.7484352324406,11.7738060871711,11.8226127528637
9.86841285289236,11.0175386848989,10.865827712695
10.2525413953772,11.641067705027,11.776238041895
10.2290878234741,9.90176070926644,9.60214903745751
10.0278076993017,10.2392137299065,10.3605430715932
9.39829939218533,10.2225823263413,10.2108616016769
9.75458665085273,11.3161650943725,11.3558613147775
10.782136465681,10.7816361415532,10.4938841649145
10.1104289180421,12.1705878364024,12.3094754122041
12.3898902633767,10.8997767615042,10.6496898142896
11.728762058502,10.4582095536573,10.1042020423695
9.10413325418667,10.8626917460603,10.9486145521216
9.4479714635957,12.1077602626457,12.6375711429981
10.5596081463856,11.4720901703057,11.8912535336264
9.67962354980827,11.7079219354209,12.2189324110295
10.2354518231862,11.4456941293202,11.768209693488
10.5659854504498,10.711797039656,10.7264844004883
10.5697654891526,10.1191861734625,9.90226145708648
9.85840801352784,11.7913054353246,12.135546847846
9.65799791313288,10.6595159685501,10.6357606454501
10.5271816003753,10.3711641339732,10.2927686481766
10.814314269611,11.4398442713303,11.8025020064104
10.2373112371395,11.4144386084056,11.7980434766733
10.2968835114247,11.6334520878903,12.0348006126675
12.0940713821963,9.90100351545544,9.66428252923199
11.1380440696026,11.3925781509808,11.6339189926435
10.1773812149847,10.1706923772409,9.99509649503992
9.9450458170961,11.176712731048,11.3716325880399
10.949666584916,10.7176768122794,10.8229383089091
9.46653971600919,10.0065249049534,9.92026341237024
9.64283437536647,9.64101021159921,9.41163473897144
11.9112940605194,10.5764067445019,10.3390065176602
13.6396497451819,10.7038627787011,10.5732662742915
11.7095108520478,11.07672276275,11.2254051771162
9.59463485797085,9.66991189682837,9.60648559908614
9.60163290409574,10.3746810252318,10.4343844845191
10.0974931559609,9.43221931821457,9.17966254077229
8.79461121613296,8.72893900438115,8.47882158067992
9.78918900745384,9.2196634064614,8.96607289504013
10.2160665203167,10.4396353744667,10.2672663386754
11.0847389788893,11.5691727319217,11.6484421799605
11.4172647382957,10.222561883039,9.83280564251627
10.9983642430243,10.3713968505812,10.101002190972
10.6564817033399,9.32137298238012,8.85440659658918
9.39153791127728,10.2826770529019,10.4472422233284
9.86387969932425,9.1951992457537,8.85533258923679
11.1725525280096,11.2061529951044,11.2841790692132
10.8591890434898,11.7324102331301,11.8505685823253
10.2949189751665,10.2238915367762,9.79048720207956
11.6070334503378,12.0061793071328,12.1774501711808
10.5707386795081,10.1305629727872,9.68135274646287
