"truesurface","",""
9.39858277944478,10.4395420883254,10.1307169835596
10.420112340472,10.3854088687973,10.1410020014146
11.4312082772494,10.3122323676514,10.1473757376638
11.53739375889,10.745099675722,10.0431263434002
11.6379036237002,10.7421383279228,10.0739084541707
9.21997762652733,10.1261820267763,10.1975248568375
8.62639100336489,10.3987664336238,10.1613834511966
10.5496907991982,11.3978437742327,10.0187385828736
12.1327783487459,12.1420388733873,10.7624913854402
10.6842796718958,11.2304310168912,10.9858858542232
11.2045468855723,12.0727159193511,10.8366126735086
12.305892874272,11.8687114793246,10.8608438694783
13.1557319091901,11.9526786286853,10.3586044615823
11.141740023865,11.4338924646528,10.439220235765
11.456571217844,10.3079081352548,10.6732209722878
10.091226878252,11.6554624859133,10.4270366828947
10.1810418033728,11.7399221064496,10.9440041577637
10.5938606264812,10.6931363884611,11.1705936710262
11.0137842907203,11.0683067777813,11.0769254445058
10.6914693121952,10.8865658110574,11.0974016799307
12.5950736596472,11.7934356722569,11.2234173883809
12.1467492198406,10.5957900276746,11.4429567472724
10.5245279517369,12.0722834533615,11.1256927623582
10.4561378755912,11.9050895450521,11.1454382846985
13.4108880377988,10.6293518686785,11.7762940320796
12.2966471203121,10.7847547148697,11.7172370202433
11.5691595522559,11.0995435060804,11.5966672286491
11.6997106158438,11.8600094367277,11.345342628657
14.1238203860638,12.2220788066438,11.2906096555253
10.704090356171,9.97066292144796,11.4394726929878
10.8006324639734,11.123176478492,11.6303632748779
14.3428954492677,10.9816194785964,11.8978989216529
13.9679515975159,11.6577129785642,11.9475309720419
12.3247757531598,11.2251277699902,12.400185236034
13.3316239283349,12.4960179497616,12.7116053461915
13.0205835094442,10.845239768937,12.6612332037411
13.5163638688109,10.8743619478016,11.8798439969379
13.096621794872,11.3907660220782,11.5724760096116
12.0090102609596,11.4348887755758,11.463802273833
11.0951367913381,10.9270434312227,11.5175542948266
9.09349574599005,11.6809400627191,9.87309316042266
9.76922914638669,10.7390124031466,10.0665955388443
10.8356825627701,11.2471597464869,9.95342470875467
11.1481064988425,11.1898782889147,9.94446704066145
10.5477466482335,9.95155414594664,10.2224903156771
9.12729830382403,10.8500432618554,10.038816694312
10.1125019747545,10.4057902952304,10.1494136499679
10.3980668856384,10.9502709654734,10.1062231688052
11.5221427237831,11.3819856988695,10.9574381779719
10.6781390228567,10.9915400280669,11.089012004125
11.9648914342792,11.2004911398125,11.0848363022077
12.6799502252434,10.9223817574402,11.1294796603726
11.0345643548586,10.4621292155963,10.725608866201
9.53173023358669,10.6699113061998,10.6430183133015
8.55188628979872,10.7186567450072,10.6420256236995
8.56661180070919,10.203615186632,10.7963213631265
10.5132310540808,10.6352119406023,11.2794375781814
11.0015479337535,11.470165907194,11.1164338708006
11.4539976440096,11.9912495099579,10.9713560249985
11.3146442732757,11.0323240756406,11.12042792724
11.2033192080587,11.9330352160249,11.2351053435948
11.1359607221339,11.9844331323449,11.2014210612249
12.5109988608517,12.4091824371549,11.0954217194572
11.7615148939761,12.1007339911081,11.1334943455715
12.9723738376817,11.0448075526838,11.7111875535581
11.7283320776638,12.4261923146444,11.4112764083206
11.5151489730541,12.4412386583541,11.371244318034
11.887302498024,11.4135577234459,11.5148464101042
13.7699682462404,11.8069040703398,11.5491682379891
11.3201157132909,11.567585324795,11.563117535242
12.1059181107844,12.4723635995654,11.5236018424356
12.4316480114805,11.1908814616682,11.97229080921
14.0054490059566,12.4341724383654,11.9858590379082
12.9273525557416,12.3443671257316,12.5053079338648
13.4068029984774,11.2860355308385,13.2490103663981
12.0604244779681,10.8151861508912,12.7748510482276
12.7175144924579,10.6752542238893,11.961754755052
12.1066231734187,11.1556171190239,11.6373962379303
12.4748177423168,11.5909773651786,11.43912306718
12.4034126281421,9.93978740233529,11.7191790157804
9.60149212983261,10.5535924377175,10.0857272031452
9.44254453730164,10.3126044520819,10.137609781438
10.0343004298956,11.1846250819169,9.95475280753648
10.8599670496863,10.679640826029,10.0409298334217
11.0624953103187,11.4631331367807,9.90596258093509
10.7073107393013,10.2019716200811,10.1633095153196
11.9145688187218,10.6551852172981,10.0930445492286
10.8511033000161,11.6030444288364,9.95546234410799
10.2204536468849,12.0911703445861,10.7888012976625
9.63416214440793,11.7964947168998,10.919500841927
10.5124206049093,12.3776055555193,10.8511781018911
12.7616504054601,11.262020419643,11.0968713988894
10.9670700581685,11.3516285088554,10.6191450891267
10.9694660875325,11.1590315098544,10.6143496713489
10.7857400489879,9.99829450388567,10.8511100472428
10.3308036275549,11.0278436581274,10.7225317600448
11.8513312250847,10.7798684841841,11.4160731532011
12.251962737209,11.1306296049613,11.3524223215081
12.502690561228,11.1015137101915,11.2389973440053
11.4926696845979,10.5918035004581,11.2538291782587
10.8049991822669,10.8341353360987,11.4841622543858
11.456385459438,10.8403373146247,11.4494089471239
11.8399649533513,10.8398577094975,11.4252321230836
12.6248592200577,11.3613409066513,11.2935786767951
12.3000956254926,11.4705001413171,11.6319670579763
13.0843901857659,10.9619481384273,11.7180460154863
11.1637359510549,11.2591937618925,11.6302035900544
10.337813829561,12.0562723056954,11.4150716509894
10.7681625506694,12.6362408107763,11.4499203339215
12.4381345845904,11.634715253262,11.6393655267516
12.4515411746236,12.4525312795332,11.5855532057499
11.6529739254081,12.309047708614,11.7711001328682
11.9104814128358,12.5047152187946,11.9495502667762
12.1129017853465,12.1043410556926,12.2735060584698
11.5674998786971,10.9469339195924,12.6340396640388
11.4518109527606,12.036414932468,12.2900879332603
10.3087855234496,11.6477196173989,11.6571350377311
9.99552621004388,10.3747105272797,11.7655598759611
11.0769475123575,10.6690586092677,11.6173217112667
10.6065712290964,10.4512483881117,11.6129723623539
12.2742908405317,11.5229894989162,9.86336604111201
11.4389084372485,10.3469736108104,10.1039912042775
9.97228747398187,11.8108077386195,9.80661705728671
10.5954959173533,11.5458865119549,9.84729907853305
11.0269520248977,10.1730335967815,10.1683071623079
9.89077051732558,10.299503783489,10.1507473323507
9.07182968902888,10.6506362191485,10.1095016240278
11.5994127893404,11.498890614354,9.98102024733747
11.6195267500085,12.0668255194654,10.7417016421217
10.4727038591219,10.5320743820856,11.1166352608234
10.3544115038027,11.0379313281369,11.084659523297
11.4151050467926,10.6508376335341,11.207503217829
11.4525767809408,11.2813201875574,10.6790640784906
11.6202457366495,10.7331176210639,10.7519735642291
10.8742979507365,11.6544268354033,10.5559799832328
10.6968691548101,10.5173486260645,10.9089498160844
11.6331880068133,11.2688704213261,11.5522075836592
12.3735928331029,12.051184057079,11.3617128668735
11.1908243666175,11.9394976239394,11.1106078370364
12.0812254557715,11.3749140984672,11.0922982806595
11.18035044467,11.8832213693417,11.2398751626529
11.7945989413761,10.9821592662281,11.3884114679571
11.6331227963369,11.5270739701093,11.2442805210045
11.5647006100936,11.6130977730792,11.2080495790863
11.7927729432631,10.5914873663568,11.7952100719637
12.1913115462802,11.6123085490763,11.5806882128976
12.0266461857956,11.1461330452815,11.6483307050712
11.2320100409469,11.3234951524875,11.548035940487
10.5968708254516,11.1072529070099,11.6904778405288
11.4375778570016,10.176051566151,11.7185481306569
11.3638933053756,10.7539241405496,11.8503619722224
11.0553014982142,10.5833256021199,12.0315245955591
12.1854267951731,10.373209305754,12.2045260506519
11.7186909412708,10.8151437108357,12.245493782843
10.1441501365232,10.8580081863232,12.2917492941953
10.1180558200785,10.1102362352878,12.3887990505734
10.2319145001505,10.2478762071102,11.8132441191556
10.1545192611826,10.9891673576921,11.5875818121767
11.1756172988104,11.4881416072021,11.4287003531247
12.8271346751992,10.4961262988379,11.5932805752443
9.36391204019598,11.5335750116618,9.74393807681692
10.3371498918308,11.5465993729041,9.74553851418862
11.2633038193271,11.9649641682366,9.66678642533534
10.319336082601,11.7284220540578,9.72640513057268
10.758777155802,10.7498291657193,10.3745923764722
10.8727376608716,12.104308276603,10.1157396943504
10.3811013557693,12.0448217525966,10.1526878422097
11.4429548273857,10.8331280839224,10.4271528514034
10.2963387296635,11.0235798062096,10.4731396077036
11.7300306637676,10.7867679313811,10.5663121955168
10.3541947116878,11.6722366766883,10.4336796728285
11.5904187810784,10.4889320337941,10.7176987001683
11.2022456553382,11.9813539947799,10.6791399627762
11.5078460088061,11.744234145704,10.7212306104087
10.7378041707235,10.3995866268,11.0050510209317
11.0240509926063,10.5754639863087,11.0599645768965
11.2476310298024,10.9143461790346,11.2378464584612
11.6789540371238,11.6414884543656,11.0576392294258
10.0919207907535,12.0484919868579,10.859863527243
10.4286751387335,10.2881746288996,11.1167226374196
11.1900292480859,10.5521862119888,11.099648538664
11.1937167438751,10.2483037702571,11.114503557698
11.5013033509047,11.1549425069097,10.9026626077592
11.1279041481007,10.8236990233945,10.9629665080151
12.4960695539388,11.9426753245667,11.2281742396644
11.892142596139,10.8279343241636,11.4591797923714
11.1378112206396,11.2483572571961,11.3622863067771
11.26841388288,11.8864980847363,11.1824986800168
10.8713660929193,11.5831811436831,10.6989672562459
11.3048912937215,10.8698405744356,10.8017094564751
9.53921476427738,11.4500472548289,10.7561867593604
10.6264967666271,10.3675572617474,11.0412570653021
10.9126056117383,10.790161620601,10.8896415371422
11.1004082165099,10.6577685720756,10.9531005160252
11.2676259920852,9.48837313694144,11.2197587016668
11.2293653254285,10.4648166868514,11.0299915769529
10.7589988599162,10.1129944344976,11.5957554040593
10.9478705747602,10.4681597329574,11.5019364726582
10.9443706245573,10.5036531703608,11.4638841172184
11.8823094528366,10.0138541504387,11.5420545247012
9.55871503483949,10.3408930495894,9.91350979311628
9.25143859109391,10.3179787638811,9.93070884009319
10.4337271566789,10.3484708977889,9.95597060856428
11.728145552898,11.0023101112313,9.84395471131686
11.2595846850579,11.2537823444607,10.2279250411017
11.8893348778012,10.7201007867102,10.328801302308
10.5923478643363,10.9514475309663,10.3171154027902
10.6776014005972,11.6019828001406,10.2569094480088
9.201500694149,11.8632331942937,10.3045483921175
10.880059494174,10.7537890823063,10.5669576539992
9.26588803107389,11.5860895685042,10.4297849631889
11.577929788202,11.6392452994283,10.440328446809
10.9975745077851,12.16102329678,10.5793099878052
11.3577256899838,11.8679667499355,10.6303401853506
10.7372971884289,10.7990872433018,10.8409684702173
10.7916005254718,12.0597687706777,10.5898722775746
10.6519121697565,11.9226545972288,10.7602349674665
11.19031683366,10.7723495345355,11.0034500601142
10.3543005347323,11.0520507441402,10.9317422361367
10.3294314413642,10.7254161519545,10.9671311433124
11.3142090981799,11.4469238842424,10.8846892195671
11.6013801459703,10.2002724372243,11.1030643162185
10.9680469798963,11.6799598018499,10.7761429332368
11.6217914140748,11.5851750507727,10.7872410227149
10.4750016849906,10.4492788771241,11.509731902313
12.0598546539623,10.6926428995406,11.4770839444894
12.0363019765057,11.0246108715394,11.4183844543635
11.0748584696371,11.640135986218,11.2699258210414
10.9531387235759,11.7346178321906,10.7367053078768
12.0832011525953,9.77335573514918,11.0940209987094
11.7944903958057,10.0704113689862,11.0472871490302
11.0300849289217,9.74957619443895,11.1411100489356
12.6348420914896,10.4969081275491,10.8827046585361
11.2158477537848,9.88982086913166,11.0144402516035
9.71979572054901,10.7270099686732,10.8592501984116
11.5969545229784,9.61949204918171,11.1258874555524
11.1145821851561,10.2537783931218,11.5237497793543
10.124820484527,11.1611244059685,11.3399058194943
9.9675767226209,11.3289432789936,11.2901624471883
11.7181343909237,10.8644682571382,11.3653490314325
9.32380487064098,11.4097435126995,9.5465098489996
8.51189071002862,10.5706085820747,9.81102637158938
11.1859129693125,11.2157278523129,9.74025824086719
11.224404182727,11.4033298121406,9.73984169528081
10.8224595901706,10.3927018540679,10.3310436393389
11.0303444632201,11.2310469373477,10.0378513049017
9.42646999526638,10.7652171042014,10.2092981982162
9.97133082157167,11.1059502551337,10.3380514869576
9.75671482906025,10.9285814772097,10.5357194518961
10.804367390284,10.2971778221534,10.6991038249549
10.1065129640709,10.4468302460044,10.6798242282618
11.2174298547083,10.4503752823721,10.6687571525105
10.9642652027644,10.5122858983406,10.8684346014116
10.4485475205484,11.0446048982713,10.7199415620414
10.5173523925447,11.1137941558155,10.6397648154387
11.0099110348783,10.4664487268192,10.7192223897364
12.6032408689028,10.5772964536301,10.7885962122111
10.9005897636066,11.2813694043141,10.6970564944439
10.2492022669772,11.7642104947715,10.6585716688383
10.433347950594,10.7326671638672,10.9335869714796
12.2434345361564,11.4720484072857,10.8804984396642
11.5077580489385,11.4565544751558,10.8632487390304
10.9913799105367,11.8820121700278,10.7454852455093
10.5719119380056,11.6556613351026,10.7630455374609
10.5949365528773,10.7626979534741,11.4220018899578
11.3446140264243,12.171199856786,11.1520996268004
12.8210964349577,12.1313045505653,11.1910025925553
11.9474198297178,10.8648889948819,11.460256956351
11.1715776223208,10.7947513332615,10.9934224260525
12.7191465516193,10.2396735352291,11.0685512992743
11.6058248859585,10.9805531025314,10.9028406322066
11.1475276145366,9.75333267465071,11.1449213984505
10.4133358387166,11.1240604824274,10.7514704243395
11.6700703504058,10.7796887110917,10.8353721704668
11.2955859872807,9.3429224527682,11.1465103519162
11.1330016310187,9.53196366145861,11.1416725659058
10.4434096593681,10.0460885382128,11.5722463850509
12.0561403768448,10.9493720144066,11.3904079787515
12.1046096791586,11.5113335125085,11.2559670429036
12.7189193909295,9.87443413337664,11.5660795963053
9.93692627571691,10.1362749494418,9.71719564813198
8.42667177006536,10.0354504170938,9.89545950147763
9.92114049624524,11.0180120553056,9.78812699442727
10.0136760314989,10.6914254955696,9.88180718176236
11.3602801678697,11.6278285789574,10.051236623978
10.1915315240623,10.0900953325893,10.1361777563425
9.53059367945747,10.6202164365011,10.1455647825364
9.11523036996429,11.6278004791423,10.2232122089925
10.0610842370889,11.7911029536459,10.4585924539217
11.2404671822587,11.2827548393331,10.6166048393697
10.7301149047714,11.7966362532339,10.4859613586016
10.2096748424798,10.8041933433809,10.6080384692192
9.69183091751181,11.2392118410704,10.6554859724167
12.7917136046919,11.2111243917486,10.5787791759313
10.6899993287306,10.0963011773895,10.7103386541419
10.6070586691662,10.8194175330758,10.3714654438442
11.446408148939,10.0619267088769,10.5424441295741
12.8811085048866,10.4147578093326,10.6338351089904
10.9213665423254,10.5265210639274,10.8099408464112
10.4361404882119,10.1249879250845,11.0528712551562
11.3110770904243,10.3851153707994,11.1571047718974
10.8598859355114,10.4242907538323,11.1429574584088
10.9133851973104,10.4210618756744,11.0848152893945
10.5855637303778,10.9442157772186,10.8996330883898
11.8698244922641,11.1075552714682,11.2814956139353
11.8088657237099,10.5956156998332,11.4078171800762
13.0965731385714,10.8209681051326,11.4249596917483
11.3500406495983,11.4594770216581,11.3545718250049
9.49051385694511,11.6582668802375,10.9117535696104
11.5227619709435,10.3140267403391,11.1689079886609
12.6057358367937,10.9969206500217,10.9608834673212
11.0781227600906,10.9801841101942,10.9095226142436
9.81583508254029,11.4555715751889,10.7220284600548
9.9389122759493,11.2551580410522,10.8433296540811
11.4525687652878,10.0430528030149,11.1227680250665
12.9549736113993,11.3242652115549,10.8925458907385
10.8956170025377,11.3260429605927,11.3908303326159
11.2334620053026,10.2382974443076,11.5750060252515
13.4664781516063,10.5809684540068,11.4583338896051
12.0744593771586,10.3819728811134,11.4694087954365
8.84979620630942,11.2007002780305,9.48313511434567
10.1845040248392,9.99876306579211,9.77527305563146
9.86578371013964,11.5091264113106,9.53479301042943
10.2243270610549,11.3786497880577,9.58267697618749
10.4499898960496,10.0240731749032,10.0679273090459
10.6719548321716,10.076473426465,10.0027645095076
10.7124521996472,10.3720523908297,9.95714768673627
9.72253700894385,11.3197995269992,9.9709549410484
10.3834540120368,12.0702878852258,10.5535614198135
11.0825354599629,10.5113765089461,10.9998186509199
10.5027337294015,10.8096677658616,10.7722340896874
9.6157111123875,10.4158014006237,10.7273776252739
9.00038488807967,11.0090160281766,10.2332272565096
11.7079416039823,10.3954726211147,10.2466748579083
12.2044254890598,11.2101358927833,9.96153109197538
12.2240004598859,9.71057195995136,10.0586458422545
9.60890561695651,9.59715149351297,9.73236346490036
9.57145718800062,10.7158682681859,9.85010774435503
10.5312008479804,11.0409779437822,10.0704946927676
10.9976116932694,10.78962827747,10.3318721566272
11.0078673677833,11.7327229176136,11.3524827672998
11.1654595192088,10.991445904517,11.4889294211228
10.2694026329079,11.5832136407759,11.2628779790601
9.70249354955822,11.5008095817123,11.100499383263
12.2329327696549,10.1720520709232,11.1036237031546
11.102767136572,11.119804242548,10.9242940295052
11.7190253911882,10.7435964539018,11.1558556654464
9.89833663200759,10.9527094233875,11.2360647660395
9.3857820501411,10.633906332239,11.1364189210623
9.81171983303255,9.87854188805752,11.3838995788628
10.3847543776875,9.82165019833796,11.2276093016668
11.5325902216534,9.70437136211597,11.0823212629216
10.8406349187365,10.1600023906566,11.9055754254973
11.3788034905448,10.9184239917372,11.9022951107868
11.1068122827754,11.0490008093898,11.9992087492771
12.030152929417,10.3823212007465,12.1884090072218
10.8586544058683,10.3589114269342,11.8177070070665
10.596536159023,10.9457591082488,11.5619608179997
12.6480900203752,11.4028185002826,11.3859320351028
11.3487932469123,10.404401883548,11.5401737933891
9.67613117149591,11.2583970986898,9.58133303238119
10.0615492457584,11.2191526751533,9.63112351243927
11.0130083764539,11.644222576246,9.6141407984064
11.0347199999247,11.3874761529938,9.70249045157745
10.0819375565169,10.3354455197379,10.158771946768
10.5505864317098,11.5946698967467,9.84805819907476
10.9958439878526,11.5479138083348,9.86414615762991
10.5677293169223,10.5623067878462,10.1641472600547
11.8383907307787,11.138588617612,10.6963663716327
10.7824372543937,10.9903967339417,10.7785834171255
10.0759420384596,11.8130696687788,10.5356150546324
9.99993853909002,10.4670530733943,10.6859531164931
9.51024192694035,11.5381675623253,10.0848805694343
10.148177107712,11.1375333201438,10.0634985946267
9.59861491379877,9.67806455511153,10.2710663973945
11.8013767410107,9.61205907631268,10.1743153961233
12.6829818501484,9.73762107362172,10.0385464012294
10.5370155345606,10.5525925087332,10.0676079161905
10.0461481695867,11.1943823084221,10.2046240023796
10.9349714831655,9.85025889634522,10.7564135975494
10.7587939035847,10.7373126039092,11.8203513538839
10.256310960058,10.6547132120841,11.7148194104871
11.8711114949551,11.5819820378322,11.3765461284705
12.6888415389236,10.9718397655341,11.2792644795916
10.5777160452068,11.3366665065866,10.762134373732
10.7143424853262,10.1359181852545,11.0346524331489
11.6456782726074,10.8962788120352,11.1405073465633
9.82567604053633,11.6137095590059,11.1382240002218
10.5630937597428,11.4273840015486,11.0254747029679
12.0906183596741,10.8234026931166,11.3314548296316
11.19135482125,11.0694264477076,11.062539631786
10.125217656753,10.0055325573362,11.0642931772377
11.2910853451558,11.0785631384752,11.7823147329453
12.7717576818653,11.5437095315586,11.9062702636906
12.0518626784884,10.5866028557961,12.3252414524317
12.3066367994986,11.4846788179635,12.3876391356613
10.8925650843379,10.4979712314941,11.936262592699
10.7704905551557,10.5071653114035,11.7130516189449
12.9037970063635,10.4222025078698,11.6065559841749
12.2771561193271,9.92022046955303,11.6528251290917
11.1614754736679,10.1133789511963,9.88031162899875
11.5100445525352,10.0253553532044,9.94327911268798
10.2004273217113,10.0607613495979,10.0497534204862
10.6917016240474,10.7256255165761,10.0614992816154
9.76901631142122,10.7401852824884,10.2092906860351
9.51956599950722,10.1060090324114,10.2505530280591
10.5084396320726,10.3280977697075,10.173953115946
10.0691833474604,11.1837125342741,10.0243697718205
10.5624884601993,11.8464060398714,10.4417283011369
10.3560851300851,10.8672757562496,10.6433068911863
11.3070212969296,11.7031589117972,10.4334401291616
10.2457747415163,11.6166397172937,10.3716829050481
8.90610551636694,11.7742814339974,10.0071841261485
10.1225450718076,11.3310790751658,10.0315651887823
10.1576194494641,10.1694214511051,10.2209953852682
10.8946991846053,11.2688838402665,9.96166488329799
12.6025756296,11.0509586780393,9.94668652622863
10.8849849480877,9.89474157108545,10.3363371993041
8.90253171999863,10.3145288607049,10.5264509432766
9.27413941574347,10.5673321567395,11.0599430407593
12.4051245641665,11.7668399416971,11.9322075120871
13.3302970703542,10.6908798689288,11.810374295085
12.7699588129728,12.2232171990822,11.3951890460859
12.1948310095997,11.9848667073244,11.3618316089698
12.9944707859838,10.3498648964706,11.4011416626926
12.936719337127,10.3313134656455,11.3064660908688
12.3909555682002,10.6822658619924,11.2948613565548
10.6818069454399,11.3722721317603,11.2311487977524
10.343394591875,11.5605444367387,10.9865977667934
11.7782335652675,9.7288072265107,11.3827664915368
12.0949787363641,10.0551664790556,11.2862697714913
11.5179275460735,9.80303409302005,11.2784929184332
12.7099598768115,11.1310966330422,11.9049640283493
12.8618442466467,11.0585494474246,12.0935606840224
11.960520315732,12.1108326784705,12.0717898174827
12.3315178712753,10.740000360253,12.4117803843183
11.5414829393827,10.7437388907565,11.8952188931261
12.4059157171067,11.2758703984319,11.5973551231414
13.453317425482,11.2981168403615,11.4659855850222
12.221902565021,10.8152732775295,11.4902459016193
9.0895373662871,11.3485634503658,9.67291643350937
9.99835252475579,10.331205935902,9.92441088369913
10.5044806309275,10.9197308756291,9.90195527809939
10.3423435756274,11.0220074046554,9.97406865030015
9.16372341735053,9.84924406156433,10.4093982979916
9.81536685323899,10.7382737944735,10.1505969967337
8.79835526637335,10.2104765045022,10.2030237783003
10.7810460258648,10.5306907345612,10.1139560585912
11.6603073120886,10.428770469484,10.5789496334398
10.1737146303945,9.78558502307478,10.6473081798525
12.1848902694125,10.0811326886531,10.5622796765719
11.9720546072869,10.2266813132692,10.5230498243585
10.2203943030067,10.3592803519913,10.2557687820498
9.85305616314898,10.944774202387,10.1427806200377
11.5340706054306,11.0120905085698,10.1334433667744
12.8886244611386,10.1305005960377,10.2895251961966
9.32255157672466,10.066205067291,10.2278475526136
9.3396399901185,10.7321252054766,10.200967559395
9.68788582245341,11.2606064876164,10.3116534092197
10.6517935132226,10.5644165200948,10.7749364005202
10.8750503679792,11.7444752483314,11.6677285278314
11.7071840773035,11.871616977505,11.4975978327448
11.9037336559012,12.3672156192352,11.4600169590162
11.8724202697949,12.1230172145761,11.7146337362968
11.9895942421226,10.8458649997561,11.7053236831174
12.2926262916575,11.950017809055,11.2206884594629
12.0085536635573,11.831355282281,11.1782005709064
10.9490365656147,10.6207836133683,11.4326862200315
10.4575226529654,10.7392741085867,11.1822828625049
10.7184282098216,10.5636095170862,11.2967685203708
12.9830105525865,11.3930725932679,11.1404152957136
13.4939524209325,10.2374325990054,11.3807695665464
12.2190529891251,11.6357438421903,11.8984248383023
10.6285201166249,11.6266433833766,12.0155138614268
11.8423726215459,10.4238865289064,12.3743886878338
13.025485092199,10.4515227461226,12.4032812037077
12.258707511499,10.5360861200377,11.9507156868177
11.7281973567051,11.2237714748498,11.6560990080751
11.3683610326868,11.655129725535,11.4386709149573
11.8827785634256,9.97824796908133,11.6949538239531
10.2066329613304,10.1885257424935,9.84648552585153
10.5489277825952,9.86464095567652,9.9580396284856
11.0900737571606,10.7622447484133,9.84499614737452
8.62256155787122,10.3369808955483,9.97934550155847
9.46041433313888,11.1767506870874,9.86119664739605
11.3080657626113,9.88378327338508,10.0605717328131
8.7352238522615,10.2289589948284,9.91917810343908
9.73983375330262,10.8725835293689,9.69941624250415
10.2143795944864,10.7025459423276,9.2845304065304
9.33662670917475,10.062176890286,9.31458551771242
9.78486316237813,10.6880222049967,9.13140474942819
11.5469201915711,10.1630930137499,9.25930904829475
11.7731435338945,11.5016813778357,10.3547788529417
10.1963289662726,11.7953454518966,10.3659210743501
9.95066483985589,10.7266381661115,10.6470594392456
12.8562788498597,11.4172152049832,10.5392223948038
10.3085471134764,10.4793485589177,10.5286630808136
10.1389068499749,10.4473112485449,10.5485583273773
8.69086546084324,10.398854463191,10.6170222536669
10.4312150196759,10.0063900488304,10.7612279503348
11.3079629216127,10.3257165667291,11.098110065859
10.8446756438408,10.4458173927735,11.1385143943706
11.2142321860849,10.5808620397867,11.3607556189458
12.1136151613025,11.2388956819041,11.6132709809615
11.0545808982515,11.2206317044338,11.8768331677915
12.4085026578193,10.4451911643848,11.7054749263052
11.6850366541636,10.607392645897,11.5663535087832
11.0112959405333,11.3513076325727,11.4358152632678
11.5850060156716,11.9817865531119,12.1357483004423
11.6440040570455,11.1341715079322,12.4371658492314
12.3787103354851,12.0097366947943,12.341986367759
12.6797006989039,11.8905735874134,12.3592914589486
12.4248284170467,11.8692047254239,11.6061156007778
11.3586995499894,11.4105401906075,11.7231565555475
11.3749123239861,10.4634975145276,12.0827938518775
11.4569603145274,11.9031862552443,11.8710863329992
11.1450841709784,11.9065936310186,12.3321230338872
11.8252314253657,10.8246022147043,12.3680876954515
12.7078641201784,11.0898248946898,12.1563802630672
12.821771093855,10.7537593440142,12.1145361848286
9.29633167025045,11.173773507813,9.66475963713585
8.75928205400856,9.91110615921688,9.9724980296716
10.3167165638416,11.3702445428381,9.74978697969185
9.20362037989102,11.1534467561746,9.84798237663705
9.24607182684804,9.75310874810725,10.2297915155468
10.6063908067306,9.7588685892225,10.1534268679485
9.74480291449832,9.94176012988133,10.0010441755376
10.3569441276247,10.4612327046256,9.74132412703528
8.72097607845838,10.6721647938084,9.19876759594547
8.62681468752392,8.82487683551843,9.41898513049571
8.68177465915982,9.2871883600337,9.20702540896419
9.51802424032485,9.59054222924973,9.14636068113794
10.5943842692686,11.1466243854254,10.1150100597174
11.1648151511251,10.4383849331324,10.215697249018
10.4805713089453,12.2433140026797,10.2335225621778
10.3581545056425,10.8869716159916,10.6032020255298
10.8073976659342,10.7763837947688,10.4290935441278
10.3170826889389,11.2671538281322,10.3197265768983
9.45452060516546,11.2702057794913,10.2838565858691
10.7668086068323,10.6959975641227,10.2676372953066
10.1996237337972,10.9754024969634,10.3015445954086
10.5164097363889,10.4644772696141,10.7569522680154
11.6020565352215,11.3571205122996,10.9686711820927
11.6487078902454,11.5020782454525,11.1657039948154
11.5632615930906,10.2926724899227,11.7420970600092
11.746801064406,11.143660086521,11.4879972654674
11.8274972776478,10.6325803735774,11.5559287521981
10.4830586512836,11.015677835453,11.5484949028497
10.1942665719316,11.2832864222209,12.384021079889
11.3294561269961,10.9856801158771,12.6813881241937
12.9251557629588,11.2098719072008,12.8033238868024
11.2942295832149,11.0050760256286,12.8379679061687
11.7847468536313,10.4992511934857,12.0642838296575
10.9851028684843,10.591150459987,11.9591684174581
10.5234357944984,10.7994297353324,12.1101509073012
12.3193551506413,10.7391260449879,12.4845630267721
11.9624145533364,10.8136019500289,12.6651530854094
13.0842906576026,11.6830381264478,12.2276674753542
12.2338880428393,12.1139528817305,11.9724093342017
13.0906590877592,11.0007239923472,12.0952249557638
10.5488712824199,11.2352448962247,9.66957068068746
9.75852220210159,11.1537950618506,9.75006787036533
9.89293454164989,11.5667826598701,9.77535662481323
10.0272909704438,11.3049480539204,9.94791130992174
9.59700560069757,10.2717524763595,10.3397892165389
11.3589527074665,11.3733386487528,9.98821578442943
10.4038124240109,11.1296982571126,9.83998016571011
9.57644913687198,9.8156394751214,9.89596174191443
8.83025863568853,9.84077475227491,9.34119259692061
9.08000049793934,9.38750706731949,9.21230869482971
8.78497238462182,10.2469365541,8.81442819497942
8.36250189788652,9.59131145877772,8.824269762051
9.48871430998203,11.6567891966915,9.61480786674164
11.6421105171809,11.5614337510384,9.83431540989161
11.1116515611126,10.7849027641458,10.3895241167936
11.1044914679075,10.8201075493642,10.5534237894938
10.8838340680351,10.612976601275,10.4171266663334
11.7255677606194,11.1164732781187,10.3081132679508
10.2556583747219,11.5155632755466,10.186829491431
11.2755038002069,9.75751789400424,10.4114772118088
9.90291649138896,10.0823676943654,10.6087065856776
11.1646722130354,10.0799030029357,10.8527092463173
11.8825572674325,11.2641191298752,10.8863535733694
12.2374228997382,10.9081618834609,11.0681940704893
11.5335826135918,11.7555815044595,11.2349123712617
11.5886722546193,10.4672455857198,11.4914988903034
11.0446148478748,10.9005014417782,11.4385608985387
10.9913569357807,11.8201977755058,11.3864894717485
11.2860220524895,12.2691672929218,12.2771384602307
11.9681099656832,12.0230948299829,12.6999445369054
12.6608574825895,12.733479928422,12.9286552717569
13.8280081483262,11.7720794739333,13.1676144674276
13.3363071546395,11.5024757958658,11.9105261774427
10.4300272535512,10.9547359495226,11.7833903242647
10.816915524288,9.83348250828923,12.1156588587383
11.6330202006738,11.0199312715719,11.9616912871833
11.7748373912036,10.7988190852597,12.4959985860321
12.5947260465565,11.2505758001992,12.2724213923839
12.0561836012063,11.2366035813354,12.1409136625035
12.5949331674121,10.5956350186261,12.1735490399799
9.31384517920161,10.0375125933045,9.90841887283805
10.134663488686,9.92696299077106,10.0213767490332
9.7410647239004,9.96793665928515,10.1797091980601
9.72093983737449,10.695952822458,10.2803063694743
11.0346983040425,11.2814577796163,10.5872470685512
10.6732690140154,10.2863489409336,10.503155976042
10.1380631898929,10.1164091334258,10.1688183030539
9.79298864039824,10.6893548355727,9.75449396237113
11.0755910772216,10.967444998309,9.12086319710326
9.95118183290237,9.83781430364665,9.10323173838776
9.24403314465942,10.5731754254677,8.63013571731098
7.97430261361346,10.3115391382807,8.14088489013225
9.56492352637778,11.0866358465822,9.0349948716482
11.3714389757989,11.5964529682668,9.59376551930423
12.123964464228,10.8017718913301,10.2537894134231
11.5530397564364,12.2844414053731,10.2080169049745
12.1543130268805,11.8002758580952,10.1603313059656
11.5270185738462,10.4577457245324,10.445534921917
11.0652026608176,10.7014333771701,10.3894949998874
11.9205160361979,10.4455817710495,10.4390915864531
11.5515051137145,11.3474502960649,10.7374584352294
10.6967721891984,10.2054939600361,11.0599281713747
10.5884472206594,11.8512655078854,10.7167743385424
11.4465451656014,11.7164385733582,10.7371373687535
11.136683336745,10.4001868707227,11.3272681567848
11.5936085523583,10.5050179629907,11.347337735692
11.7058649621969,10.8473864488257,11.3766463160609
11.775370626259,11.7402761949334,11.3581916312766
12.4129397683962,12.5168465804432,12.1836322370803
12.2611013162016,11.0523138826159,12.8680218317702
12.7861562070457,11.9835801922239,13.3723388072951
13.7473475637052,11.2613376784081,13.1018324437084
13.2686933930403,11.1853947699248,11.6397468866767
10.097369046394,10.2948943084798,11.6501643476518
10.974596909993,11.1545494261277,11.5257109203026
11.3830954917495,10.0943550192429,11.7919166648828
12.3665892048419,10.908673067322,12.2706846577014
12.5376459923428,11.8767690059928,12.0218898878918
12.3968200232149,11.9955763416399,11.9256633743727
13.0824406879336,11.3780747742045,11.9753335670983
10.0857122638634,11.1760331166473,9.63036586758832
8.60403177813596,10.1377613568801,9.94647606911827
9.77552671966784,10.8329172859175,10.0199083955701
9.18664497852441,11.2327145305868,10.2723952964226
11.1838605221997,10.7499814417164,11.3833194370439
9.82549694899953,11.2647669331742,10.932891540089
9.04042755522369,10.2798168916174,10.6297127174898
10.998112083563,10.4301224006765,10.2724817847955
11.9001158720399,10.4119351897682,9.95209541010738
11.3065288082424,9.82887696327323,9.8228199810205
8.90055427228782,9.86788826254863,9.4819470207726
7.71273918892155,9.47682619497719,9.1124074756432
9.40959500872153,9.1844026629514,9.00837853923548
10.9035387052365,10.4662548847893,9.42719488234053
11.7573891743381,10.8254133415212,9.76265259050402
12.0974277889974,10.3897695509498,10.0893936566247
13.0683275224674,10.6292808406997,10.64711891112
10.2128943891367,11.2647999770759,10.560676461342
11.0776100914453,11.7187915763351,10.4989993041983
12.9288171254048,10.6797166716158,10.7498343320089
12.8353319968587,11.4643448857004,10.6825964856998
11.5434143748519,11.4385235569426,10.6721229482076
12.2207054195952,11.9733151170286,10.4357776481741
11.0788205282284,11.7537914515828,10.3742766100366
11.1152311954184,10.880071757799,11.0962317731317
13.4862359770812,12.2971958423155,10.9025648363518
11.4775087763488,12.3633948310178,11.0649157223311
12.3480110093515,11.2731354089222,11.4734852019864
12.0043586690965,11.5546175842764,11.9430266001034
11.2914123771629,11.2922408577323,12.1966518168553
12.3782128240299,12.0736825152449,12.0322362034712
13.0209888691297,10.4056000552948,11.8541219047773
12.5742672946407,11.4374257623875,11.0325999411086
12.0335975379745,11.0657878401634,11.1569412979151
11.7723975527705,9.7167823891002,11.5222694977766
11.6476208378043,9.94383006717731,11.5251838150367
13.4199886679385,10.5125499088459,11.9124840625247
12.9068210636584,11.4894131608006,11.7261433771399
12.8435011032531,12.0254649295074,11.5858238291719
11.2360616218689,10.2948083468061,11.8912531389551
9.20768963370034,10.0401866888031,9.81317404449805
8.05881046496493,9.6967544312003,9.99779030325354
9.22460425785702,10.7408147132522,10.0267803503455
10.0267158059286,10.5847386006112,10.3445795990889
11.7506693967193,11.8659086718857,10.9315405147002
10.2867604159692,10.3160400944028,10.9170331462617
9.33919538904787,10.4918148079759,10.4936163019416
9.63225590766162,11.2248894028998,10.0380481461077
11.5618515844352,11.3871111782231,9.68944058896461
11.872507806629,10.907018780121,9.6011301617546
10.001494503081,11.3926199456267,9.31060006570329
8.58361016589271,10.2627931786586,9.35044212008182
10.1664019132232,10.7363254822783,9.3749383147867
11.3948793376547,10.8648031083313,9.56352657609046
10.8601657380757,9.84097432474477,10.0071053587956
12.3284551516788,10.9070029865624,9.97335078170392
11.7241566690399,10.5330955591276,10.6590976660251
11.1219144914509,10.858436180499,10.6663701046143
11.2041603229554,10.8439140227547,10.7021305183784
11.865489148191,10.288772576339,10.8267359934233
12.7859174091473,10.4132880114951,10.8124086443031
12.5099544223336,10.3493252062322,10.7232858490982
10.9149565899969,10.2965465888039,10.5012877282825
10.9343686086219,10.8463189123798,10.1849996414689
11.6361219103986,11.2045588968833,10.6134492984856
12.2373682559076,10.9119146751031,10.8862985201843
10.8372402558736,11.3649033596719,11.0966444546058
12.4021986596577,12.0538757719369,11.1670247327715
11.8913000995634,12.4180666723291,11.6031627248027
11.8938442242508,11.1232943015597,12.0126638216211
13.3913792566224,11.9292463980275,11.7059350497421
12.584472386664,11.7556010236675,11.5097460714019
11.0586342988458,11.7125500549671,10.9475843853302
11.8959899230106,11.1945395325918,11.0545158616782
12.264504641119,10.071867736583,11.3309942148339
11.6089454899147,11.4391823340097,11.1122668719673
13.2442776666484,11.6341637405011,11.5917220199248
12.4268457765135,10.6673754025967,11.8111742247416
12.2822678093617,11.02037567306,11.7288406705116
12.3448745231604,10.7530625703246,11.7618901905373
10.3143253064144,11.0270483974296,9.52591916869067
9.49586733459539,9.80182865072084,9.88333642536277
10.7335589923141,11.4359943871597,9.82854972289658
11.615969827843,11.8216226116377,10.2504677409849
11.3049230061034,10.4188144804076,11.1170692047927
10.8247927191551,10.181614160329,10.8003433399577
9.37009862251999,10.291774504092,10.3969786194801
9.74786095328774,11.0322650277964,9.90563676166687
10.131978662756,11.617806627715,9.47227115288728
11.6149759563204,10.0386297128575,9.71423082450668
9.80327345541556,10.451110155632,9.60236868479405
10.7199348441028,10.1001307170371,9.6584356941646
9.99911109860754,10.8487452366463,9.67934053435322
10.0078586985858,10.3698237555665,9.87470129674828
9.0694496349548,11.3077801965742,9.81565831669543
9.414266908595,10.1713047492865,10.1749432330912
9.66318481525873,10.7270570303686,10.6494755820368
10.8169965618044,11.5845135492407,10.5365799797375
11.0570492576297,11.7097621572014,10.5275749089799
10.7726725673942,11.1945258974572,10.6085809291302
11.2221515617693,11.6880821474196,10.4524086522705
9.9804153093813,10.6694294355339,10.4784138210564
8.82675543696268,11.0617855869141,10.0335300367754
10.5155041539715,10.8930679401127,9.61674661137848
10.7650213079049,9.71598708777007,10.0592586833884
11.3792637676611,11.4150491565434,10.3477194954716
11.8311280460637,11.2469189231783,10.8646611701055
11.6971387740942,11.5425133752842,11.1109350385511
11.4955368253121,11.3930002215861,11.6290616399974
11.8679291487925,10.7354787107155,11.8492394981407
11.694952326733,10.85149756424,11.7897091667935
12.0623733562927,10.6877687242188,11.7376718552808
9.84548010271981,10.284764969233,11.2813211100942
10.9164432648228,10.5719521066082,11.1949259737181
10.8827988459568,10.5885249958356,11.2079584997151
11.314803317192,10.0304997232858,11.3569468093394
11.0657495059841,10.4109148124233,11.7800090857284
11.1393955141196,11.2914873144553,11.6325595343952
12.4933652829061,11.815212298476,11.5286339634936
12.2573562057961,10.7720089997225,11.7306386004799
11.0703310049436,11.1708315889941,9.35653865963969
10.7922747814612,11.1272700456974,9.43216495616955
9.98430503750009,11.7923410435119,9.65970706091407
10.5484084577298,11.9501488578896,10.0680670538428
11.4565478805355,10.9302626656378,10.9249538760325
10.769126947852,11.758471959354,10.3432128664465
9.80957253619516,11.5050867070594,10.0107155195238
11.1566903108223,10.3765533661275,9.87685007587217
10.0717059756945,10.4796025154677,9.2981034289204
10.604775620415,10.6901553310001,9.40533037741972
10.2913591038829,11.7193407264115,9.4092984321516
11.1691937599522,10.3917685471692,9.78095688418434
10.6599807858979,11.6172717860313,9.71880802499788
10.456399794573,11.2855979899888,9.84694243760064
9.04278720541352,9.93072743229436,10.2046080849364
9.3500678881279,10.1210523406618,10.2460392183498
9.26217295961214,10.5724956839609,10.7223308415656
10.4713033341497,11.420296244622,10.5892351177585
10.220864430988,11.9569853225359,10.4825747768617
10.3285736156898,10.2697946999552,10.772039353355
11.3721905777033,10.6103527896577,10.6319105609932
11.3608323461192,10.2763773279571,10.485197796676
10.4762341018638,10.9240775774491,9.91379191972525
10.3876711639086,9.67893755399108,9.31067135349753
8.74583478445979,9.69282002304583,9.03494914556635
11.8309193598904,10.2566696746463,10.273956821402
13.2463825627812,11.1298578971202,10.7324905640408
12.0149798425518,11.9842459644264,10.8771884530187
11.4086649031702,12.0063199849771,11.3587404816231
12.2620724500628,11.4467266194798,11.5547272493201
11.7160636987361,11.9912751874881,11.4712521709778
12.4481904307626,10.9970590421339,11.6557305190562
11.0022737011459,11.3204382007063,11.1031459345733
10.7962711887352,11.3342648229931,11.1067538863174
11.9379108948695,10.1516371702418,11.3524349323972
11.0831463755015,11.0752008692447,11.1852678862595
10.0162628588178,10.5169101021757,11.7484749814846
10.4237693679007,10.7705381250868,11.7007301061853
12.7320993644001,10.7653240461149,11.7061656823994
11.6213514403348,10.2291602439004,11.8148754339995
10.6473667117016,10.3169261554938,9.72132398578293
9.92749331924259,10.2308311025813,9.80368511554177
10.1800239377528,10.4371045061183,10.0955132943117
11.076814300912,11.0350739355594,10.2200944930171
11.2052202308491,11.0334296284108,10.490289078364
10.5140672358217,10.2723231488372,10.4326699794694
10.719331754444,10.4425069434692,10.1360884680239
10.9289593006169,11.3209045402974,9.65056454181097
10.4274694761704,11.6918788191296,9.9074687458038
11.0565627473759,11.2502989691767,10.2806584676196
12.3815444001979,12.3439139091898,10.3573812502956
11.3956945439149,11.9864806995835,10.5228955161062
11.5155751732891,11.9064318213448,9.95090181768717
10.1388009878937,11.4100671246228,10.0890183765438
9.60705488262885,10.2962304033668,10.3702109441211
11.3951975170405,11.6902383855173,10.1534681372345
11.8739699143142,11.8327158321594,10.5932526343537
10.7034921771827,10.7760312249332,10.8283288687831
12.1506809591131,11.1303855582101,10.7457039486559
10.6501969638287,10.8670965716259,10.7447415299497
10.7257051111553,11.6657641824793,10.533378564709
11.5397306708856,10.3984718378129,10.597545680398
11.1130629111628,11.6580581529116,10.0018097712398
10.8651384549544,11.0146415853793,9.6515055759292
9.74980196476433,9.32100270688257,9.44508620610366
11.2138375388127,9.73120701552774,9.74921139026822
11.8580087810125,10.2387708985094,10.0145612489208
11.3420661964628,11.0391893123617,10.1020314811624
11.3788783666728,11.6671914368467,10.8250838712445
11.3815201908101,10.1008734804397,11.2484577516231
9.84969422257998,10.5516878113765,11.2092152665401
10.294508167476,10.4021862801229,11.2761741116533
12.0716283252052,11.5012488605446,12.1725390907399
12.0451291200472,11.3706268036492,12.271222442879
11.986165070576,12.2564561780248,12.1010780123985
12.7974480898825,10.9514521490004,12.3674254781799
12.2780227049493,10.8519380402324,11.5545339680963
10.7794250170978,11.3605979082108,11.4069474680434
12.8014207009124,11.4337598705647,11.3905092275601
12.8060549412245,10.8866644998937,11.4953046715028
10.3031990714906,11.561385568223,9.22396933062612
11.4878458527457,10.807943265568,9.59705495690123
10.2623170782541,11.4964653790727,9.72782942306958
11.42119835855,11.4966072958322,9.9078790866155
9.45841863304965,10.1785315742862,10.4226996112001
10.0663302333109,11.0330941886088,10.1623086348792
9.73194801008909,10.5815659648034,10.1044938991339
10.5684585577812,11.218906432219,9.86262700840836
11.376038182873,11.5408265406742,10.4800612854145
12.2040657699571,11.2656035411013,10.620522526052
12.3699031264794,11.4950990837405,10.7444504887197
10.629175501147,10.9610061622635,10.8772741387176
11.4574467052575,10.3618082593339,10.3723204478852
10.5652486007424,10.6589686645263,10.3336034758937
9.28628233547397,10.7167379983454,10.3553921945306
10.3924578451438,10.2482956949963,10.5021262972716
12.2991610863993,10.6632102956407,10.8718033381594
11.5724849321612,11.4881379958757,10.7176725704458
12.3771206324568,12.0080976955996,10.5947613230488
10.8635344738835,10.9603932069951,10.7574873486078
10.7510944833625,11.7529614598016,10.5666378781364
10.6392384627058,11.6818499752067,10.4341252503393
11.836655896468,11.9773129926359,10.1837639664958
11.0254835784306,11.4183784647395,10.0746212087465
9.90532335738982,9.9236205481732,9.84179231706275
10.4695855682769,11.0546490318324,9.70845908851011
11.5967799789869,10.966153286364,9.90460650870294
9.77037279692793,9.9260447856276,10.2822370920809
10.7123514730748,10.4559135775004,11.0150055510768
11.4902283637113,10.3859908053125,11.1295951719849
11.0192642842425,11.3397931901026,10.9955469329593
11.8906530174289,10.3808832755635,11.2573356487913
12.1242855664683,12.3293915225364,12.0443454265476
11.7153062938157,12.5787676981634,12.0989471371778
11.1656468594357,11.2721171427629,12.3849470303037
11.6620104840183,11.1897799999614,12.3767335358324
12.5215899107213,10.8218338382084,11.5869528590204
12.1204610609175,11.1306957380676,11.4415264735494
10.9619344716252,11.4953716265509,11.3433946127664
9.71456772604282,9.83731146889813,11.6857966334705
9.51992749931776,9.72592331300404,8.9901828982885
11.3143858006906,10.2552661081294,9.47880528705655
11.0976890998648,11.4271551654474,9.62081008443033
11.7541727779435,10.8911379072749,9.89917851806829
10.2363870542034,11.6506543820995,10.0113450761961
11.0538828193372,10.3628215866599,10.2328115203949
11.0115429755623,10.8074533904613,10.073384026051
10.083408361952,11.8020825456485,9.78318993134508
11.7564700045758,12.4522262984235,10.4740536952379
11.3261354043176,12.343765712415,10.6357244000517
10.9622651196177,12.8777843288595,10.6326568264428
9.57204924652106,11.4048391193226,10.9271613011642
10.871252818278,11.3060827859767,10.2806973843342
10.4878713777349,11.0878680863671,10.3259226459169
10.8402045217896,9.92180152774299,10.5879148222317
10.7761626189683,10.9695047680874,10.4116691921579
10.4193548359291,10.6249849391658,10.9130509763426
10.0326579813439,10.9851871896423,10.8464547424002
11.8413073495469,10.9863729080418,10.8208703610565
10.9205024778377,10.4441141000043,10.889140644122
10.6700492799536,10.5801158968112,10.8562214078372
11.3425661346113,10.4940139255333,10.7827350145636
12.595319228728,10.3852409884617,10.6898282439019
11.6712814456988,10.6757694034883,10.4990767315891
9.84789151032613,10.3473284220149,10.0581190866137
9.07235232744603,9.55764413456826,10.2348552654816
11.5912794996383,9.71622653614956,10.2735039129187
11.5384882689715,10.5322093890557,10.2021859058271
10.4030203820068,11.2779466590042,10.8597073416602
9.7569022545972,10.4228601609317,11.1128630404491
11.4591470609806,11.3616712165975,10.9753440253526
13.7766624397111,11.6369676251487,10.9951091771276
13.1222751247436,12.6902684608916,11.9978261393072
14.2329224486758,12.7206451168606,12.0754600600805
13.8594706700673,11.6907213146456,12.3086619164402
12.172932177102,12.7914772319107,12.0610902199264
11.2551498332977,12.0959547144327,11.3446022198469
10.1949185870612,10.5043484269221,11.5818976514992
11.1506257558244,10.6503529477121,11.5218081823455
12.5801969071117,10.4242530082234,11.5758197474156
7.9448053788785,10.8643055739422,8.90139388360777
9.76757337983914,10.2260592104275,9.46485165767044
10.5038987244627,12.0187067675407,9.51126102654677
10.3910567068621,11.7004074442518,9.72215128032635
10.2501682714552,10.2626256421535,10.2777494695767
11.4263340128075,10.3239259630852,10.2641919959464
11.189426953273,10.6102736004187,10.1547566167267
9.51767727945733,11.4074116863125,9.90368265509549
10.6920509758181,12.0112957117751,10.4645350375098
11.1904330834056,11.0052732054191,10.9495059427752
11.7657187078917,11.4150986143847,10.9785532901139
10.8657862945002,10.815157729411,11.1245447483826
10.4128726849193,11.1525925229103,10.3947740662666
11.632658889473,10.5118256527954,10.5337220109901
11.3731137016467,11.3940653441493,10.3767885011853
10.1684478216034,10.2398618523804,10.625759283528
9.23495324042467,10.7327070928058,10.9307902881445
9.05494688819169,11.5209223472054,10.7471580053988
11.20098441502,11.6106402968337,10.6922548023864
11.8780205619149,11.1167479185684,10.7552770311375
11.0895917185871,11.6567945549259,10.6622003976386
11.215691592885,10.6804503843795,10.8025870361628
12.446687265666,11.1723455407377,10.639468502048
12.4841597879957,11.0580866915316,10.5862598956996
9.9510451947164,9.64651825676812,10.3855545633332
9.80768472535727,10.4294158293988,10.2177800083018
11.321061312683,9.87653790721851,10.3581806292631
11.6533992631294,10.2206669747512,10.3362957275142
11.335827092062,10.4062753229765,11.071930576097
11.3275895452714,10.0331586208942,11.2036869382324
11.3151614624707,10.2878680915944,11.1879218192149
13.5862252617748,10.4834758373482,11.2129525320982
14.0716173752629,11.0090602893576,12.3025566418865
13.9606042760022,11.7355449928738,12.2156749549179
13.7528641975442,11.8902553009855,12.2129760218241
13.9005336581333,11.2014948076917,12.3487457275824
11.9375395824741,11.0028935142321,11.5770563512296
12.5049985631862,11.3411679020009,11.4366184230958
12.1448380584606,11.7289287277908,11.3452275450032
14.1329512869106,10.6842479098447,11.5589659707485
8.9056638588168,11.5200083964872,9.56475768568556
10.3649795401179,11.6664211707314,9.69486785781602
10.8642248149638,12.162335989858,9.78252294575179
10.4054209954762,11.8307231492868,9.96088470470913
10.9838015606148,10.7043956484011,10.4216226009678
11.6064175652061,11.9678399414125,10.1682607420935
9.79543972121871,11.8277909808116,10.1564237334499
9.28178750610798,10.6040979401976,10.3270300411376
9.60498880162969,10.9717991118539,9.95317672245081
11.9531753261001,10.8691410134047,10.0337595556059
11.941427502922,11.666840944122,9.94085458937194
11.401342114542,10.369022414791,10.2586425021068
11.0242233732561,11.6577158728695,10.4644469040003
9.19622584696225,11.3713128023872,10.5769678598983
9.58942510123701,10.0033867034476,10.8791247733259
9.7590349729161,10.0775843511634,10.8311770021866
9.40409040105311,10.2801603566689,10.4171015637651
9.73196722339286,10.9098971151869,10.2103965009935
10.8963967745077,11.4279733605276,10.0653753199666
11.7517024084962,9.79470588799301,10.3663029623668
12.7606664081461,10.2418516677975,10.4978498001222
11.2882775954981,9.97884195595875,10.5141489842176
9.28442801272,10.821618983025,10.3001666660287
10.1994698917015,10.3679796368191,10.359676940874
9.74566233345238,11.2992680521351,10.6447049236414
11.8094689400603,10.0887758079575,10.8981025999847
12.3817862772775,10.4703303433719,10.827750658697
11.1710266750065,11.2152703337539,10.675942527606
11.7235511238493,11.5303505051354,10.9034988556867
10.6664907072646,11.1361877885685,11.0060820012787
12.13073164882,11.7287026991601,10.9049755494855
12.5466244837253,10.8005863655092,11.1091901253098
13.3625177509872,11.4890776389435,11.3170518856723
11.6352078825386,11.6155173324996,11.3307153364741
10.4319722849119,10.6135259932427,11.5820291327859
11.7379995521095,11.5626962077861,11.4176730977393
12.7976427133441,11.0448634971035,12.1169352975374
13.1487516019995,11.2510930205614,12.0758132025186
13.4429646395623,11.2209764918512,12.0892583163526
14.3343122041878,10.6032096526814,12.205986497287
9.73180470260347,10.5256842596214,10.0856647767531
11.9227568723368,10.5585121624864,10.1617697761394
9.7515379437202,10.568591598771,10.2672659479262
10.2349784365284,11.0839367406257,10.2350932069746
10.9947101852254,11.1718994061735,10.425972753011
12.0043259080674,10.5660170669928,10.5451450345755
10.3575441102416,10.7050463696769,10.480737638781
9.98430899112613,11.2459813667639,10.3031962560058
8.8996201688297,11.5492827844998,9.9073616559668
11.1985844369261,10.4851635836899,10.1394368069601
11.1559293950803,11.2698415589587,10.0297436177075
9.84944762036817,11.3237387822471,10.1082519954461
10.3338073593218,11.7760997172163,10.5664123754511
8.93614736195251,11.5463706627429,10.7533845655827
9.83916261228969,10.4499490808206,11.0102305259541
11.4607196363429,11.5363618682211,10.653193136487
11.8243404721419,11.2400558009265,10.2659551086571
11.6552722731396,9.97676888656278,10.4137251313648
9.75477711557583,10.2889982449257,10.2891061223399
12.5242067502891,10.1132084791289,10.2940941969009
11.0022628733947,10.9931225491767,10.33549638867
10.6761490088969,9.78410958493905,10.5475406435115
9.56883573265189,11.2653850221137,10.226008366435
8.98208462719438,11.137099641917,10.2491722563226
10.2630649105456,9.96505699354756,10.9920542333859
11.3554279127566,10.1794804256933,10.9624408290658
12.2258705656563,10.4981983209322,10.895526283061
10.6707471475212,11.2787667145626,10.7268045360034
10.8932464568827,11.891425196087,10.833757707791
10.759630679978,10.2985893053196,11.150895392353
12.1763231841828,10.6814562243575,11.0607774768034
12.5917942921186,10.3786368554886,11.1230940578295
12.5723627064211,11.2025063228908,11.2668712272004
11.4320388572545,10.7800813685525,11.3984880980552
11.0998483182203,11.7409966113479,11.2566259797444
10.4694020487166,10.5620502977666,11.5420900907196
12.0568932185079,11.1191900216291,12.063313623826
11.2406572816398,12.1007529989619,11.9273428925277
12.7491874971841,12.2429739937053,11.9187240382034
12.5218787041473,11.7039323090043,12.0302629882501
10.2187867981266,11.7920713980037,10.0356945296939
12.1475199689641,10.9177411401872,10.304137677331
10.3149810912454,11.5028577333638,10.2646743600268
9.7576115474959,11.5599336841519,10.3030703106727
11.9806214299581,10.4422937385661,10.7190859241718
12.3617605568581,11.3452567052445,10.5020872397543
10.2423964993618,10.7356132945791,10.570802031409
9.3410514530536,10.7590083362329,10.490916440448
9.3787749574273,10.4750644397869,10.1976668239072
10.1605524120202,9.84328477280242,10.3299356281063
9.31674105602776,9.98648012265349,10.3471734770204
9.74666189930541,10.011136748989,10.4377626692116
10.5853179467387,10.1730592575468,11.0193612508214
10.4426019048961,10.9250287339826,11.1072133735374
11.1829367975926,11.3223256398427,11.2764873545305
12.3425366620517,10.1351438558848,11.1046008816031
12.010206723047,9.99002865654572,10.5833398058016
11.1781281302867,10.5960996599774,10.3244818931113
10.3984387175185,11.0514553755026,10.1533651581024
9.66288253847243,10.0877599197529,10.3123264642482
9.848706201611,10.9759088914915,10.3526958586045
10.1616865996084,10.9719275401629,10.3246540537116
12.3883526437088,11.4127890062552,10.2209982363659
10.8824392619127,11.1921422389669,10.2665826355711
12.4604363320383,10.3133931014857,10.9565559415235
10.7636794979945,11.7439910391324,10.6767989878485
10.995792908007,11.7014836553581,10.6669130724874
10.5154087313305,10.5598387731409,10.8500523472417
10.8210773434955,10.9095155887607,10.952650118703
12.1376137194982,10.7114380887647,10.9495995466491
11.4209424586263,11.5548699147835,10.7415310542677
12.1409268484042,10.2748891181451,10.9822238320213
12.2923717016408,11.6608773972009,11.03470574163
11.1554172492597,11.4687196894768,11.1677741062086
12.239581435786,10.1568753764771,11.5094359642557
11.8058486310009,10.32333706195,11.5385240299093
11.2545004350284,10.8063354251856,12.0932145080757
11.7769443374896,11.7951012049019,11.9640164900545
12.8173037088584,12.4565624845796,11.875661630137
10.5356498314606,10.8011507618067,12.2243893143536
10.7050729415582,10.604041955253,10.4388331198917
11.4932121782732,10.4599443683285,10.6063029389301
10.5516119392404,11.4264238699671,10.508749194583
10.3086826565948,11.046075370356,10.6382322620521
10.9941476028797,11.990476424743,10.6031494978662
11.8776265008218,10.7025031734893,10.7828878579947
10.6372523156048,11.0109260784204,10.6278944475326
10.2043214163308,11.4909026169044,10.432919330082
10.0730305358451,11.2206274986667,10.1142308414874
10.2285343415135,10.6127669199962,10.241639573163
10.5380709487578,11.1574560874241,10.1768545189545
9.98320995352334,10.2960044809644,10.4453605218818
10.7357352209908,11.0824570319399,10.896477475084
11.3532073898286,11.4031204372847,11.0955727863774
12.2490042614531,10.3569499885993,11.3882898517144
10.7116335881533,10.9496089953318,11.031896044642
9.05278813362666,10.0995469102544,10.6460970981122
9.11475333897239,10.2034494487165,10.4690021616148
9.7948881490756,10.1597679832974,10.382262366873
10.0251209276456,9.64019795869639,10.4329999850943
11.4657037914,9.84367003542453,10.6049286739754
9.81063341770788,9.78883419834863,10.5836810175954
11.5440411061758,9.79379771856506,10.5665091915506
10.1434768510098,10.3883293326047,10.4427756812383
11.3426921544157,10.7030423473536,10.8928870134288
12.4227618303279,10.2203167564206,10.987961791455
11.2966884412322,10.4323299710282,10.9042557874172
10.3268335855501,11.0848707548703,10.6690197159538
11.5404820587674,11.3042407797991,10.6612530182167
10.84004398505,10.3605784446217,10.7986220689143
11.9421326102856,11.1530667618959,10.5482134346052
10.7588246524547,11.0103716095414,10.498914097324
10.9085551132848,11.5675027559811,10.8537694720517
12.6513695689707,11.3731818290765,11.0717633771933
12.2142036302861,10.3582142933081,11.4064031144966
11.575108108177,11.703047606799,11.2156301745781
12.0265593810208,11.7250663427664,11.8499677994775
11.8901781640191,10.8113063744719,12.1060604638686
12.8920420015451,11.2501149122003,12.0565415231795
11.8927048157418,11.0181193319169,12.1172086716064
10.8643951075459,11.4635608855191,10.6903991054317
11.0060711839946,10.3977013350937,11.1300477049843
11.0322299771509,12.0095971412867,11.0084715615322
10.4032005419015,11.9646587555237,11.1028808440671
11.0847326277449,10.7499949910833,11.3710664038174
11.0780611264508,10.7760397113127,11.1718788024808
11.8034353428476,10.9226703577952,10.9718426437174
11.1310107806314,11.3115397278153,10.7498750533571
9.95164578358057,11.2911605677415,9.94034492569628
10.0648686016551,9.4895788848689,10.3147811912543
10.2160628965369,9.91094253720249,10.2743404819472
10.3177451809275,9.79202118083694,10.3792355723599
11.014785674931,11.0522813090189,11.2696263017113
11.4858899636191,10.8028904809558,11.4887291252231
11.2517737565755,11.7817151838377,11.3800989176929
10.705898971644,10.3916789919412,11.5442778639827
8.26809409606589,10.5067318896696,11.0056988483254
8.30908006748342,11.146190680601,10.7022557576749
10.0100937872315,11.2104506064637,10.5688444499351
10.2894050455992,10.6870201001687,10.5979855856162
10.7379117764591,11.1487264926158,10.4564540944376
10.002221563683,10.1306154337729,10.6158717707312
10.4443101702893,10.6839556461622,10.4789333872543
9.94760775708603,10.7987602185566,10.4495076162685
11.3166678636353,9.82199691376809,10.9205075872
11.7894112615185,10.811475530381,10.7064257287721
11.8105445891298,10.2982090468981,10.7639305652551
9.27913862934762,10.4033469857375,10.6219603982983
10.5343078959638,10.0606885149088,10.2540569318402
11.608282040782,9.44273418474578,10.2689194107967
10.406136665739,9.1907064563301,10.0047949802397
9.58912219226017,8.45004783082357,9.78616654374465
10.2605241204137,9.4816069018928,10.6405080117938
12.1596050245632,10.3757497893173,10.7653474515866
11.0935585252112,10.6003246882007,10.8781750781642
12.2783240306706,10.037242308547,11.073493412759
11.264804152191,10.2444207537291,11.2090003172186
11.3567719093725,10.9962757600385,11.0845671647903
10.6314619214498,11.5204081210962,11.001959716456
11.0470983501389,10.5271823993425,11.2212107659958
10.6221558519393,11.4765225983184,10.8304011973908
9.61688890604789,11.6994272509253,11.1639223226603
11.3265713541953,12.5996396927842,11.5106647892327
13.5495702298028,12.7315654385539,11.6983743269254
12.7119949672223,11.4406785551717,11.6693594432723
10.7683394074953,12.4278063433488,11.0034875780544
11.0354585174723,12.1104531018414,10.7926839026821
9.73792969820252,10.4906660491418,10.9494994531962
10.2228009845184,10.4033588702743,10.2072210527238
8.97847101544199,10.0853749187031,10.3357073208737
8.85296829448619,10.9133778914977,10.1722256355834
9.26612361097244,9.83013737314868,10.4316462809629
9.95995715539893,11.7156512346037,11.2025605285167
11.8467572380321,11.7674956436734,11.409480394057
12.7261713705058,10.5762261291404,11.8152509227375
12.3883309828403,10.5753527383061,11.7455067295188
10.874207495896,10.4947170554354,11.1393714502668
11.0002569553804,11.09112009612,10.7959026916342
11.1130334955298,11.5288055580369,10.5534040234809
11.283211642574,9.79717106586392,10.8055978487047
10.466157153951,10.0749155772023,10.6890167597891
9.97888288848123,9.74477066341499,10.705678781931
9.44907858648752,10.6113087875872,10.4980919821553
8.75125963225398,10.2360209090258,10.565769290314
10.9437063849944,11.249825627591,10.6260744024548
11.7446164234102,10.0395676891201,10.8550511473575
11.6584148587381,10.39922920609,10.737684053366
10.4059015217072,11.0350613255283,10.5247679552983
10.0796071340355,10.8908493992695,10.1812103454449
10.8626835227875,10.2226887941974,10.167922785161
11.1241147398554,10.5481640126878,9.90698059889865
10.4765040040302,9.49071266433356,10.0271609315173
12.5762474963832,10.4880631137095,10.5555000699524
11.8109822321287,10.7950051722011,10.715442209414
10.65566479772,9.75384099970669,11.0503509640139
11.3087314391795,10.6740224856057,10.9302814810164
11.4297574979609,10.1052658893707,11.2068628766779
12.9138833489465,10.2821034003051,11.1782153918922
10.7644155333904,10.2810880677752,11.1973852784625
11.1207802176555,9.78331859237613,11.3177556198091
11.011172009999,10.3366718422277,11.1187290154803
10.5177998008338,10.6640654316365,11.5592705827121
12.3274716201159,12.114864005658,12.3898249538177
12.9024352231219,13.2941014854397,12.6954774969018
11.323295674967,12.0505911563025,11.7420675895164
10.9516792152096,10.9249092254541,11.2648196334501
10.9311931089199,10.8638156231997,10.9928179613766
11.1481722934603,11.2490716470122,10.7709454587307
11.6496996329911,11.34999737777,10.0384636127058
10.5587566015609,10.5510768877555,10.4570584177097
9.65401006507919,11.1238511032375,10.2537302004001
10.3652333978935,11.0914272505616,10.2134005835823
10.3861752939007,11.9108286271799,11.2119639864861
11.5341170993937,12.0363201776041,11.5532632531946
12.2773275879171,11.3456357833888,12.0598657193957
12.5964651778669,12.5064611330936,11.7240925797243
11.2710689617947,11.7870836639813,11.0009194138758
10.9910340459584,10.425995536407,10.9755672528568
11.5140700607408,10.6653821334017,10.7501824617007
12.9190100937036,10.3373165156399,10.7009417177984
9.90202551955461,11.0899525964099,10.4883727612569
10.0593752926228,9.85245068935842,10.689352646133
11.5485236550437,11.3065585563253,10.3678511499568
10.6385731849462,11.1385488130218,10.39252710263
11.493228961144,9.87027224285585,10.9150755216093
11.9273894681271,9.98859559717598,10.8774532458542
11.2946922451468,10.2415170724101,10.7932481117822
9.82672833646681,10.8938676566512,10.6003002744304
10.0216364143906,11.1704665445216,10.2116508469693
12.3496494679371,9.38355302550854,10.4829079035772
12.6300706808989,9.76660008015808,10.3362220189578
10.7431534767473,9.52238242038554,10.3749135946386
12.3118440908613,10.5894393922347,10.7207966405907
12.2428595894377,10.2882395059042,10.9003192971352
11.720616904727,11.2249201804598,10.7860706482677
11.5345827885147,9.92571195896042,11.0867402961879
12.2586402895547,10.2389926135303,11.1727530119019
12.5367180245022,10.9047331710813,11.0390771417215
12.0223310713743,11.0224806792176,11.0321784929018
11.6876706214492,10.5420344294428,11.1448140884012
9.31778430325754,11.5611321124506,10.8233407650222
9.73429764439888,10.8547999767927,11.3616088358195
12.2376888996512,12.0598322246605,11.6781304488912
10.5295813150639,12.3537615264312,11.7282912733039
8.05075478336932,10.6765903258828,11.4504282733891
11.2367205811089,11.3474192909176,10.8567163505555
10.8972699296434,10.7714746041272,10.8297785958624
10.0514906124846,10.8041963578796,10.7832601954082
10.9621087094771,10.3411509061519,10.1520797498492
11.3863519998419,9.72184010848025,10.3771475974724
10.0648480135168,9.7515045770521,10.3641442757582
10.394141499997,9.7774063491479,10.3926823130322
10.4335894915189,10.1947347343353,11.4808081495099
11.0287434451227,11.0973178606536,11.6203939308072
9.91549396262312,11.7332952535072,11.9415816761909
10.5264371524007,10.9597547172293,11.9644792486116
9.60905472308077,10.5742269100739,11.2060099169163
11.5820888944106,11.0966673677163,10.809587407575
11.0344029767321,11.513007926784,10.5592442754163
11.9893617418945,10.4321397552317,10.6734953565472
11.4413269553318,11.2221351600159,10.4629147943413
12.8797204240444,11.2487317586997,10.4228050955813
11.7220934073309,11.6845774804555,10.3149069500126
12.783307395844,11.4167766520367,10.361484040445
11.9296303073653,10.4007578904549,10.8379744189709
11.9338979736057,11.7090989430141,10.5712084038808
12.7981781163607,11.6178998561659,10.5759009828835
8.93594482305452,10.3950650892936,10.7833566314584
10.5296654330335,10.5401396892858,10.4494452539038
11.7047135850183,10.2586675413451,10.4633789683975
10.0410994689134,11.1468409869608,10.2659258474428
9.90769404129322,9.92941360347984,10.5013439071548
10.3011815035452,11.4235564560511,10.7097376434481
10.1379751514869,11.20667956029,10.7969470658907
10.023137195367,9.82318574870599,11.1075873615583
11.1182305605057,9.88086433556055,11.1200590842635
11.3596837349133,10.0672281805316,11.2212721581023
10.4320014320286,10.7509963809976,11.0854869160877
11.9862918933445,11.2711603408408,10.9941688244133
12.1486993486873,9.61413421338931,11.3414300584832
10.5686451518467,10.364792730198,10.2389879391642
10.2956088175197,10.1626144994498,10.459502914705
9.92563728488546,11.2402418763457,10.4208661572417
9.86438957024783,10.8771991531188,10.451326150403
9.02553846177284,11.4812993115098,9.89273982124941
10.1073690376994,9.9150926758649,9.86809966646261
10.060010791857,10.6339415136041,9.85218492390496
8.72031069533839,11.2215674172241,9.75484298126844
10.0613242763364,11.0057780225978,9.6239266027575
10.24054126835,10.3616585478457,9.7937417112308
10.074985584073,10.8143612885213,9.72760719006024
9.49567597890068,9.94788453913343,9.96509201560004
9.98406771708528,10.8133761975181,10.4865547254624
11.1650125004646,11.0627378849245,10.5966343878535
10.3548171205562,10.1803464678343,10.9437413439534
11.1369559145032,11.0944371919021,10.7076884070895
10.8323644306406,10.4107604032783,11.1402060944619
11.0978793079955,10.5696270949125,10.9255894334007
10.9140027572197,10.507652706171,10.8032381904236
11.621116471281,10.0263570277651,10.8349731855406
11.5513229012929,10.3625306500593,11.1738050464022
13.4851360440226,10.403689142787,11.1353123961014
11.3649975218746,10.4907066568222,11.1093092956492
11.8764379002229,11.0383462161426,10.9918890337146
11.5064723279075,11.2353328272948,11.4552120192278
11.8477541131816,10.6835431029368,11.5826852858218
12.2335402270021,10.8287189908169,11.539957280154
10.4398021514725,11.5162129682244,11.3820300409586
11.0128396572868,12.0765405995529,11.4955636771839
10.0038642644644,10.9533687685334,11.6842927418602
10.2945265761849,11.8569292285905,11.5063918044898
11.1843572335983,11.8105327655035,11.5055152736345
11.9480392490175,11.967387882476,11.0375574464342
10.2021353179254,11.4404923004825,11.1203505227919
10.525920993609,10.2688985101697,11.3637474591358
12.2604376298548,11.5172123864816,11.1249334727679
12.3294332750387,11.3780374120603,11.2000862645254
9.17269826092943,10.209552211699,11.4428717860348
10.9873856600176,10.5258523156305,11.3867881674248
12.20484126282,10.32801150011,11.444112454611
9.9528117538525,11.3279406371127,9.89419973832783
10.5769015903603,10.1150953419803,10.1990556490366
8.29323961006142,11.5809405278824,9.92182112597058
9.40929093787169,11.3503958343291,9.91266911554938
8.41871167585604,9.90435597971754,10.0274391926535
8.84840747722,9.88858828475528,9.86769160183021
10.3542516590975,10.2063099637209,9.84403796670621
10.2309346273971,10.8033652016801,9.74505413900543
10.9516629148009,11.106368984056,9.52044802434893
9.48535236578947,9.30617836033947,9.90876246966261
8.1839952732766,9.61107917201901,9.87089909368486
9.72047769248372,9.43625521250433,9.96011050991584
10.3112818894786,10.5344458744186,10.3783010089237
9.3290736760285,10.2459934334177,10.5201655548475
9.66397076631017,11.2823100500421,10.3689314813137
10.4199122582516,10.0918814055014,10.6066577275652
11.6083870048163,10.4716988308746,10.9233562918891
11.1994078565268,11.239104346444,10.685565936467
10.6841291023866,11.3477719991327,10.581268890151
9.91247881544112,10.9734989678907,10.6232781154124
9.44351966013575,11.8204662919831,10.8877614578662
12.2604622742394,10.9625823343525,11.0209840258515
11.4439885851538,11.5426735520471,10.8600609278276
11.0457241339935,11.6259581690477,10.8466905440354
10.0466769917518,10.6408057705121,11.5800097052737
11.8649884169283,11.6842998244189,11.4224264908631
12.8252146105313,11.1634541863875,11.5405228635532
12.8310077304121,11.439823528928,11.4886342518761
13.0304038398471,11.4448646019927,11.7146519125812
11.7899398519412,10.9492816611949,11.8186131166651
10.8718608913115,11.100348040851,11.78165990371
14.0865716810367,10.9733692057817,11.7894600735089
13.6812984040353,10.641608786732,11.399701337684
11.1235118416348,10.8072743321897,11.3037164139458
11.4895449116517,10.7952851016272,11.2970665444101
11.5669950772688,10.1476751924251,11.4308643652147
9.64960751228841,10.2993359851128,11.4428252271696
12.0894643346173,11.0183600827196,11.3032898972056
11.7420404414806,11.5069991216513,11.2135053993643
11.6591118795791,10.4973838492642,11.4295187751504
10.127675316966,11.39420728578,9.74264106543989
9.91638401069428,11.3323434686995,9.73807750553505
9.16584561815927,11.686236166193,9.64649163868088
9.45690570441887,11.3130569679557,9.69408203621851
9.43238850997644,10.1573647879166,9.83925851603634
10.4936688640976,11.4117124775682,9.55891611897167
11.3591468011597,11.3145382948695,9.59767002700717
10.1266772960933,10.0540687001672,9.86911465675426
10.6468024957858,10.1915510657661,9.66767935573269
8.79769656241734,9.81679948092229,9.75274513757213
8.4471768287069,10.5889011655062,9.61135105861257
9.37784765988086,9.45461026196941,9.87894700908455
10.5687407222696,11.0884888163523,10.1423338058809
10.5469087000598,11.0352022036701,10.209790215527
9.9769085565496,9.77329614296808,10.4921097093289
9.37496636331959,9.91260128037315,10.4532901720113
10.4756065225007,10.2720975361419,10.8399702728501
11.0461059938998,11.065309382202,10.6408207849004
10.7207544668109,11.6349103042714,10.4906173885255
10.7261554140393,10.1225191499045,10.7823863400434
9.97855628917582,10.7826263583864,11.0813297441378
11.2501547669059,10.4937395805172,11.0534135505043
11.7583495369355,11.1683537929551,10.7658458679107
12.009443776101,10.7893386443895,10.8667906496978
9.88336056851969,12.0240685553822,11.2429217087355
11.5868693325661,10.9732772077597,11.5499200619318
13.2839380290683,11.4413452816675,11.4977970911355
13.9985162604293,12.2189567758831,11.355471301437
12.5855286947392,12.3397765361693,11.5647367679031
12.412798979989,11.87520465584,11.6654691057057
11.8428582610316,12.4408404523271,11.5551414655538
13.034358496042,11.3104463078422,11.7469712705962
11.845469672748,11.5438404785657,11.2318720131175
11.7573049181826,11.2723351576541,11.2245027591511
12.2523425856955,10.0424340662367,11.4575729033828
10.9535706948192,10.92193879958,11.2801846399535
11.2853074342017,10.3621505357441,11.4350721414957
12.9106849097373,10.6000610570205,11.3923614544637
11.2056987805856,10.5848745230534,11.4055631603092
10.6665463344751,10.0535844821868,11.5236983835183
9.67350532940542,10.3283169876551,9.86085193766549
9.21198348487957,10.2016519073432,9.79473646803115
10.5433561040697,10.0748902475657,9.75184362989212
11.4194855418736,10.4988005411313,9.68353295658188
10.2234745756723,10.4404553257142,9.65810119025991
10.9390420674606,9.86305790029939,9.82738209994676
11.3926065508224,10.0895466071057,9.83625559287713
10.2158304665823,10.6916854984217,9.72317607918412
10.1240300624242,10.9598915497047,9.48100569056672
9.75393122283238,9.85643018838574,9.71339383728151
9.22746187763695,10.6700864971642,9.56591752676201
10.7813156925681,10.7552444110436,9.57546590589425
11.2935707103051,11.3199447957457,10.0317036769832
10.5966109965971,11.2014980394267,10.089108929497
11.4653011292298,10.2298759331406,10.3021077603395
10.4582465913479,11.6110459336872,10.0287087900056
10.981189275722,11.6353848502209,10.5044999551434
10.7524841842353,10.5345576710629,10.714494557955
9.32824448755935,10.9157212683151,10.6253622453862
10.2109967555249,10.7909274337659,10.64713357464
11.4517345895028,11.7789880518619,10.8604822780913
11.9591560639667,10.4632965696466,11.0296499607893
11.3315239835071,11.443709272973,10.6014692381556
10.3903525959353,11.351368397031,10.6761761170132
10.3539191422753,10.3333573277603,11.5203477729987
12.0302409550137,10.6872257217588,11.5650639299478
12.6531753026978,10.9739721459377,11.541537588297
13.6415301400315,11.7039536859485,11.4038782897359
12.6992956846072,12.2794892369455,11.5332458934534
12.4110202949688,10.6879493641295,11.8708987021919
11.9872022159651,11.0924300747976,11.7888565820238
12.5828585017433,10.6831780010518,11.8377990686227
12.2238266561466,11.2908765410037,11.246584472049
11.3913750399433,10.6717977107023,11.3275651606158
11.4784522373901,11.5143652215685,11.1469851465294
12.3973600692988,10.2309006545501,11.4090536907812
11.6728499080982,10.578834353661,11.3824645249765
13.6866973016025,11.3091063022502,11.2413139605248
12.7709507448575,11.3979284244628,11.2321208087291
10.5573814593327,10.9124121447293,11.3458890407262
10.5446941711011,11.7750955852996,10.0505753331356
9.34266162068523,10.7491622296284,10.0513612583598
8.43018727748583,10.8817694212737,9.76579115852696
10.0409876802736,11.0911344947383,9.9710437177479
8.70120768014409,9.65502956758017,9.83034436964587
10.270944430618,10.640131242572,9.75078061558784
10.3716301435912,10.0849351516546,9.91142574725781
10.5551761208286,10.1406224771453,9.89541272708204
10.7665733105981,9.89546602365007,9.64736795000763
9.47622344915493,9.275622940414,9.77275068284154
8.94669498269593,9.5154362455341,9.74771488780085
10.3155054583118,9.62377730620822,9.75380117813819
11.5634916856209,9.90518154083853,10.6805983413916
10.81134973953,10.7792025854895,10.5429443180983
11.985647858164,10.9664949574339,10.4912512111805
11.9933787072812,10.5812775434084,10.6047542992882
12.0280538001382,10.9853800495027,11.5416389738301
11.9271761972438,11.7629229395729,11.3995893439286
11.1747308139185,12.3081919744081,11.3020806338057
11.0918759201261,11.3222152940608,11.498593648146
10.9270027378131,11.802424710939,10.3439251699384
9.21059443582432,11.4533840411441,10.3062360585964
9.88507067359027,11.6229390053699,10.1788087594955
10.4727336900915,11.2059164409063,10.250557197113
10.7877237108447,10.1239104860821,10.2195465760298
9.86959595193111,11.5337299633947,9.996476801335
11.2484662147585,11.3067212938565,10.0346564969676
11.4963528415202,10.1498243567603,10.2753448171403
11.8349665881271,10.8124033323381,10.9837034830709
12.5909216330722,10.7248816455227,11.0301293638976
11.4045870267415,11.6716454319661,10.8516868744344
11.7350813970086,10.3696123121408,11.0808283448639
12.6999094999044,11.7172383387961,10.7157076405314
12.4556148511381,11.4323828617197,10.746904360323
11.2917456527588,10.043448678173,11.019659624182
10.7620422202159,10.1140035565792,11.0108927710189
13.2579311061413,10.3390692261999,11.1595519272215
13.2013922522666,11.0439849975902,11.024846295674
13.8467773306635,11.5579117253543,10.938286739933
11.6765228622723,9.92029080746843,11.2922776794162
9.96413457150463,10.9757200629062,10.253383742013
10.0093958954588,10.6481436465003,10.1664511003213
10.3563967310487,11.1386869436974,9.81917985101103
10.4212307599155,10.8061535079124,10.1070119832056
9.63205942752136,11.3862840488313,9.56267000599942
10.7725976514291,9.99609375288689,9.90388714268917
11.6290285791559,10.2873989397341,9.88422619339323
9.87539937412331,10.8295246423507,9.76965872035971
9.87161850486532,10.6874918226053,9.49641207984367
8.90238280271545,10.1200725541112,9.60720483429221
8.57509032139339,10.7209905687388,9.49139969403354
9.08960595078728,9.93200394835832,9.66958408768685
11.3786325540974,10.9402429035987,10.4502210440801
11.2598748562428,11.4139157546105,10.3598595481983
11.2237567753971,10.5101602295269,10.5221709731086
12.2736752287835,11.7095273508288,10.3284547057766
13.3572017189479,11.4762898740779,11.4410578652977
13.2318800416014,11.8829814222312,11.4345158507784
11.6137634612704,11.8297202269139,11.4657037518224
11.745698499987,11.0083079146458,11.5843601416744
10.8348686022533,10.5052492903181,10.5817938156861
11.3144597561952,10.0270602175388,10.5744570719054
10.4887698162873,9.81375025840573,10.5644095049391
10.1389405181767,10.1629634789587,10.4657673722232
10.960810922389,10.0983499309116,10.1719098077787
9.39706089365687,9.37945796700374,10.3117230866504
9.00720491807317,9.58572940914922,10.2830102289943
9.44253122603419,10.4140193401803,10.1399657896155
11.6068063275486,11.2430766588533,10.8129475044244
11.9537362036934,10.4812985191572,11.0142141401907
12.2217174205591,11.3753025800048,10.8320420175056
10.509041776292,11.3786170032249,10.8081974039392
11.4585370069677,11.7505551341239,10.6418636443549
11.5951439762539,11.3752140937255,10.670433401447
11.2630976945308,10.2794799839716,10.8915080966616
10.6776676560383,11.5543221769982,10.652048759873
11.6796634351972,11.4224052633584,10.8863440888576
12.6868051565099,10.2159811773626,11.1408989006851
12.3116735970073,10.5861036922564,11.1024536509704
12.5518906409325,10.4057918918,11.1748690053451
13.4637273287248,12.0802241046043,10.0997214808826
11.9873223769217,10.8883049374107,10.2657590149322
11.4245437406943,12.2040037655665,9.9272889059514
10.2697213547506,11.8198633115738,10.0395492652668
9.42097165838841,10.0599054463771,9.90300965836159
9.12900799876922,9.94131599574041,9.95450620149515
9.42556696846673,10.111504412768,9.95506766227702
10.2932621505248,10.6914516068176,9.84669776887778
9.11429805793123,10.9896503261659,9.49220383962952
8.5582270208385,9.18738926554509,9.83962241199852
8.81864708225813,9.54486686615232,9.72395247392705
9.02996829894714,9.36242585883131,9.72888731712097
10.9069675675456,10.6433128144376,10.4227918546391
8.85728996841451,10.6179946497897,10.3534971514251
8.82478145669663,11.719688410533,10.0359614880566
10.1431532020908,10.8595322636454,10.2974810373807
11.3292936052441,11.779282412818,11.3077166696517
12.0314331252459,12.6613431801163,11.2453972702185
11.3843877923017,12.6971455182272,11.2796383595218
11.3580204620333,11.7950680407435,11.4068461363642
12.5568640892632,11.5657140908905,10.3435043491444
12.1575010914048,10.2373908911154,10.5359440347425
10.4614309159339,10.6444606555619,10.42213480227
10.8330010740811,10.5271391601472,10.4154337083585
11.0202807995328,9.1852730540499,10.3584484340366
10.8330808370999,9.90046332507451,10.1790740720148
9.3744319561688,9.37288201582418,10.2890653067003
9.51951234558564,9.86961028045224,10.237078343893
9.11149877453839,10.2110530777692,11.0092644376805
10.41742368583,9.88896367930769,11.105137937627
11.5385554198145,10.1445979394172,11.0489982767522
12.3357266061029,10.1087247594999,11.0215488839999
13.4798810862365,9.99431078540652,10.9043908600211
11.7518939331028,10.3282927024892,10.7237989728448
12.5379087836227,10.417652523389,10.6993485022363
10.660109021525,9.91684900260105,10.8777103429271
10.0227857660655,10.0815537036724,11.0742700377921
10.9709519573136,10.6595719609399,10.9528162915174
11.5905918356317,11.2793554657195,10.8988165104251
11.4559678442385,10.3963715044267,11.1450794519622
11.0871563740652,12.1280037943501,10.1437047260979
11.5889605805978,12.1931753458404,10.1127515210488
10.1280518930632,12.4983713419709,10.0243432291657
9.8946914362201,11.9496953659591,10.1164317126877
8.30141223558233,10.4555243867872,9.89258563666757
10.4985399300933,11.5243036952903,9.68315439375345
10.4267901000935,11.338921151341,9.75572686263164
10.4018800701749,10.090327901841,10.0501022023211
10.1427727580664,10.2134102001425,9.76736105857268
9.81726281668143,9.84686567914382,9.83767471970822
9.91710941708292,10.592731269484,9.57143033658694
10.956999037452,9.45563181434581,9.71996143242892
12.6178044365024,11.3176172337818,10.2761917950009
9.39684863320734,11.371213159214,10.1098297610569
9.88559805808868,9.49626794401075,10.1044602762376
9.78573415897667,10.5356114511193,10.2595903173338
10.9314469686105,11.3493086583482,11.312659811755
12.0916787319575,12.3006881972408,11.2772530693068
12.5942531079811,12.7740244930725,11.2350262849848
12.6429247417229,10.6134485138695,11.6038903117578
10.6092018457448,10.3352906037414,10.5788003808446
10.090202561096,9.79580614526751,10.6383859292869
10.8672797614921,10.5704518614252,10.4602883343829
12.4847479920113,10.0023290082506,10.5498113017595
11.4351406414047,10.6870400558409,10.07653762833
11.6801683277009,9.31905444731614,10.3328645618249
9.79528008462362,9.68575336388545,10.2548389383233
10.3196431078468,10.5712624394671,10.0990100768865
11.5149760670343,11.0369813909417,10.8437701103244
10.6564477213122,10.7282500111526,10.9284051432134
11.4863117742707,11.3484577535725,10.7902573635174
11.1869909988759,10.3655338569515,10.9272455101616
11.1043120049944,10.7633780992059,10.6696762328401
11.9306631090471,10.4053169295292,10.5328972273741
12.5708083654054,9.19857960746054,10.7271484327253
8.97905223141639,10.4539271425313,10.6621969123443
10.2265414719132,9.8477681337454,11.015915190957
10.8100601423225,9.8680408659222,10.9932056237273
11.0400306642206,10.1187109234587,11.0608757263729
10.0524903096357,9.86297211195313,11.2293751125824
