"truesurface","",""
9.77079880906479,10.085263162151,9.66588809656779
9.6159566894339,9.82707384302935,9.66956017529876
9.45960240176127,11.4996679689175,9.65190171949148
9.43449991081351,10.7125469161425,9.66301761193787
9.43456455378444,11.1911217436716,9.22537645238679
9.38165319372372,9.3593532475225,9.24805023812797
9.28493112707692,9.0175627541419,9.24934598514764
9.22587462057811,9.54321928057612,9.23843934963417
9.34868885409412,9.92843993425895,9.56620285917874
9.7353725621551,9.90814658456084,9.56418883871655
10.0153580110465,9.8422092596021,9.56414315610517
10.3513378032887,9.8596842355698,9.5640292626267
10.510554188767,11.7929478442337,10.3515070741308
10.6071204820763,11.209924933721,10.3577074121303
10.5462851302722,11.8078012732377,10.3498299867427
10.4230092929527,9.98026209396926,10.3689617425739
10.2994022461352,9.56452775630429,10.3636521041919
10.3192655156333,9.97756025746099,10.3576251265393
10.4125996936348,10.269732662549,10.3540468018796
10.4672809609554,10.1992472874926,10.3557186824159
10.620285598365,10.0924161843381,10.8516080293877
10.8171786207852,10.0360124292452,10.8535776776589
11.1279657061384,11.8939185967352,10.8332256020383
11.2273951347573,11.261524117939,10.8407554173336
11.2017890404234,11.8527955165889,11.1522478029735
11.1494375690914,10.0653815099577,11.1723565623988
11.1033942373771,9.69935495057581,11.1759930327704
11.0162536044875,10.102594464975,11.1705088298447
10.9495318974925,10.2814477568305,11.0584501892715
10.897871043699,9.99014215050634,11.060413613944
10.8744882152535,9.58795938629412,11.0632903475153
10.7334700613716,9.23682554836284,11.0653356721988
10.5777509575078,10.8269001986725,10.6248490362502
10.4320445451745,10.0046344474421,10.6323094050074
10.4291363600344,10.4909832382431,10.6254191682639
10.4196836668808,8.68188114389048,10.6453381254159
10.269902811294,8.35292851873724,10.6214978990464
10.1748771125906,8.84723965222031,10.6158576513338
10.3425915344414,9.15995057482866,10.6125404506048
10.6727223788055,9.03521170686474,10.614346061773
9.85118755122931,10.1846087104868,9.66643935620533
9.70916788556476,9.92675463313974,9.67053229531539
9.52159492439698,11.5828070659159,9.65388011041916
9.45757617395878,10.7718984673932,9.66721675441181
9.40271199327691,11.2159980242263,9.23729465036261
9.32836330111147,9.34891406880095,9.26212770083447
9.22324593013178,8.96904568652678,9.2606395806695
9.15737549380014,9.45261856472497,9.24280375850781
9.263929150524,9.82032528117712,9.56810707457512
9.5992684490606,9.7854046403851,9.56478392143122
9.83768991992574,9.7250373733741,9.56420576918219
10.1331292804564,9.75729074085212,9.56377001405125
10.2925312336635,11.7192076971973,10.3509496882892
10.4231187523429,11.1587111285997,10.3569461889436
10.3922385033443,11.7769153384319,10.348957252149
10.2953547603314,9.93787915324418,10.3680022131995
10.2025146357746,9.4945137976295,10.3626468047787
10.236672308793,9.88060304376048,10.3566535325768
10.3286712941207,10.1608364824232,10.3531123404291
10.3606942642235,10.0888826568806,10.3548670327889
10.467407009425,9.99095699772224,10.8508029765486
10.6507405470496,9.95749337562708,10.8528485608616
10.9871650959923,11.824198405103,10.8325745140271
11.1204136578198,11.207519266961,10.8401754637214
11.139313152654,11.82076550443,11.15175603285
11.1121786132382,10.053160950265,11.1719133106469
11.096243612677,9.71625232318877,11.1756107937582
11.0628311237993,10.158864487268,11.1701891674056
11.0237128236049,10.3693471350646,11.0581909747242
10.9854453771335,10.1016563465133,11.0601961838673
10.9591049550764,9.72403271770317,11.0631051383322
10.809793333622,9.39170629665102,11.0651855998126
10.6420735766973,10.9887479747387,10.6247303707151
10.4598611434401,10.1700613183854,10.6322105461942
10.4294711309592,10.6490725688257,10.6253383460688
10.4035960426342,8.82421964782672,10.6452820261225
10.2569890272568,8.48384388895019,10.6214500207306
10.1707978520604,8.96183913472447,10.6158180554309
10.3382635531877,9.25100456188855,10.6125291004041
10.6582489531823,9.12426272932741,10.6143227845172
9.94190713655922,10.2998573319458,9.66676615514724
9.8331863466123,10.0492828039213,9.67100812870387
9.63189412117575,11.7058877611305,9.65439869764263
9.52910663405736,10.8750384275822,9.66840310853814
9.40871458301654,11.2902705459277,9.24109205266309
9.30362394948758,9.37691686892592,9.29456473959043
9.17873765219383,8.95212794682196,9.26464040522865
9.07726607171381,9.37674597639002,9.24442731056781
9.13847411803653,9.70441586552869,9.56818137801268
9.37611354022296,9.64096875843481,9.56467898984202
9.55324779564019,9.5628279523066,9.56375319747217
9.81248011019141,9.60264452647343,9.56300068288848
9.99899507515518,11.5813643310082,10.3500539044682
10.227661079244,11.0553737281573,10.3558575470557
10.2730655278788,11.7020310467918,10.347769425925
10.2420839930416,9.89017177569546,10.3667774994006
10.2134024649767,9.46820075117284,10.3614065061539
10.2617867167355,9.85058768726526,10.3554450083123
10.3174858147516,10.1139855752818,10.3519737894263
10.2863832884358,10.0060043420078,10.3538021944076
10.2848585233406,9.8901183392474,10.8498307715405
10.4279732862575,9.83349340857856,10.851970211034
10.7789093216398,11.6945533000474,10.831797580913
10.9480736514489,11.092059444559,10.8394980620345
11.0107537639856,11.7369721234536,11.151177521085
11.0059719313999,10.0144568188902,11.1714365815937
11.0215670648717,9.71693710857603,11.1751939486871
11.0598722849031,10.2055727613322,11.1698333392684
11.0712052814439,10.4642351557061,11.0579010012395
11.0985546301278,10.2442399001277,11.0599526570864
11.1182734541407,9.90540978498769,11.0629110563051
11.0447212798234,9.59691268292825,11.0650180758505
10.9106548508754,11.2253873892405,10.6245772222254
10.721861323878,10.4211534488609,10.6320944199382
10.6629406974751,10.9096571004002,10.6252350594372
10.6159440562589,9.06826253575949,10.6451917655809
10.473788488758,8.69479109364109,10.6213752196829
10.3988075738885,9.13294028375542,10.6157616491895
10.5549941852527,9.39826432064202,10.6124703223239
10.8444097025537,9.24314745822377,10.6142909721021
9.95771140933656,10.4105228241292,9.66674695338811
9.88103641752497,10.1810195224294,9.67080332668533
9.70580744779165,11.8438281335676,9.6538100715827
9.60080852218887,11.0136739747304,9.66604090804648
9.45669773923618,11.4130809304877,9.23393351808912
9.33141321603466,9.45382612453319,9.25773821008916
9.18523175069491,8.97572081302063,9.25639018466879
9.04270151198107,9.35524392675539,9.24102172604103
9.06787821611757,9.59832426246529,9.56681864279034
9.25139115516396,9.49246788542833,9.56375585177622
9.40672669826145,9.36758147657041,9.56269426850974
9.67252104181467,9.40573356532674,9.56181988441477
9.88925245961265,11.4045707495052,10.3487345736176
10.1842041248105,10.9243060609938,10.3544097432292
10.274063277212,11.6024180664722,10.3462253287599
10.2801211457912,9.86270585896217,10.3651620802522
10.2882565325831,9.48624121563539,10.3598195107143
10.3454308278029,9.89691627906693,10.3538942504364
10.3779399866758,10.1359066363998,10.3505542158601
10.3036494058289,9.98290938868053,10.3525027546515
10.2183943768652,9.79391118268524,10.8486570922327
10.3176382190428,9.67939492634372,10.8509397827345
10.6428030099376,11.5273175250164,10.8309190618587
10.813209160445,10.936806267003,10.8387301173182
10.8853133392698,11.6144162755326,11.1505087557674
10.894292985228,9.94339841074273,11.1708631501368
10.9370906582694,9.71011531143317,11.1747370633897
11.0382927521847,10.2380782156846,11.1694320245445
11.0937101758321,10.5502664520457,11.0575635144973
11.1813554584465,10.3834129291691,11.0596741853914
11.2456296328879,10.0946934769254,11.0626973076262
11.2495250495477,9.83701249577394,11.0648368436808
11.1585220511369,11.5145384666761,10.6244337308663
10.9950580812008,10.7406408600881,10.6319780758557
10.9330129776981,11.2377096475903,10.6251325234229
10.8824035520056,9.37631145555208,10.6450896969482
10.7443584015034,8.95870280702787,10.6212984383143
10.6661285041382,9.34975211765239,10.6156891332849
10.7853618482714,9.5766380021241,10.6124038987566
11.0327702610129,9.39734451138289,10.6142303398217
9.96982659010002,10.4931681863103,9.9949846260227
9.95272746627168,10.2917196441146,9.99857387104359
9.8565891104412,11.9664590478024,9.98060249439692
9.77403203693551,11.1395292141101,9.99081280844772
9.61475599741944,11.5345232869686,9.50112419141595
9.45866373012634,9.55991993983227,9.52188349395627
9.27186889377468,9.03816717024028,9.5234389686276
9.05295757627879,9.35012704350388,9.51318819255999
9.0233587618583,9.52687391461183,9.16452282719811
9.14583010625152,9.35236263856777,9.1623388047501
9.28853542881154,9.20567945934651,9.16161471001076
9.57733618051765,9.22740904113434,9.16074458775002
9.82557019469672,11.2411088186283,10.0591284107194
10.1716388528798,10.7933445235529,10.0646719780417
10.2935970548066,11.5408130939109,10.0563558151241
10.3320834325588,9.86931100974185,10.0752641697456
10.3941914378293,9.56687679755355,10.6102778334823
10.4846767854642,10.0133884876494,10.6044622722805
10.528926810079,10.236998924752,10.601221288703
10.4181913456329,10.0130986720636,10.6033868866189
10.2222021924027,9.73006534588365,10.4907872020408
10.2410438708686,9.5359461948443,10.4933097212434
10.4832772300374,11.3634059498311,10.4734489919739
10.6302320000426,10.7843226808055,10.4814291823588
10.7117068599844,11.4988309566904,11.0722344708643
10.7611230041295,9.88550197394197,11.0927003653185
10.8724996764756,9.69705908137193,11.0966703516986
11.0974330190706,10.2812309250615,11.0914572872602
11.2181529485082,10.6472421555024,11.7216421357539
11.364394094614,10.5194196012291,11.7238065151189
11.4644878063258,10.2818315220766,11.7268904782305
11.5477164954119,10.0785353765147,11.7290737727596
11.5135977459488,11.8116532101659,11.6524849823866
11.4040418937234,11.0625514419701,11.6600716191028
11.3576765609507,11.5626049621713,11.6531975025054
11.3182920464069,9.68291633882004,11.6732804815247
11.1837749812452,9.23558672806741,11.3864879321485
11.0751850830223,9.57825820197122,11.3808709943767
11.0809048844956,9.77223092966562,11.377592136453
11.2335784563029,9.57020294547244,11.3794283602824
10.0077683958871,10.5251454430048,9.99456670201158
10.0295747260877,10.324572961589,9.99770536275564
9.98896091635138,12.030791348249,9.9788952463784
9.92465282192871,11.2344637912132,9.98786752906134
9.76280296196773,11.6380558679509,9.49580149349203
9.5923809919341,9.66672343846117,9.51577334268829
9.384072841261,9.12675146431126,9.51757656434066
9.1190517489839,9.38905745729648,9.50914834420253
9.05400433767731,9.52588641197425,9.16180553784131
9.13471386958777,9.29351544487315,9.16017278966737
9.26416524975144,9.11400827739607,9.1595906465139
9.54828645595415,9.11992231815866,9.15852745324174
9.79530659477882,11.1409314399543,10.0567320813179
10.1393614686128,10.7210094463746,10.0620409681789
10.2659716505167,11.5148725233653,10.053706739985
10.3201341631691,9.91111912692031,10.0725854298535
10.4299284375933,9.67659385302172,10.6076417980994
10.5609671892498,10.1505182487839,10.6020493487845
10.6486732137344,10.3725005637764,10.5990726355909
10.5370791359415,10.0973945593942,10.6014881641398
10.2906825599082,9.73315515366536,10.4891574175238
10.2600478869213,9.49146759265079,10.4918787151391
10.4420182640113,11.2879978671123,10.4722496144916
10.5714910570915,10.7015649306064,10.4804365705075
10.6693589345616,11.4391053069127,11.0713886732083
10.7588812627283,9.85303993870646,11.0920215126719
10.9271784028726,9.70290421547355,11.0961289744985
11.2335497596469,10.3213529814761,11.0910020188946
11.3805433163344,10.7228776129485,11.7212746741331
11.5190972260683,10.6386318631333,11.7235220673039
11.6056255905013,10.4295959506073,11.7266399664037
11.6924047527494,10.2567489060565,11.7288738299456
11.6755440151995,12.0037388180684,11.652285585487
11.5933497108767,11.286673125941,11.6599053004518
11.5624741923477,11.7986177141671,11.6530382640844
11.5374304147007,9.91276208379861,11.6731117909805
11.4064097414842,9.45091475151182,11.3863169536492
11.2689998366934,9.78366496939531,11.3806920768977
11.1808389060911,9.97503706407186,11.3774199319358
11.2653283679485,9.75940752391706,11.3792899940211
10.0606978104429,10.4833306649248,9.99414618285744
10.1123038705689,10.3001039741464,9.99684101957998
10.1123957355664,12.0279205064943,9.97738746230258
10.0621099700788,11.264410181054,9.98561632862308
9.90735436620862,11.7159756536973,9.49256852408
9.73808890867961,9.76474209094794,9.51209606091834
9.52560586587417,9.23170159942168,9.5140896666668
9.23259145293264,9.48599227294052,9.50620114027899
9.13475138002475,9.57986579860405,9.15945335756656
9.16403433283489,9.32425249070816,9.15787455774535
9.26725737927908,9.12155050635832,9.15717503559817
9.5229991936917,9.11105987999909,9.1557180292719
9.75432646309696,11.1254673554599,10.0535767159175
10.0840383486029,10.7236938822936,10.0585802261599
10.215088626932,11.5559985238925,10.0500989752136
10.2893311444042,9.99935361705684,10.069063836067
10.4556728271407,9.81157151127098,10.6043122088547
10.6327108779112,10.3167485349858,10.5989810787308
10.7746473686963,10.539822852847,10.5963379039519
10.6735403206435,10.2424166437625,10.5991714970179
10.3981773598898,9.83944711493721,10.4872046776654
10.3315810665526,9.56064425351217,10.4902339169318
10.4682192376089,11.2985427774417,10.4709593285501
10.5866876233785,10.6992509107123,10.4793648619474
10.7055111407919,11.4446180288855,11.0705073126344
10.8328900661185,9.86127687420063,11.0912949305812
11.0498209754776,9.72544322684914,11.0955284398753
11.4138567537676,10.3675601692342,11.0905462443626
11.5660189295406,10.7869907462094,11.7209108362149
11.6621708354167,10.7130707650185,11.7232173436187
11.7118322807227,10.5163413393735,11.7264012291
11.7697828617455,10.345769155279,11.7286614040551
11.7527470837952,12.1040540430613,11.6521070560402
11.6824720550087,11.3891479384541,11.6597558730063
11.6650318234248,11.8759053688843,11.6528388662904
11.6579947480039,10.0294969208609,11.6729022339847
11.5427236123882,9.59172036141607,11.3860920627743
11.3867853374611,9.96390487934739,11.3804516492188
11.2219255448196,10.1676715122707,11.3771583096338
11.2512088393368,9.95733499070931,11.3790526016586
10.0700404378003,10.39407053007,9.99383426247528
10.1443917792418,10.206744268125,9.99626613860897
10.1753292047062,11.9618883452993,9.97641830177093
10.1432258274425,11.2509238190875,9.98417192496363
10.0344477685598,11.7654628615225,9.49082749781187
9.91039730381888,9.86270732598364,9.50995645665808
9.73777622069282,9.34847446413593,9.51198822744673
9.45226771367943,9.60546058233806,9.50423901365209
9.31766397656049,9.699274343624,9.15737097527979
9.26358954187138,9.41429088008202,9.15556825839551
9.31586598099486,9.19866384286468,9.15424650500102
9.51591146797997,9.17581011988637,9.15213823502235
9.7241902887584,11.1866160506341,10.0492335469843
10.0487693072502,10.7902904953336,10.0537266267615
10.2008455101111,11.6453433798047,10.0452386108702
10.3124229507205,10.1111133090252,10.0642730851123
10.5480518563538,9.9570046461297,10.5999914748807
10.7698625489945,10.4852690633014,10.595196802703
10.9634603577997,10.7194052939973,10.5931332146669
10.8782239726529,10.4250420117361,10.5964805618205
10.5924564933021,10.0163914708805,10.4849586319574
10.5038850874242,9.7134692993772,10.4883845428772
10.6093833054769,11.4295590315871,10.4694770631185
10.7180153063053,10.7949951247845,10.4781917698735
10.8441147109816,11.5111649555672,11.0695660970726
10.9913381305414,9.91307517966123,11.0905529150341
11.2346385354165,9.76770575522679,11.0949404000569
11.6193065100877,10.4057776783098,11.0900523569551
11.7508790091499,10.8182286867103,11.7205169752515
11.767705067588,10.7460911692939,11.7229146444084
11.759763319277,10.5375598206422,11.7261605922408
11.7632029911423,10.3406114769981,11.728444082205
11.7294987375389,12.0711862032616,11.6519063454966
11.6510343196043,11.3340156156333,11.6595251979311
11.6475611772392,11.8667769448037,11.652635939864
11.6784018036579,10.0474073922644,11.6726277697289
11.6389751376619,9.68526033477884,11.3857353792545
11.5082310756721,10.112079399148,11.3800379458194
11.3120161540136,10.3547515933633,11.3767296704261
11.3006629863883,10.1578906850968,11.3786491580142
9.97290223530628,10.2761634256885,9.7800376198049
10.0549715830214,10.0858923649377,9.78227872396107
10.1007964013732,11.8626684040101,9.76225486107846
10.0861479762031,11.2053188116798,9.7697216853998
10.0327329098077,11.7766329924974,9.80119735906193
9.96231339494996,9.92596420112527,9.82016877918348
9.83973166802443,9.45671375320805,9.8222224649684
9.5870027822108,9.72590017299973,9.81421522722727
9.44117705760902,9.81791797105813,9.44648953345148
9.34903797193791,9.53758381190659,9.444083756242
9.38037809685246,9.30971698668364,9.44169788843351
9.56616231528811,9.27534015938132,9.43817363115224
9.77533849486328,11.2772234605233,10.2964884495741
10.1168402049503,10.8767771241093,10.3003053180635
10.2879262839947,11.7433916222309,10.2918056276931
10.4173771041008,10.2152504700176,10.3110176830707
10.6643127988202,10.0700916774718,11.0683897176822
10.8841136765793,10.6245741077258,11.0646133553998
11.0757541600645,10.8699524420156,11.0633156897158
10.9952095040272,10.6006134956816,11.0674727373161
10.7195615593084,10.1955981285231,10.9515250075439
10.6338937654946,9.89113048757279,10.9555098135436
10.7328095333505,11.6010672392908,10.9368861175005
10.828560118126,10.9408108225753,10.9460264838721
10.9242322318254,11.6200062053861,11.2391186264172
11.0490867207738,9.98100736548285,11.2603592583308
11.2732943323461,9.8086808338952,11.2649358364276
11.635107095854,10.4280993432789,11.2601774468164
11.7500553669161,10.8288455715803,11.7087064912382
11.738110691916,10.7374406772032,11.7111803107659
11.7143056487083,10.5064509290232,11.7144848119828
11.7025426704279,10.2826438232055,11.7168072449169
11.658717672577,11.969160591085,11.6664521206469
11.5663222658367,11.2221247778958,11.6740519692371
11.5709765577926,11.775159221942,11.6670828396609
11.6374889992056,10.0162465138215,11.6869853500698
11.6916393980264,9.72752779314132,12.0500726633424
11.6202897666522,10.2221611559611,12.044259015018
11.4664038826879,10.5224969046847,12.040911901381
11.4536682540968,10.3428728075833,12.0428568221567
9.70892840236745,10.1834232849918,9.77994027003803
9.8108622425651,9.99507065371423,9.78209472020992
9.89224202790638,11.789508876901,9.76194519102167
9.90905112437598,11.1686192353891,9.769250626949
9.93797995041379,11.7860770209469,9.80055041587266
9.94274459338797,9.97431158289246,9.8195387849271
9.89005835643916,9.52540581056976,9.82151769704511
9.69197053138676,9.81177543504771,9.8132385119258
9.54955659444147,9.9012151402283,9.44531985746153
9.4564544240905,9.64019311837356,9.4415320137986
9.50215813849346,9.41049912539052,9.43708405807678
9.72561455562406,9.36327510496531,9.43138588802134
9.9595152999545,11.3535705981398,10.2875722279502
10.3318392688616,10.9487487409078,10.2911388079391
10.5159075001082,11.7987433051134,10.2822932167189
10.6431991865034,10.2660190786684,10.3025902631987
10.8484569201736,10.1210971937375,11.0611674812556
11.0284155378571,10.6869626286711,11.0587255040234
11.1885610214004,10.9551925130105,11.0587032769991
11.1185910905257,10.7034317324533,11.0637696133546
10.8821217873347,10.322100776582,10.948804214035
10.8137244224299,10.0332598331975,10.9534412264201
10.899418708622,11.7421008716993,10.9352875783807
10.9568218605023,11.0671881228597,10.944723337347
10.9596633528938,11.7025513531602,11.2381702421343
11.0140740956756,10.0310802002443,11.2596067893763
11.1770976699712,9.82574934696401,11.2643462749855
11.4839314424287,10.4224843933551,11.2597553641814
11.5870396454532,10.8008299682185,11.7083720476255
11.5831757138042,10.6893744625287,11.7109174996642
11.5747782723713,10.4403695842903,11.7142692946474
11.5814586379839,10.196178221972,11.7166227448843
11.5341202196738,11.8688806300658,11.6662576673397
11.4245996391496,11.1179450597317,11.673850965571
11.4443179606828,11.6873267469743,11.6668181160988
11.5740974569866,9.98170337439148,11.6865233025604
11.8026628760299,9.7568051475716,12.04932783775
11.8545549814841,10.3224788177484,12.0432333319437
11.8156828139745,10.6613348761061,12.039651193245
11.8198731519699,10.4993876396768,12.0418301429304
9.55676033641089,10.1609555014544,9.77994272989198
9.68055543400637,9.96001930953337,9.78205789657939
9.78824305363484,11.7654779551545,9.76182379634924
9.81561557575188,11.1475575228763,9.7690661506506
9.86496941941106,11.7719694653146,9.80032282345122
9.88994674992138,9.97892735579457,9.81930437973948
9.85655670724311,9.53949420738339,9.82124916164029
9.6750869833979,9.84206398094212,9.81285591377785
9.54153460192232,9.94391407499115,9.44442556774035
9.48050373882852,9.68766397950005,9.4390255700312
9.5609302940132,9.4499492131714,9.43203386616142
9.83159176340409,9.40178845762829,9.42253523544754
10.08107668666,11.3901561721124,10.275306941765
10.454391025502,10.9677617431872,10.2765552391469
10.6290707889446,11.798961616316,10.268269952161
10.7381566293137,10.2478805443842,10.2913689694892
10.8997683385927,10.0880806256437,11.0518003886634
11.0519095809562,10.6439730791757,11.0517973424196
11.2037964525983,10.9335518455125,11.053569482853
11.154805336461,10.7191488594629,11.0600048700107
10.9606664780857,10.3710845378025,10.9459942262492
10.9063663492199,10.1015560682236,10.9513263644096
10.9773810790404,11.8206886317295,10.9336784226892
11.0042807631648,11.1303905239405,10.9435218340839
10.9415756940143,11.7477867779461,11.2372361091919
10.9481274397948,10.0437099127371,11.2589230070874
11.069685298021,9.81336772879788,11.2638262294101
11.3416272946017,10.3807935775415,11.2593675097633
11.4424267519528,10.7417114024585,11.7080640465049
11.45883303008,10.618954772207,11.7106902678961
11.4720834446018,10.3613374299283,11.7140966994205
11.5063459411242,10.1224705448863,11.7164822043041
11.4652146883306,11.800102041288,11.6661362429709
11.3528891514617,11.0745790358614,11.673634325613
11.382693792484,11.6669305499406,11.6665073996635
11.5484381761047,9.98802543434961,11.6860023973691
11.8759400836304,9.80111343373775,12.0484366592069
11.9993041460007,10.4099657083994,12.0415772248182
12.0316075738141,10.7782656897678,12.0372155026757
12.0507222691871,10.6271206292664,12.0400036744007
9.54163826145298,10.1976787610457,9.78001305747576
9.69365410729042,10.0085080672382,9.78209045513861
9.80899505424889,11.7955676470191,9.76181876916541
9.81380523470214,11.1602438733694,9.76901912924816
9.81690754841412,11.7724213228002,9.80028101762072
9.81707338828358,9.9587262017022,9.81916733698281
9.76425870223322,9.51791586810031,9.82107749774956
9.56309845555286,9.8177735224125,9.81275584887719
9.43353863679859,9.9287019432078,9.44346738855741
9.42118315978658,9.66019552153675,9.43664869068347
9.54902320951608,9.41441244457953,9.4253772180026
9.86055753671828,9.3779315169842,9.40830148728837
10.1012746298236,11.3558154228445,10.2543850715883
10.4302593477572,10.9232614767862,10.2541611239703
10.5740638601984,11.730169173724,10.2484997523641
10.6546662824711,10.1426159141093,10.2757552178964
10.7753892939717,9.94032316263761,11.0409636880748
10.9137199246368,10.4779482082392,11.0435064642505
11.0984564098809,10.7749610513043,11.0475823149617
11.104566494655,10.6044048316711,11.0559596651838
10.990512675584,10.3145678509453,10.943120896699
10.9593555773754,10.0849050345462,10.949318890214
11.0179772016435,11.8320739754921,10.9322315230161
11.0204827646516,11.1351140405207,10.9424315917558
10.9111897917274,11.732957737598,11.2364499671419
10.8806613195031,10.0091406707684,11.2583213310368
10.964296443471,9.76152483507866,11.2633842863519
11.19480769584,10.3158354721295,11.2590555711507
11.2869495769662,10.6661637238391,11.7078479929564
11.3208815992565,10.5452788094301,11.7105363414035
11.3618928030162,10.2913058509287,11.7139558189694
11.4448095898742,10.082228340425,11.7164000803277
11.4265611343097,11.7869419519589,11.6660534079644
11.324708205528,11.0887310241394,11.6735501386711
11.3583839097557,11.7016565037538,11.6663305878539
11.5409282746135,10.0332164955388,11.6856281001838
11.9232242063339,9.8539428091875,12.0474225861321
12.0888670451225,10.4840398789789,12.0386784299397
12.1709222487145,10.8685037741647,12.0302971936832
12.2149016347632,10.6981861857208,12.0367589192042
9.69357209441542,10.2962897407234,10.1000296690601
9.84699571973434,10.1133219056857,10.1020840441541
9.93281677895801,11.889631708653,10.0817427284851
9.90019051155089,11.2244957478177,10.0889098119687
9.84460129066411,11.7958471687836,9.91034942533538
9.81323018468729,9.95101481369335,9.92910386718459
9.73428767682931,9.49795302403864,9.93089828328495
9.50047805886081,9.77655550993555,9.92227948006923
9.35744909227668,9.8762599397555,9.29587953367724
9.34269799262188,9.58107233568863,9.28875919210909
9.47112804010376,9.31984648292931,9.26971610857718
9.7595486265312,9.27391158241101,9.24111643220322
9.96675221432232,11.2400961246949,9.62616935121131
10.2458962512057,10.7906724785066,9.62748215069006
10.371226609127,11.5714949639905,9.62784095006788
10.4440326517523,9.94147661243275,9.66375594114576
10.560587759199,9.70821295841908,10.21475156142
10.7034134076026,10.2309309390304,10.2219146250121
10.9232267039752,10.5445442199734,10.2283671351521
10.9697175238993,10.4002265647049,10.2384207282668
10.9107795802648,10.1699160622645,10.628119694322
10.8992026091778,9.99173265045271,10.6349895084241
10.97174025762,11.7486940368588,10.6184576091151
10.9859009752942,11.0747419101732,10.6289566905195
10.8971905153603,11.662624936769,11.0045190841119
10.87190568568,9.93886136618791,11.0265244564484
10.9498625979046,9.68648093671892,11.0317459963648
11.1618788076394,10.2480740380169,11.0274814319029
11.2458729921848,10.6037568936185,11.6553976456404
11.2860452603492,10.4928194596258,11.6581445434632
11.3453880691833,10.2672970821835,11.6616097314532
11.4695360744488,10.0878375931551,11.6640569485363
11.476208733059,11.8451048890219,11.8977761255315
11.3863472953232,11.1706457824436,11.9053183741334
11.4076942239709,11.791492339079,11.8980827426951
11.5669316935997,10.1057087611449,11.9173624218494
11.9085012832351,9.90380931855565,12.2014452997962
12.0517408147467,10.5126257103101,12.1918581636514
12.1241474548673,10.9023293210119,12.1777133763036
12.1867632651465,10.7116279823995,12.1881783107462
10.0311533432837,10.4190878914303,10.1001768726957
10.1557470064958,10.2555695271171,10.1022308049549
10.1659645182327,12.0302902020258,10.081848542096
10.0800342281026,11.3441626086104,10.0889213969862
9.97288023329452,11.884197472194,9.91018421237679
9.92595149692623,9.99861851424885,9.92853667726861
9.83173477676378,9.50894855821822,9.92967880733227
9.54959346777973,9.77359726640867,9.9204399429169
9.35666692016934,9.83118435494097,9.2930985900143
9.25532808753943,9.50247535805235,9.28532860704633
9.31832264091016,9.20994901879969,9.260699614829
9.48990578621416,9.12304696277951,9.20686168027805
9.61864074982516,11.0393126529326,9.57027994729178
9.82329588715665,10.5601494298782,9.56848337661633
9.93725557039803,11.3149361132154,9.59347123715665
10.0135385621035,9.66890509490418,9.64196130662935
10.1253516663079,9.40223908282116,10.2035885424092
10.2594377607851,9.9168905561088,10.2152826205261
10.4968921456551,10.2450537359786,10.2245845597333
10.5838218254798,10.1328298530212,10.2354435398006
10.5970419750314,9.9417299080706,10.6261041160882
10.6257718762636,9.81081845878866,10.6336081700075
10.7630597676712,11.6101005188934,10.6174448920241
10.8365112924295,10.9505092795306,10.6282778771536
10.8414908418939,11.5583321805938,11.0041012747712
10.8562043972281,9.85187909066092,11.0262442030918
10.9482325719416,9.620539435759,11.0315279730502
11.158095630221,10.1980839315361,11.0273467650521
11.2486043422135,10.5783593485638,11.6553386090985
11.3308160965668,10.4903650710368,11.6580942980524
11.438530408554,10.3114898165521,11.6616393557148
11.6481447218774,10.1664034422261,11.6641263841699
11.7001090164626,11.9469311183682,11.8978791538312
11.6192839319241,11.291436791283,11.9054392210799
11.5955489519956,11.906997209717,11.8982725059128
11.6758754979577,10.1913775047136,11.9176798461429
11.874212020502,9.93826085394586,12.2022869964888
11.9357039001038,10.4810955274041,12.194916992326
11.9534259647888,10.8100275059403,12.1900272938878
12.0395618309169,10.6486949747409,12.1927159672772
10.2219074289068,10.5622101869683,10.1003705729915
10.320903458329,10.4189362442249,10.1024285512614
10.2903463428279,12.1999975148657,10.0820139819557
10.1929384972104,11.5000399712818,10.0889804013967
10.1046002053376,12.0100913575596,9.90995839484447
10.0826492093471,10.1121316679265,9.92797055839878
10.0043685356272,9.59367767503611,9.92838042853254
9.70084743486117,9.82768823298226,9.91716467949753
9.46107353177714,9.85613258550662,9.28675862704296
9.25923696493901,9.48785543312085,9.27242212134717
9.24640526813632,9.13459643127709,9.23310170151567
9.30710694987656,8.96580260187673,9.16108374501416
9.37795581700387,10.7920388670743,9.42837295034063
9.54280396364037,10.2694285362645,9.44898386783766
9.65694093905764,11.0052086609686,9.56057269278817
9.735474157514,9.339462126971,9.6305804877351
9.82289108303542,9.07004632891801,10.1962811527484
9.92642145403209,9.58774831433874,10.2110190187719
10.1376405085404,9.92376852834046,10.2215332543969
10.2339126260099,9.83538037753593,10.2338055950867
10.2869544478235,9.67547203002049,10.6248043979472
10.3482229402198,9.57506608835729,10.6328610978896
10.5473054999504,11.4000628504904,10.6170130931535
10.6743354355448,10.7823868159751,10.6279860242468
10.7584655861174,11.4298843328877,11.0038729316252
10.8080146278717,9.76564163034308,11.026134449104
10.9187759526194,9.56559572466004,11.0314941249567
11.1518314117444,10.1860507742858,11.0273713701243
11.2711376177166,10.6085559482568,11.6553870447778
11.4192932485812,10.573548236264,11.6582233276507
11.5765292071111,10.4175801004774,11.6617397561281
11.8503025058589,10.2928380471586,11.6642458022901
11.927253404047,12.0952084570257,11.8980330316717
11.8373192173088,11.4354452386713,11.905682661021
11.7716512092426,12.0274336177976,11.8986261507504
11.7879340884614,10.2655050959045,11.9183310147774
11.8783024805383,9.95606639385531,12.203461153074
11.8809627136743,10.4471696128992,12.1969244385561
11.8554128591095,10.7303821723912,12.1933210252679
11.9461462392506,10.5552122682973,12.1956198438464
10.338103879796,10.7000747113049,10.1006115067702
10.4237162249923,10.5807596315024,10.1027123338143
10.3802072405768,12.383532091146,10.0823642016318
10.294183439552,11.6836939566059,10.0893074234321
10.25726721551,12.1785138785918,9.90999053444532
10.2770654277429,10.2670823093491,9.92757357331844
10.22650997502,9.72613689652627,9.92666352986413
9.91055196056151,9.93830395526775,9.91368266212678
9.62460263432144,9.94256299733209,9.28052532446637
9.31741937744472,9.53262402387924,9.26128755067601
9.2245520305884,9.11699596075158,9.22300777212475
9.17245054348817,8.85582238236624,9.15510685392928
9.18804816105347,10.6079096930677,9.49951225649835
9.31807032681539,10.0086186814689,9.50160975533354
9.43186595810786,10.6956521824833,9.56066386378613
9.50678914912983,9.01800284816978,9.63083014211362
9.55244247493651,8.74891966260297,10.1957097236348
9.61171468160407,9.27449299816677,10.209834963707
9.7796543915707,9.62094652518148,10.2217603924874
9.87821628359396,9.53960781883569,10.2339656372944
9.96607217528854,9.39129697040688,10.6250292123954
10.0583071815698,9.31350419925545,10.6328686986871
10.3162294188244,11.1751615193798,10.6170787199863
10.4934997164429,10.6093731819659,10.6281291241529
10.6509084869893,11.3058535190112,11.0039793068794
10.7336845846565,9.6904481149566,11.0262540717814
10.8666444634751,9.55601815873082,11.0316613405539
11.1404857754834,10.2276517392395,11.0275411715915
11.3054482536221,10.6975009276061,11.6555452730164
11.5389371575907,10.6964857474938,11.6583670409156
11.7476302472705,10.5715966386847,11.6619326177975
12.0718166776255,10.4689676135736,11.6644751061008
12.1602359659075,12.2719901413788,11.8982916337779
12.0480016553047,11.597373665445,11.9059546848974
11.9408597289165,12.1508063343738,11.8990414953824
11.9014131938967,10.3497625439225,11.9189059187617
11.9062807310745,9.98092544448517,12.2043954856381
11.865224295947,10.4077251337556,12.1984992744442
11.8036630832355,10.6507527969136,12.195053668446
11.8866455132474,10.4651237134673,12.1971226652757
10.4011979399364,10.7972860277705,10.554466777477
10.510110644166,10.7222345380362,10.5567708166194
10.4997262489211,12.5437396436987,10.5364604630997
10.4460272619869,11.8549925549565,10.5435297665581
10.475941867189,12.3578101914566,10.560082462636
10.5408078877972,10.4454633843834,10.5775537150927
10.5203569665202,9.90521049918588,10.576086273815
10.1991885651144,10.0979899277857,10.5618536578416
9.87355780278969,10.0791560510925,9.58293610280018
9.46491695152071,9.63346835481971,9.56468963759527
9.28509651766498,9.15661433310921,9.53659038954656
9.09378152634845,8.8181476232134,9.49705746995615
9.0319558901295,10.50507026603,8.83329949231192
9.10156683983157,9.82441378452902,8.83842493094708
9.20549714378203,10.4543522470158,8.85750005815791
9.2693807826542,8.75131153283594,8.90767453342901
9.25940534444989,8.48502396930176,9.21085777348499
9.26646689061073,9.01430104440813,9.22199080526984
9.3920176594175,9.36420516945576,9.23123915828419
9.50043515713922,9.29566290511414,9.24244555127257
9.62853289950243,9.14507017963249,9.90471211205654
9.74659993847424,9.07714071222066,9.91223191186299
10.0541513335803,10.9720161623818,9.89643475335395
10.2830787400006,10.4580642768364,9.90734130950018
10.5259156676693,11.2099192816794,11.0214614416505
10.6513401919546,9.6553215692534,11.0436887941152
10.8171633221781,9.56526408375629,11.0490586844223
11.1571946230548,10.2903906293147,11.0449112642342
11.3888314200067,10.8165455392164,12.130246427622
11.72362611799,10.8503375711723,12.1330582766714
11.973823606945,10.73572179995,12.1365897458989
12.3112206594781,10.6361376588229,12.1391386281719
12.3865644798227,12.4307558863811,12.251817621077
12.2333445015103,11.7313187708899,12.2595656670397
12.0853847860813,12.2624297841288,12.2526942256852
11.9993879858109,10.4119860827251,12.2727509138555
11.9439179379818,9.99211644472636,12.0242536615402
11.8768593702682,10.3775948209667,12.0185178261713
11.7868773216062,10.5953611856495,12.0151948933764
11.8445826005588,10.396205587538,12.0171370525278
10.416702357602,10.8536853494428,10.5548289451902
10.567706297686,10.7946471007149,10.5572751139384
10.5957793120434,12.6434361773958,10.5373399750929
10.5508771206527,11.9853517015405,10.544788463719
10.5775360220731,12.5054959128064,10.5616275641084
10.6379701492827,10.607243254435,10.5790868393792
10.6171637116731,10.0746770497688,10.5777079224545
10.3052942043548,10.2745266798031,10.5637185886434
9.9877450096955,10.245665002957,9.58551286770877
9.57712605328592,9.77248159658869,9.57004157519209
9.3759161240424,9.25517598281079,9.55026451314131
9.11950932590229,8.86138900039819,9.52717644648002
9.00626561031187,10.4728250996711,8.88270706083058
9.02191953397144,9.73552346835045,8.88643558585091
9.11314524011049,10.3189683965978,8.88927426505875
9.17473660721097,8.60924730358327,8.92497203312967
9.16057952663855,8.33415634829426,9.22153201964939
9.16467359722479,8.87447563916141,9.22820921338113
9.30146637883818,9.22500924503612,9.2349941454585
9.42585265200624,9.13901587104597,9.24495509047411
9.56548774244605,8.9888163089137,9.90658900944123
9.67793941437159,8.93682135004374,9.91372597511236
9.98351000692841,10.8651653857968,9.89752462935361
10.2308341314458,10.3767532349892,9.90819319206205
10.5200036742399,11.1864499123408,11.0221862979795
10.6713194193669,9.68017179486237,11.0443117373079
10.854551726441,9.63079834362074,11.0495752189237
11.2183410363525,10.3846507461612,11.0453980402002
11.4677926917722,10.926087262897,12.1306531092869
11.8128875657811,10.9697214829736,12.1334516605094
12.0490392701948,10.870344643373,12.1369936512571
12.347831873248,10.7536367659586,12.139519370667
12.4023962973087,12.5151402193107,12.2521633369081
12.23454336034,11.8068928149515,12.2599408497422
12.081333232138,12.3128902323148,12.2530884093047
11.9900375177299,10.4475462375296,12.2732383457092
11.9312287379226,10.007096889657,12.0248468058498
11.8670473798527,10.3695006749801,12.0191959001014
11.7777825786876,10.5742657981796,12.0158941480654
11.8236807775225,10.365360374537,12.0177796495115
10.4236695498251,10.8115500732059,10.5551603915189
10.6500168989127,10.778482426368,10.5579280753152
10.7306045779387,12.6600780774153,10.5385431378669
10.6723962708025,12.0235591352305,10.5466679494171
10.6299971332958,12.5886895410909,10.5645172216361
10.6450731789584,10.7208526347597,10.5826941259834
10.6070582233232,10.2220040419733,10.5822332507273
10.3415970793887,10.4463165547709,10.5683500783542
10.0887533458684,10.4262085028089,9.59105064594506
9.76568880775756,9.94699305709472,9.57830237501605
9.58052446604771,9.40129012347903,9.56525508487617
9.26263612925589,8.96516758218209,9.55172817736474
9.07332992954436,10.5405806138423,8.91354642861743
8.99352566322991,9.76083208357961,8.91736833032132
9.06188895077599,10.3272432011295,8.91346248669981
9.13245336981557,8.59362245213325,8.94132547735892
9.16367748349497,8.3255174999326,9.23210030762654
9.20703729496929,8.86524899011616,9.23521368817361
9.40561851612754,9.20933937321031,9.24014071115779
9.55672593811771,9.10556125818077,9.24832677912189
9.68088162770772,8.94782771023653,9.90910147129932
9.75292816195864,8.89560249939434,9.91550885785478
10.0190545946643,10.8369515184229,9.89885760889005
10.2848217788519,10.3997337457476,9.90929490187745
10.6460045373692,11.2473046063915,11.0231182425998
10.8367498419072,9.78378360603564,11.0451386441432
11.035105783471,9.74920100154024,11.0502627636131
11.3839043218892,10.4985050633829,11.0459840120332
11.6041059199779,11.0211672234037,12.1312359320794
11.8668044586909,11.0459965880212,12.1339876340585
12.0259518124485,10.9058517024541,12.1374586421075
12.225095701781,10.757715852175,12.1399396131939
12.2533286374392,12.5126745315768,12.2525913709696
12.1016013336622,11.7804631069202,12.2603505508122
11.9687461740061,12.2812304322218,12.2535324769522
11.8902306043519,10.4278551222312,12.2736867176165
11.8444387985178,10.0096733538584,12.0253320509927
11.7963050096923,10.3780749866021,12.01970226647
11.7383796208739,10.5805420468343,12.0164034032724
11.7967927486964,10.3752757507798,12.018260534987
10.3766693774176,10.6868863059703,10.5553530101718
10.6434484753738,10.6610256056443,10.5585596368281
10.756914823659,12.5663524070548,10.5397708927702
10.6934077884382,11.979053043454,10.5491917791051
10.6115253603954,12.5992477632808,10.5688721384834
10.6018127869743,10.7684974692352,10.5893738221263
10.5609682242796,10.312906609285,10.589391346392
10.3473983077648,10.5787191058753,10.5754161774031
10.1551719539782,10.5959580972534,9.59785418934453
9.9171073354244,10.1354139539619,9.58691555258202
9.75926617695813,9.59271377940705,9.57668128491278
9.42206868066582,9.13660077878187,9.56821642527468
9.1922500772877,10.6917227224328,8.93325884270729
9.05500304597743,9.88931649793791,8.93667934083052
9.10803418413697,10.4346357270957,8.93122244702443
9.18464891781104,8.70870064946026,8.95446765673635
9.25037015613865,8.45422604908659,9.24231284531236
9.32344413261938,8.99470009412734,9.24243443785447
9.56166263839051,9.32068128829231,9.2451869530408
9.72308953252718,9.20770443595061,9.25224684866914
9.82131523758379,9.0183593978658,9.91195170739415
9.85823614757471,8.95250681696501,9.91771314161857
10.0938858778122,10.9042952886277,9.90062814537108
10.3736073612453,10.492860327121,9.91078595831006
10.7859939549535,11.403609443595,11.0242799278507
11.0013125231965,9.94261450239989,11.0461060780159
11.2019483293862,9.90926651260092,11.0511524669748
11.5152144890131,10.629105032436,11.0467886130209
11.6914052328662,11.0915172735365,12.1319506354612
11.8612579112396,11.0479156121447,12.134619135265
11.9511640117707,10.8456714910703,12.138032329562
12.0779207805319,10.6510816632127,12.1404634961551
12.097698856415,12.383558641792,12.2530827342507
11.9771078305334,11.653146729113,12.2608140393183
11.8672192339867,12.1813571939624,12.2539864592428
11.8004390778228,10.3591741220657,12.2741316629281
11.7630570682378,9.97935193990197,12.0257721121258
11.7297141103109,10.3886015991357,12.0201503707529
11.7139475760973,10.6235125043807,12.0168197853089
11.8043215634523,10.415877297346,12.0186748980502
10.1412805732527,10.4933300009022,9.89478793049157
10.4375998204501,10.4669504140552,9.8982293503073
10.6219404225129,12.3880248265242,9.88006644247368
10.6026081971037,11.8488148052842,9.89094147211499
10.5578005598128,12.5149404421028,10.5345445670632
10.5636957982378,10.7573911261971,10.5615200908069
10.549916853865,10.3605964775755,10.5630030899009
10.4164840275033,10.6676302854021,10.5458319229525
10.2957514162061,10.7370184373141,10.1822282274557
10.1569022508336,10.3097348868158,10.1716511202507
10.0413151099505,9.78762372210397,10.163449450957
9.71775332056236,9.33855466060887,10.1561299111158
9.46972932395925,10.8985301593888,9.67663938005682
9.29328947724768,10.0975619088983,9.68098570374558
9.32804366181743,10.6522773724353,9.67397882699069
9.39631494525304,8.92698863733186,9.69605764722877
9.46216815290308,8.68490171546047,9.94338293225509
9.54172479705876,9.2253737190213,9.94211177018514
9.79597535287094,9.54226745764679,9.94303930713668
9.96059508783893,9.3935171229411,9.94902248113673
10.0285638882119,9.17819838140525,10.5559325142939
10.0291847240301,9.09317229598457,10.5611620918362
10.2380736024842,11.0502266891092,10.543592680498
10.5383788371639,10.6695670534462,10.5533373898804
11.0086643162478,11.5962600044991,11.6723872771013
11.244262798724,10.1556113385415,11.6940978356477
11.4352757482068,10.0936025944025,11.6989899516721
11.6865549339383,10.7467303295459,11.6944841517988
11.7959920780788,11.1203519062004,11.7750493999452
11.8267091913913,10.9782498952288,11.7776204264636
11.8120507935316,10.7000163689131,11.7809666228594
11.8293439761348,10.4576964245371,11.7833406870969
11.8370245555167,12.1613570688873,11.462168801919
11.7656636438108,11.4287371826535,11.4698132181905
11.6930966968226,11.9808642154137,11.4629788720146
11.6492407033017,10.2086783267221,11.4830443468351
11.6415092988745,9.91033639921599,12.0037419147707
11.6488334549716,10.4028372969651,11.9981011667384
11.7302212250441,10.6683862496307,11.994743598121
11.8907888484127,10.48465270259,11.9965611658729
9.87067347078174,10.2537458386328,9.89442845176832
10.1657480335991,10.2255108606048,9.89787494155242
10.4179996109397,12.1696523950512,9.88014492087299
10.4694613346131,11.6694068258018,9.89188056854943
10.5209928925178,12.3814408245982,10.5379220067525
10.5716900669247,10.6689843039212,10.5705614277255
10.5891667553484,10.3161419844446,10.5964661551261
10.4874394359978,10.6968349501279,10.555823029666
10.3826424134465,10.811414951023,10.1872601897468
10.2696728499181,10.4350184324574,10.1766090364301
10.1786758296047,9.9460806956364,10.1698037272985
9.90194134795804,9.53414681299134,10.1646092212008
9.68290135225695,11.1029388041626,9.68541900494683
9.52983972307806,10.3357209570475,9.69047320297046
9.56210169418277,10.9083356496092,9.68309927215033
9.61394464186569,9.19342165329708,9.70404383299678
9.63931861862882,8.95360825460764,9.95031741519568
9.69363494169413,9.49274473051889,9.94764388714287
9.93137894127649,9.80183031446921,9.94760704884186
10.0981619517069,9.63881972910681,9.95266666434154
10.1695347211202,9.40279152907547,10.5589280600897
10.1660657879956,9.30168409345027,10.5636218519866
10.3701161541982,11.2688907745552,10.5455846029489
10.6745392921503,10.8828296695676,10.5550949840174
11.1507163406663,11.8132640178209,11.6738792027521
11.3786620905348,10.3536309906081,11.6954079172414
11.5513697850432,10.2617147352566,11.7001934700305
11.7642271999112,10.8381273424038,11.6955652093482
11.8393676635804,11.1198781800492,11.7760507600634
11.7897934725532,10.8709041779044,11.7785025917306
11.7054363757871,10.5161629305406,11.7817706200566
11.6364996574834,10.2099273634078,11.7840378387031
11.6235437594197,11.873706386846,11.4628168649349
11.5734987739562,11.1366554331428,11.4704157654515
11.5291604571956,11.718237110591,11.4635062402351
11.5141795047511,10.0206449179068,11.483515293638
11.5592196580987,9.79153331055262,12.004182958228
11.6156427128328,10.3527207286622,11.9985059100214
11.7811371095672,10.6916269566116,11.9951220691946
11.9900904809819,10.5242090776651,11.9969075101399
9.39736667041674,9.99619358408919,9.8935360693914
9.66722803563463,9.96594717645391,9.89670740290745
10.0244908315879,11.9286947321833,9.87842848035958
10.2024071339335,11.4599483122731,9.88974466635831
10.4316422937398,12.2227341993949,10.5350992685875
10.5594231550395,10.5567905005041,10.5634015562753
10.6163084633535,10.2361159404768,10.5774952648245
10.5173452721935,10.6420245132003,10.5533682878803
10.3941315729212,10.7897799479471,10.1872181309138
10.2723111106681,10.4530102599005,10.17812309771
10.2172604728495,10.0201799901138,10.1724988553387
10.0647522157967,9.66248605726894,10.1687385408564
9.9471654821294,11.3070063951229,9.69132784941578
9.90750188208694,10.5678240964615,9.69673680280999
9.96526855255725,11.1618493848863,9.689333156378
10.0007707732356,9.45739398834039,9.70993707221091
9.9515127957783,9.21841353632771,9.95592080418968
9.95350974946357,9.75417000074787,9.9525133698047
10.1575686505387,10.0545676109254,9.95167704790368
10.3380851558154,9.88776583388621,9.95604480420663
10.4515227764602,9.65276944963362,10.5618404223178
10.4664630917712,9.55494608205778,10.5660740829837
10.6691474437877,11.5160138023928,10.5477564340414
10.9554863935384,11.1241326885176,10.5570093347452
11.3787629506507,12.0375767664986,11.6755780495049
11.5566669560978,10.5524971459271,11.6969638672551
11.677540971356,10.4019445676331,11.7015881858383
11.8253260494604,10.9031946964104,11.6968474990049
11.8546047145754,11.0906469075479,11.7771841706326
11.6872808550185,10.758501336882,11.7795398474345
11.487929773211,10.3088987245554,11.7826902539242
11.2562790205037,9.94624229634777,11.7848800611428
11.1877059834825,11.567537763947,11.4635246964065
11.1522650391527,10.8192833873376,11.4710361963594
11.1615293104435,11.4257461815957,11.4640683377493
11.2190425340656,9.76102999539956,11.4840404034247
11.4006289465465,9.61122511318008,12.0046483514475
11.5591286331375,10.2389088734429,11.9989237527313
11.8566239372539,10.6318893249712,11.9955169417909
12.1202041712951,10.5026175715125,11.997255574721
9.12208023167725,9.74208367491477,9.89224869206898
9.36597602815677,9.70693459007262,9.8949592857211
9.76620470891003,11.6771748164837,9.87599860421797
10.0035124135749,11.2357308058582,9.88534728931089
10.3137325841055,12.0343817181928,10.5277051148474
10.4740710705574,10.4069043295069,10.5511288306465
10.5451670766322,10.105355629119,10.5540246326381
10.4380999185961,10.5256190036693,10.5410551845912
10.2972757082608,10.6872558456691,10.1817826052931
10.1630723666777,10.3877354343439,10.1758314165426
10.1327362448135,10.0185870785832,10.1726774396778
10.0775653520969,9.75241747221691,10.1705879547098
10.0452023784661,11.4641180088705,9.69432848055914
10.1129184613161,10.7791118283581,9.70057121275121
10.2095550999105,11.4028434985809,9.6936376826504
10.2552571730977,9.70113303525997,9.71442424216849
10.1828669350735,9.44790902711609,9.96019201683391
10.1614212176029,9.9651829119323,9.95636145297969
10.3504770059828,10.2753461050915,9.95520408329837
10.5429480418906,10.123275953507,9.95911497532486
10.6926696309478,9.91418273877318,10.564565079457
10.7267767608194,9.83651104339562,10.5684936600301
10.9304663126464,11.8026379153237,10.5499135937798
11.1959498335342,11.3862875739739,10.5589804100758
11.5590687586789,12.2579420415043,11.6774001448556
11.6853360670998,10.7174225093643,11.6986581799046
11.7560485100202,10.5038655261676,11.7031711361338
11.8441487970011,10.9359167816778,11.6982881259366
11.8360168001136,11.046398126841,11.7785081077558
11.583699923842,10.6476590226681,11.7807651869808
11.3042187519347,10.1302071466707,11.7837742981186
10.9575288929107,9.6896875638677,11.7858199666951
10.8466756736338,11.2594766117921,11.4643726962488
10.816256396192,10.4858580846682,11.4717661829762
10.8630295685939,11.0974881199299,11.4647175594556
10.9744276036844,9.4682763426325,11.4846169927802
11.2547941191315,9.37094801150177,12.0051671706653
11.4791848206325,10.0696595440024,11.9993929504129
11.8450942620064,10.5157225937514,11.9959317341989
12.1257583677196,10.4045567517704,11.9976382482073
8.85680459151916,9.50203365753536,8.8729255717594
9.06085535581358,9.45380059992906,8.87477025412827
9.456278591869,11.4226859717929,8.85460543182731
9.7064603335122,11.0000110700419,8.86237250778177
10.0306804576142,11.8257116908639,9.76726756140375
10.2009887065488,10.211398161106,9.78682485530815
10.2897614135843,9.93815233947084,9.78819237760227
10.2127389231183,10.3588886260961,9.77805735943687
10.0809038499066,10.5255639230985,9.94691052205545
9.95530440113405,10.2472263044572,9.94326613066034
9.95535107264422,9.93917844588528,9.94252025611061
10.0100760204813,9.74746884845197,9.9420517279732
10.0784923024889,11.5608132563203,10.2903956243854
10.2887900417433,10.9469312119318,10.2979914450391
10.4563385856214,11.5958691415273,10.2917752757434
10.5491801657591,9.89789684721488,10.3130558424393
10.5029792308131,9.61362035854933,10.7498910883795
10.4752098024881,10.1263741786679,10.746062040395
10.6487427891993,10.4485693199181,10.7446297264946
10.8466153265253,10.33408009638,10.7483842085073
11.0348216910692,10.1654704757322,11.6177274310643
11.1003080871052,10.1227127522659,11.6214180077343
11.3270488888653,12.085199788878,11.6025976186185
11.5785006107888,11.6525229079983,11.6115794313723
11.8677805387545,12.4716427548331,12.3188358138208
11.9168941819584,10.8716045920501,12.3400713868143
11.9037958400976,10.5973524662354,12.3444844006242
11.8811438082239,10.9725784886882,12.3395131402071
11.8080825496001,11.0279751187486,11.4224835361405
11.4412232400542,10.5555540415094,11.4245382704243
11.0685659454158,9.98147986179716,11.427406832995
10.5968721832372,9.49426080393556,11.4293051861889
10.4415448544165,11.015299853405,10.5114584521707
10.409101050325,10.1982464985291,10.5186992668477
10.4807736893595,10.7990912333169,10.5115922662674
10.6277491330766,9.17751821482747,10.5312835240643
10.976637924388,9.11416124596316,11.2000542806696
11.2469311205648,9.85529576940904,11.1942262087979
11.6471654237824,10.3334242503535,11.1907394061452
11.9203277852758,10.2687432602335,11.1924123382363
8.76942428545987,9.29807768857495,8.87134844480924
8.95386061578871,9.23537797184148,8.87237000433645
9.30990105320093,11.1819943090609,8.85081602803248
9.52522350145814,10.764027852682,8.85703200713619
9.80146897660597,11.5935010113845,9.75984346411019
9.96451021977373,9.99550387943278,9.77708218808276
10.075954881154,9.74910129448679,9.77700121628915
10.0669739163272,10.1788864678532,9.76706507391176
9.97536059328417,10.3562690022078,9.9377022941256
9.87975706333341,10.1166641128178,9.93654675363826
9.88997060277649,9.86044814508667,9.93776611614822
9.96938429541269,9.74093731482386,9.93961153936345
10.0626152076856,11.6162023814487,10.2896479726638
10.3161451846607,11.041263764237,10.2984391423954
10.5162197494809,11.7109008945501,10.2934352522619
10.6434962870297,9.99832485521395,10.3152419082676
10.6373707420227,9.71604074100651,10.7524646483416
10.6173201352172,10.2351307707159,10.7487440599375
10.7783505467728,10.5784363860893,10.7472834434058
10.9689268722477,10.5020370187859,10.7509098002937
11.1721279678346,10.3885720296477,11.6200993749191
11.2640321457133,10.3752089860269,11.6237121195088
11.5335244273977,12.353402626909,11.6048252932369
11.8004544377033,11.8983945214541,11.6137847525823
12.0749746727681,12.6751254398907,12.3210677411853
12.0881874980337,11.0287415712458,12.3422747773863
12.0273079896593,10.706361442856,12.3466969417873
11.9361573042943,11.0298776023769,12.3415829566068
11.8288943256063,11.0529153684506,11.4244227904838
11.4227559428897,10.5382912617178,11.4262613475645
11.0270491288546,9.92372282404926,11.4288993805841
10.528647036045,9.38697683940397,11.4305750595006
10.3618799706303,10.8644751919734,10.5125336459351
10.3076533787565,10.0110969892848,10.5196123886839
10.3525673610055,10.5784333305645,10.5123794381466
10.4652385112331,8.95611361235665,10.5319704230668
10.7677299045679,8.88193902384606,11.2006684955394
11.0165431958742,9.62007656053811,11.1947862762758
11.3866494621221,10.0972121160129,11.1912393510266
11.6351724395977,10.0389074157362,11.1928604465575
8.71478980661733,9.12541981224686,8.86963844033297
8.8887855885014,9.04440198509687,8.8698999677554
9.19859942015105,10.9684098414511,8.84732892745136
9.36570871346764,10.5198167484083,8.85166702383122
9.57746214969096,11.3500052363358,9.75261931394501
9.73335989093467,9.78204792303484,9.76776875721878
9.87898976530124,9.55422231253426,9.76611296331124
9.9696400526115,10.0239713881947,9.75578851782577
9.93956217879467,10.2502166706852,9.92692297416837
9.88961732369828,10.0645235434723,9.92757849577036
9.9032309064572,9.83426063365089,9.93071429862475
9.97000981030343,9.74083111911004,9.93523412278144
10.0503873726166,11.6361466395363,10.287446774226
10.2889614039873,11.066679135002,10.2978349767085
10.4926092131358,11.7372529110124,10.2941531915652
10.6382020868055,10.0132139195958,10.3166509311819
10.6682362856765,9.73809931780432,10.7544733776762
10.6589738449319,10.2775411861794,10.7509943166778
10.8096918967574,10.6523930859907,10.7495821505214
10.9926796910491,10.6227051288532,10.7531491014357
11.2146171962081,10.5529625893938,11.6223402171888
11.341126755436,10.5786825028666,11.6259339475354
11.6734867361306,12.5802588691548,11.6070971258934
11.9725606026736,12.1208324085488,11.6161615859516
12.2590995536827,12.8805669155546,12.3235739978813
12.2536949808185,11.1949967975998,12.344912985313
12.1609281845405,10.8367258444613,12.3493912862496
12.025174355785,11.1363662935434,12.3441894655438
11.9045264412467,11.1353395390463,11.4267732560617
11.5040889027165,10.6095240625871,11.4283372020601
11.1210607596045,9.97103936147737,11.4306769237823
10.6385450240565,9.41493516599791,11.4320462881989
10.4685923793421,10.8600916294558,10.5137587564443
10.3654856270763,9.97764946085295,10.5206364602006
10.3440253735797,10.5149996889955,10.5132513313831
10.3743068002144,8.82534315462156,10.5327166396147
10.5606043285939,8.69965725923968,11.201337632598
10.7520986253031,9.37914720989097,11.1953854281481
11.059873537628,9.82909641415799,11.1917889728891
11.2730400942426,9.76690780431307,11.1933654299677
8.61573395063973,9.00279314692477,8.86853568867682
8.78794609067274,8.89241608715589,8.8679081860586
9.05341025193985,10.7938678324333,8.84411114396174
9.16239371060127,10.2991084625015,8.84699115513619
9.2907644031152,11.1109206453933,9.74563874446293
9.44041177254804,9.54523594297074,9.75869199866354
9.64076874903415,9.36877263376017,9.7542818994271
9.89026677641303,9.92462645644529,9.74134745602314
9.96392869643942,10.2354447443885,9.91175527611844
10.0023967996803,10.0847910554651,9.91412519199589
10.026812942155,9.88387469780595,9.92110340748703
10.0514648423979,9.77189526835937,9.92896985780402
10.069944184963,11.6266039159729,10.2840153188066
10.1938332415014,11.0275890822333,10.2964466729677
10.3412396105463,11.6698756066565,10.294230495085
10.4683254269436,9.94547388157965,10.3178088368026
10.5264981919316,9.68390864237502,10.7561085854591
10.5414228506257,10.2467751371079,10.7528751186195
10.709087964435,10.6640787380667,10.7515472911155
10.9057204084337,10.6873024513788,10.7551541771252
11.1852506196712,10.6619981893043,11.624388484101
11.3727879936068,10.7328651807135,11.6280952540569
11.7978456784155,12.7526476555505,11.6094003226547
12.1420461813909,12.29693038804,11.6187278293235
12.4582713070726,13.0397730574903,12.3264693139233
12.449136082436,11.344952953848,12.3481942070411
12.3435350657423,10.9706779379831,12.3528219875453
12.2035458532528,11.2712358976402,12.3477071651619
12.1073559204177,11.2729499694528,11.4298655252623
11.7828797621699,10.7570674636836,11.4309649287874
11.4582819535041,10.1216699854881,11.4327404158652
11.0322696413024,9.57177764169801,11.4337120248166
10.8538944102039,11.0000848113142,10.5151060294394
10.6378366106057,10.0915199894033,10.52172453264
10.4782367515718,10.5681196002372,10.5141702338326
10.3457228321927,8.79966826329605,10.5335443588954
10.3083785274632,8.57490612702822,11.2020740545085
10.3905152672646,9.1635009853728,11.1960575681066
10.5839019043099,9.54656947636598,11.1924108646418
10.7353104971546,9.46772054009506,11.1939462210206
8.51326696054196,8.92004573235725,8.3244172033332
8.68595080325308,8.79048409459348,8.32311297884387
8.94635263007916,10.6511646440238,8.29829429673399
9.03716205694873,10.1218363239209,8.29975533108305
9.12772314349378,10.889863630633,8.9215418074244
9.26976539569673,9.32037777015678,8.93139524155922
9.49210224440685,9.18381066969111,8.92310212844431
9.81985304223185,9.83731023910406,8.90520400990543
9.9525866115068,10.2466398405509,9.83810554710942
10.0586606328406,10.1678697934545,9.84241708465358
10.1076877482025,9.97388047662795,9.85478303202467
10.1263063027389,9.81855599118867,9.86683387564524
10.1032891495876,11.5943995256419,10.0099928293152
10.1235688962351,10.9326545460414,10.0249771099744
10.2065644920098,11.5310144887869,10.0245136148984
10.2987285863901,9.804637529838,10.0491600767065
10.3660498155076,9.56769498569286,10.5169143169142
10.4093614257873,10.1616318719696,10.5139600595766
10.6241437209491,10.619864584315,10.5127406790965
10.8543023721917,10.6798566504448,10.5164117854163
11.1903426648849,10.6967754399351,11.919406385585
11.4115534045175,10.8087717292167,11.9232764998781
11.8640813168527,12.8527685223673,11.9048851988951
12.2122205294204,12.420250952872,11.9147205114915
12.5290739288034,13.166783389938,12.7143057948035
12.5244392010911,11.4676589232285,12.7367599781495
12.4293558416283,11.0930702276696,12.741977403407
12.3208407357411,11.411736164044,12.7366118202128
12.2580870928962,11.4395228971201,12.1692657588697
11.9949078683277,10.9481939762084,12.1696273013613
11.707071716673,10.3472704383508,12.1708515754289
11.3075505550478,9.81918297558327,12.1711303438581
11.1172618997995,11.2728472786886,11.0273685618246
10.8308045565965,10.3494081150802,11.0337393959364
10.595171932289,10.7584592698539,11.025965229729
10.3772589628853,8.87159477331537,11.0452610765455
10.2248325722864,8.49684500769932,10.511977400513
10.2485756160494,8.97449708673007,10.5059271689982
10.3730168284985,9.28258773418414,10.502250450754
10.4821551478046,9.18446782151391,10.5037431100873
8.33078242021144,8.86595327752014,8.32462020348488
8.49293316929628,8.7226020996676,8.32261748997219
8.76486816018838,10.5561800827069,8.29694599959295
8.85126458983357,9.98767626560928,8.29698751092453
8.90296455639391,10.7196762783536,8.9166519513011
9.02075877016833,9.13422421395658,8.92339640151465
9.24250942162082,9.02843842415466,8.90975837538987
9.62122181107167,9.72376214119812,8.8818191288755
9.80996189955452,10.2125281717103,9.80285441532362
10.0137551752748,10.1916137645302,9.81602063951681
10.1273305037306,10.032504605713,9.83981508616064
10.1981090093388,9.83563301570972,9.85926281904789
10.1480598666582,11.5492806993963,10.0060474498588
10.0398952379681,10.8236282350714,10.0234953062577
10.0298599817265,11.387070483471,10.0243297887802
10.0702133168387,9.64975320471276,10.0497161860912
10.1618126421574,9.41331338925703,10.5182341381534
10.2649079007759,10.0353140736776,10.5152739299252
10.5830194383987,10.5163658643243,10.5141141219337
10.8787770553686,10.6216378092075,10.5178955188198
11.2924544121645,10.6758326873509,11.9210294912749
11.5336026158566,10.8178597932041,11.9251522300519
11.9552277653698,12.8895139211047,11.9071006515478
12.2629364526216,12.4616008482381,11.917614643749
12.5455447097048,13.2136102662684,12.7182887312964
12.5509138441171,11.5244669564647,12.7424589242103
12.4862271496373,11.1725513465177,12.7486159094484
12.438773050558,11.508621148942,12.7431516547349
12.4171243993347,11.5730963958162,12.174614078425
12.2058601067215,11.1294593003846,12.1736818026414
11.9400839869873,10.5847712701752,12.1734247780747
11.5491506164366,10.0974383787031,12.1731225934654
11.3494113049307,11.575861244919,11.0288927527455
11.0300108207679,10.6448181392764,11.0349603055679
10.7622472452823,11.009831456732,11.0269877468453
10.5070851857052,9.03999975938503,11.0461823471336
10.2931621467202,8.53381968147183,10.5128340035552
10.2694279925887,8.88465222022086,10.5067547894722
10.3051788777414,9.11396593599427,10.5030511334697
10.3479021632348,8.98261210319403,10.5045193097071
8.23155434989769,8.8272873497156,8.32587900954071
8.37633813239977,8.67386526658537,8.32328713365608
8.6536947898354,10.4906628186944,8.29706570862699
8.74326197235882,9.90066138572016,8.29631301227954
8.77857485340552,10.6091033317387,8.9137627336539
8.87775628863909,9.01707514255529,8.91772349476058
9.0852523879525,8.90910124200321,8.89709154183589
9.46058290487456,9.61242870319974,8.85435079270174
9.6605076320943,10.1140501479091,9.74708633872096
9.90667332734333,10.1453163234133,9.78928100199311
10.0648270863449,10.0027720676813,9.8284716449372
10.1961123836485,9.81310274421296,9.85400822502745
10.1550648661862,11.4989723872816,10.0035944446265
10.0042035773844,10.7426054609108,10.0226590921761
9.95597973418887,11.2806039815655,10.0243244020355
9.97823108817462,9.51765283250718,10.0502804240911
10.0941757273384,9.26990994604122,10.5189878420193
10.232320999606,9.89400838654251,10.5161505999208
10.6015893367509,10.382860915852,10.5151236061985
10.925439426622,10.4962978063173,10.518970062339
11.3648452898549,10.5798672017788,11.9223225857876
11.6012085647173,10.7391827650974,11.9265903180867
11.9783198059456,12.8385352517739,11.9091910232453
12.2496303319653,12.4355987329629,11.9205352363167
12.5088670873288,13.194511497942,12.7226058987808
12.5257501591847,11.5157344055128,12.7491439944515
12.4835501666436,11.1704780315311,12.7582693268752
12.4647705425717,11.5400804931985,12.752768999458
12.4518904447866,11.6434247413367,12.1817625875667
12.2426065955447,11.2514761761877,12.1781337841389
11.9757676913537,10.7414308783942,12.17639516623
11.5897161047088,10.3147446338214,12.1750397226221
11.4041137452416,11.8365253558507,11.0302626461877
11.1262556073066,10.9199475682411,11.0360549058173
10.8934539036493,11.264731472764,11.0280291422927
10.6688562659337,9.2409772698725,11.0471391725015
10.4717751209566,8.65751439866364,10.5137817796503
10.4312766975421,8.93020585938813,10.5076965466353
10.4051805338016,9.09721415486072,10.5039921828973
10.3982311494062,8.92270973143352,10.5054290419655
8.18120169757989,8.80427134971687,8.32845852219022
8.28944638984079,8.64481703853331,8.32594732443078
8.55892890461966,10.4592072934223,8.29930542024661
8.655410079455,9.86559788376571,8.29829974539893
8.69020066161396,10.5706703201334,8.91577502549982
8.77833678753288,8.97343912594958,8.91910206780654
8.96855140033001,8.84553473984987,8.89930265190274
9.30816951431564,9.5266263149521,8.85605571777267
9.48347967474927,10.0041803608558,9.73542121492726
9.72318530763858,10.0367694046104,9.78836951033206
9.91363219734207,9.91130992999782,9.82636645493221
10.1257871570523,9.75219974264384,9.85373540174009
10.1237431808196,11.4508291172812,10.0038420023235
9.97840506799352,10.704330973826,10.0226233107737
9.91887134965101,11.2349282732471,10.0244520012553
9.94100668358404,9.44990324680253,10.0505541301173
10.0780054136377,9.17638980575665,10.5192013451542
10.2226759439047,9.75688720468904,10.5167013216155
10.5749083285415,10.228487713232,10.5157676396063
10.8848491304281,10.3447609974248,10.5197449558713
11.317460172276,10.4353879166612,11.9232382596036
11.5468035103615,10.608818353144,11.9277617970623
11.8920220269734,12.7113272510571,11.91068939634
12.1426298197747,12.3186446102881,11.9224460216674
12.4097923195338,13.0938853858251,12.7265725656562
12.455676175377,11.4394874589697,12.7567281857415
12.4413036392582,11.1099667866492,12.7745470704026
12.4332362721369,11.4971596613363,12.7703286121158
12.4111036167971,11.6290457745757,12.1896163724571
12.1942839397471,11.2780752928489,12.1820863490221
11.9389860816791,10.8331188358007,12.1784784940701
11.602235395995,10.4491652460978,12.1766618113847
11.4736571181344,12.031132808053,11.031435285413
11.3147653596231,11.150199490739,11.0371208312963
11.168579819216,11.5060272399773,11.0289921981404
11.015068091301,9.47160508204657,11.0481732886756
10.8560927279031,8.85893873621943,10.5148414819136
10.7841191046067,9.09553533423139,10.5087827799177
10.6491723477995,9.21421695792553,10.5050945231459
10.5616193333486,8.99191600419877,10.5065572787767
8.22079167771849,8.79467082300454,8.30458983042996
8.30203116478785,8.63171289359457,8.30172757981347
8.55615660835339,10.4523530693447,8.27555313351892
8.65848721577227,9.87132571676046,8.27441023475424
8.71238250219148,10.5939401871358,8.79301953974907
8.81004106507068,8.98509293279505,8.79853626749351
8.99911691653557,8.83344002288874,8.78342094924625
9.30616402832463,9.46718881607889,8.7576635021234
9.44234778153745,9.9117621958865,9.46466095442598
9.63013222599028,9.90227520848618,9.47796210066174
9.81285394213917,9.77409780161382,9.49873773037042
10.0584820406795,9.65373047698586,9.51727535420208
10.0899777689325,11.4337905876081,10.0847663665517
9.98195480121219,10.7222006427701,10.1024313908203
9.93692281714381,11.2585723574236,10.1032337001346
9.96715723638898,9.4489010833768,10.1287202164211
10.0912166205701,9.11202339507208,10.3308978518434
10.1995039830961,9.657728985211,10.3283804573714
10.4699994297317,10.0923334668958,10.3275347424929
10.7351570569716,10.1851681865561,10.3315508091132
11.1465962686267,10.2698943718493,11.3637951536064
11.3852467560537,10.4376324781848,11.3684316999377
11.7528738352185,12.5386086548086,11.3514434806176
12.0208227889419,12.1507595071346,11.3637400654497
12.3233628775027,12.9652560440245,12.3029225828435
12.3922161330028,11.3117859637829,12.3344683198016
12.3890235901018,10.9880523562414,12.3659419541599
12.3723136300061,11.3947069971253,12.3587143645026
12.342690213843,11.548681829548,12.1289109775346
12.142479577813,11.2177188754634,12.1194612260201
11.9197374244436,10.8149169979439,12.11575458153
11.6487016857843,10.4871764447003,12.1135939039888
11.5678794560375,12.1297286578618,11.7020395451152
11.4824971676754,11.308703847438,11.7078170978061
11.3812324002048,11.7020226397876,11.699803828864
11.2599108434306,9.69934126175292,11.7191787703548
11.107022440924,9.10878567128469,11.195146262979
11.0076824990585,9.33548880324724,11.1891765310305
10.8023697253326,9.43585167817483,11.1855488333917
10.6666022137963,9.16939437432629,11.1870289234774
8.33786825835489,8.80550761437553,8.31041745835654
8.37690237049546,8.64277029780179,8.30807222319248
8.59455521346967,10.4692013785136,8.28173703695004
8.70260471784581,9.89772856476,8.2811429946925
8.79695131472954,10.6251223582195,8.80101061920669
8.92164680079069,9.00948382445924,8.80872996296277
9.11870365697036,8.82447907414239,8.79911473659692
9.37881634069251,9.4199015372489,8.78100204857174
9.44903701079793,9.81558302087694,9.49847420564672
9.53941366818747,9.77809341383533,9.50302234803769
9.69654339322259,9.6614455075176,9.5137646420825
9.98190747306166,9.59136548131597,9.52650869806144
10.0688190267463,11.4345788928421,10.0900192012546
10.0368665216979,10.7863816687155,10.1053415192157
10.0234562196018,11.3481106163058,10.1047978216314
10.0629420586639,9.52531158256512,10.1294432380374
10.1338108396831,9.15599547756375,10.3312384090611
10.152216303133,9.65680003326417,10.3285762652009
10.2504331981588,10.0397663873931,10.3277244411622
10.4287641081199,10.0789463756219,10.3317414063183
10.805632116848,10.129277822195,11.3639386939932
11.070047546397,10.2764865508335,11.3684963523212
11.4947306983795,12.3651362140496,11.3512567915759
11.7992428902698,11.9823774082368,11.3629034243043
12.1542890454752,12.7968685453668,12.3015117463288
12.2476269604829,11.1592697042745,12.3300644622956
12.249831822637,10.8718701269551,12.3437136815542
12.218101847829,11.2896953637606,12.3381856162345
12.1941004458657,11.4413922404239,12.1230670029417
12.0652200682988,11.1286917054517,12.1177398226279
11.9203520628233,10.7484299764336,12.1151872693274
11.7584012288921,10.4757609223101,12.1137810695889
11.727598192263,12.1615210097246,11.7025097526328
11.6919671806683,11.3849350153343,11.7085373267875
11.6160619008964,11.8257169980937,11.7008482710469
11.5123489427071,9.86558847471831,11.7204152958137
11.3574373419713,9.31296562565494,11.1966580659255
11.2341856538298,9.56420903405583,11.1908809021488
10.9720732646439,9.66929493902435,11.1873745161217
10.7960235137031,9.39653117138227,11.188861282941
8.40739183289063,8.8353174451308,8.31927021078949
8.41573700399879,8.6679403386923,8.3174466393748
8.59745868257864,10.4895839115625,8.29106338809501
8.70004014074243,9.91677116031861,8.28999696167314
8.80944808405951,10.6332801625744,8.81037411079906
8.94703975162063,9.00239990813398,8.8198169930119
9.14868044944029,8.79776819135969,8.81313568379696
9.38985684227585,9.37188170018823,8.7994482915372
9.43379193983587,9.75069815212816,9.51873954653101
9.49114465824887,9.70938301319335,9.52061027518954
9.64857736256538,9.6008814379062,9.52731929728831
9.9739276639309,9.57522180286413,9.5351615152341
10.099651302623,11.4804817628522,10.0956401680935
10.1159683833217,10.8776196393397,10.1088167079866
10.1210886188688,11.484131726213,10.1067589072721
10.1653550438612,9.68391763164652,10.1305380426503
10.2051472040616,9.30339975914295,10.3319334745836
10.172494164052,9.78662236751449,10.3289054459003
10.1737201351064,10.1123471461868,10.3278378311568
10.3024928113067,10.0994798904658,10.3317602877443
10.6522809803667,10.084369694472,11.3638271355407
10.9181529175618,10.1738716563213,11.3681071529258
11.3440615169997,12.2253678419696,11.3504207494927
11.6465551376472,11.8207238221145,11.3612831995254
12.0053717412173,12.6329216348153,12.2980546571939
12.1036775069069,11.0165713741208,12.323070109897
12.1066921725956,10.7419429123368,12.3301986765175
12.074627882663,11.1740144589823,12.3250580820787
12.0658511936152,11.3354630764031,12.1164821044852
11.9968427378238,11.0336902957547,12.1143127489372
11.9010104722692,10.6707745623295,12.1135886084886
11.7854194748372,10.4079640788081,12.1130887987672
11.7604782786456,12.1257222989411,11.7026890152987
11.7196435457787,11.3802947832033,11.7091314140135
11.6467777624426,11.8548437105589,11.7017826667209
11.5544273550556,9.94006542599832,11.7218991178598
11.4223979114132,9.43433085755374,11.1985698991736
11.3121145369492,9.72318111499653,11.1931722679021
11.0631051551859,9.86698473482006,11.1898466219956
10.8906275434073,9.60379620654656,11.1913784463056
8.44742740526329,8.89502959610792,8.33222178535668
8.42239941438224,8.71324408170273,8.33008735424986
8.55627458691249,10.5155624365697,8.30316979425224
8.64094774733358,9.91137578554133,8.30071123239383
8.74471294373131,10.6050357783179,8.82052041466359
8.8848428679204,8.95506092875721,8.83035017286839
9.08874779450056,8.74813909740732,8.82517788014181
9.33030317121099,9.32631778766261,8.81315283106612
9.37511795550293,9.71791633945905,9.53278053045175
9.44645599322634,9.68616842510069,9.53337638519827
9.6281828825627,9.6018814719894,9.53783618454161
10.0079283746814,9.60743001953355,9.54278469818781
10.1697136038686,11.5458737152001,10.1011671466348
10.2239112634635,10.9911596359735,10.1123640508219
10.2446265268374,11.6424581784682,10.1089849168701
10.2993111906354,9.89727331728364,10.1318320016922
10.3369167531367,9.55730197596078,10.3326497085122
10.2830680907142,10.021422293125,10.3293179616642
10.2304754072129,10.3283842691703,10.32803002355
10.3241405784495,10.2442460456156,10.331673277548
10.6330258708421,10.1352110199341,11.3635110919656
10.8695218770284,10.1324151947534,11.3674334586164
11.2366219214343,12.1203951106686,11.3492621929733
11.501316037067,11.6830583148343,11.3593500718907
11.8320621829715,12.4831758287936,12.2945677500664
11.930205003474,10.8723566201526,12.3176741564075
11.9381163813521,10.5987057578141,12.3227720573774
11.9167618500551,11.0540420287833,12.3176934681457
11.9255172038893,11.2376534189603,12.1111960606239
11.903030254722,10.9547626424647,12.111173463311
11.8359430728019,10.594471002056,12.1120017547981
11.728931700037,10.3293741882125,12.1123848557195
11.6890324883893,12.0440379093784,11.7024216574887
11.6314158761226,11.3100276728357,11.7096542702515
11.5689016724869,11.8114258285666,11.702962929024
11.5045718701443,9.93247090194091,11.7236609545964
11.4297223085098,9.47995345151576,11.2009203768367
11.3573600087394,9.8323830900103,11.1962591560492
11.1584787247802,10.0139410496313,11.1932865422412
11.0127676474124,9.77738567165657,11.1948853958204
8.47878866906066,8.96695440370948,8.57175500853376
8.40199956164153,8.77274958796785,8.57234504016323
8.44514097303607,10.5404204863912,8.54018686724328
8.48279741703195,9.89767925235827,8.53456533659853
8.54768040772489,10.5552674478451,8.71464342884434
8.67983886204805,8.88590637854099,8.72335538011531
8.8900105770845,8.68381606700891,8.71869079079468
9.17166208866807,9.29161639766262,8.70666609333387
9.26170483551759,9.71713928322836,9.64814180222535
9.41618665831876,9.71881318860654,9.64798325157682
9.65570238982168,9.6565751583193,9.65097132456978
10.1115876387575,9.67396319971126,9.65452584332556
10.3094502116064,11.6360162256642,10.6960671533917
10.3996766404458,11.1189558199279,10.7059795984739
10.4474462706614,11.8276500739708,10.7015849993931
10.5416219504491,10.1414643682535,10.7237917835654
10.6488978732943,9.86681020247179,11.288580460721
10.6259032983629,10.3571011328569,11.2848068920913
10.57072899148,10.6453843195514,11.2831864163313
10.6304051824066,10.4844997279994,11.2866277681163
10.839902430389,10.2568255308144,11.3405527547509
10.9739473025545,10.1507052811878,11.3441588400082
11.1569475686469,12.0586486369105,11.3254950056369
11.3184497212423,11.5725316705432,11.3348468540926
11.5809648173599,12.3516467514918,11.7773800748261
11.6857389509293,10.7387478245711,11.7992452313332
11.7159934948584,10.4835171697107,11.8038678323495
11.7231725234246,10.9492426734805,11.7987388900994
11.747318349653,11.1593019628591,11.7752552679533
11.7450383768639,10.8930605857254,11.7762332495805
11.6748508003405,10.5348560682196,11.7780021868883
11.520023110743,10.2516528566222,11.7794215871786
11.4387274793869,11.9331127031388,11.4674730682901
11.3688774324727,11.1934613726622,11.4752012489009
11.3502323498687,11.7041767470263,11.469160630536
11.3605521004081,9.87378341236883,11.4908364573666
11.4120304703062,9.47850881798059,11.752511991515
11.4160823633612,9.89041757306089,11.7490591875324
11.3205565696508,10.1215014361964,11.7467658173707
11.240277545584,9.92050336970536,11.748649411119
8.5316957057734,9.0557780431415,8.60317559087274
8.42329889403197,8.84449791968634,8.60003840990961
8.40272017019335,10.5872518419891,8.56160673291063
8.40643450006868,9.89834992616279,8.54718650804008
8.4457911912712,10.5164908221064,8.7239800023428
8.57647315270715,8.82617855554614,8.73161535790591
8.79745863793513,8.63338216993622,8.7262410613709
9.1185172524134,9.27477095619969,8.714276807752
9.24424082958569,9.74136944089173,9.65568163835763
9.4473526749503,9.7730333533422,9.65521485614421
9.70884865323453,9.73554389124867,9.65696456896453
10.1832536019777,9.76097240806764,9.65957636201984
10.3891553474509,11.7342286044576,10.6999260733787
10.4989856083186,11.2444289887574,10.7088930791481
10.5747347871452,11.9965310780975,10.7035853873049
10.7124729758666,10.363067153843,10.7251909507086
10.8991353194943,10.1478686907517,11.2894322118433
10.9183695311187,10.6771450554189,11.2852650957491
10.8823552446643,10.9495532612258,11.2833356496961
10.9202764156615,10.7258263732817,11.2865084222022
11.0470173027787,10.413362129921,11.3401908475955
11.0977324263175,10.2142978410296,11.3434624111869
11.1449749619076,12.0411305860107,11.3244178819833
11.2394151046127,11.5015497196125,11.3333399521401
11.4701429376818,12.2510441939447,11.7752797661472
11.5895870424633,10.6180505478129,11.796418859495
11.6410367826949,10.3758770554266,11.800841488397
11.6639304733113,10.8574858185932,11.7956675013579
11.6870523016884,11.0873757613033,11.772512036855
11.6728747778567,10.8361908247322,11.7741387929721
11.5841252615928,10.4793094898636,11.7767199952951
11.384430285418,10.1834085837674,11.7786586316329
11.2778437745722,11.8391748072313,11.4672794917508
11.2145620682872,11.0723008689524,11.4757535520723
11.2347197737416,11.5944414600549,11.4705410475599
11.2982328586107,9.78968929651202,11.4932018279709
11.4249323080886,9.45683280309619,11.756659952916
11.4688190929943,9.93000610127246,11.7549064631748
11.4305000711198,10.2240277599815,11.7552966903849
11.395137290235,10.0557423815126,11.7568809907942
8.74255225313502,9.14907805337928,8.67659289392425
8.59704619737393,8.92605813116786,8.64802912233821
8.49840102068318,10.6361840157628,8.58051829756692
8.46985436695576,9.92495078943269,8.55771167862922
8.50424890963883,10.5162378143472,8.73112302525514
8.64919993707367,8.82063431403235,8.73778729564196
8.8908965392066,8.62762506862067,8.73204660609831
9.24701291238158,9.28409093973532,8.71995269952172
9.38801370594387,9.77919412196129,9.66105118420127
9.5809708176219,9.83699556033718,9.6602447701947
9.81619427396713,9.81295660958556,9.66155098148037
10.2558178682286,9.84976748816452,9.6632730547869
10.4619762701046,11.8307043903632,10.7030890662948
10.6202076966259,11.3587163228435,10.7113696799461
10.7565672346383,12.1388858716057,10.7053536461009
10.9686828529436,10.5481144399884,10.7264260844738
11.2613014056932,10.3636784871369,11.290202481937
11.3227423973584,10.9104371778271,11.285743584826
11.2834375954504,11.1746063866346,11.2835064655892
11.2778819436489,10.9240748846323,11.286419980326
11.2949621241283,10.5606151363888,11.3398621404386
11.2541403119536,10.2957273902001,11.3429023988821
11.1713230991459,12.0605085866638,11.3235146772615
11.2130196414818,11.4612520599183,11.332019968447
11.4380670284097,12.1770218349273,11.7735622888041
11.5823010919338,10.5318610263434,11.7944920627031
11.653721780316,10.2862583379867,11.798684616558
11.6760374418867,10.7775720806863,11.793561697439
11.6894653910982,11.0179153947752,11.7705948936781
11.6664642821475,10.7738856524278,11.7725972749844
11.5685569646143,10.4213620071776,11.7756358897081
11.3373731005479,10.1180984054183,11.7780380133617
11.2122585879286,11.7620357582801,11.4671838013719
11.1647378157589,10.9840939114045,11.4760874321855
11.2263556387507,11.5156357910804,11.4715622264556
11.3380415424466,9.73940002436213,11.4955123027973
11.5164859549734,9.45642687063331,11.7610921909788
11.5813998785151,9.98812101532322,11.7630553338315
11.5851155234122,10.3333744614475,11.769415307944
11.597894764913,10.197732195861,11.7722591882666
8.98166730743784,9.21481062005324,8.68412167930899
8.82017267868754,8.99037915307991,8.65694731632485
8.69027663092591,10.6952178949075,8.58439036703057
8.6578248714695,9.97612792879788,8.55963860215285
8.71021501116449,10.5627652150169,8.73436048841926
8.8680745127199,8.8559827203146,8.74127881344429
9.11487616270922,8.66332461382634,8.73568067700047
9.45939760600102,9.32579650892421,8.72386287277549
9.57643985116767,9.83120069755308,9.66495286144599
9.70675671488207,9.89839379517082,9.66407267214021
9.8938205465839,9.88134230716959,9.66511006009446
10.2899420537456,9.9254533599489,9.66621826799961
10.5015780969772,11.9104743851496,10.7056310261234
10.7115348602003,11.4483574355341,10.71330784664
10.893195275677,12.2380505722574,10.7068484264021
11.1446476337824,10.6666915386096,10.7275154853677
11.466741894799,10.4901200758954,11.290993378352
11.5226866518121,11.0321272251258,11.2861606321582
11.4446636255652,11.3008689901609,11.2836785437685
11.4052216020308,11.0401294917728,11.2863806859412
11.3778560772417,10.6561994136683,11.3395900800078
11.3150641733697,10.3627171712649,11.342376972493
11.2121486981949,12.0965237500714,11.3227557084583
11.2515437909593,11.4611760308801,11.3310280317195
11.4862119428785,12.1369420071863,11.7723306059904
11.63429665205,10.4628770895472,11.7930266618847
11.6993723638537,10.204753621823,11.7971176274367
11.7021546855734,10.6922867967698,11.7919461943032
11.7131753212913,10.9441225334838,11.7691893750002
11.7160599818058,10.7112553876009,11.7714625205434
11.6428418347422,10.362975466104,11.7747521169359
11.4327139162168,10.0642405506081,11.7775239827332
11.3104918246296,11.7090431751221,11.4669275912605
11.2681845159104,10.9447410027599,11.4763076801545
11.3370561187364,11.4942354285175,11.4722498279453
11.4531761256461,9.74634850311927,11.4971305180901
11.6251000745196,9.49369032815798,11.7644575313379
11.6825186750597,10.0721614582348,11.7736758454337
11.6880888353529,10.4492759776865,11.7908311872907
11.7141137769301,10.3350235637394,11.7905581968397
