"truesurface","",""
9.89914021605815,11.837580028745,10.8155623459705
11.7259205299851,11.0474093898063,10.6775481278105
13.5789544373282,11.4687983042967,10.654701375487
10.3936636751941,10.5532171804048,10.4420354486894
11.9313783551615,11.5658451362206,10.4836188481469
12.3758300996079,11.7379763632104,10.5738134826106
13.8314688529434,10.9736644286932,10.579366684138
11.8654616619762,11.0437681383668,10.6618445116665
11.5918440376731,10.9658494753658,10.7005754003601
12.2793416563704,11.8263601700519,10.8253355590472
12.1171494442761,10.3446784287805,10.6468475819958
9.80753374715947,11.0258293119958,10.7260733086962
13.0818555555648,11.4775713276725,10.7730146980332
14.3073130603084,11.2533677372668,10.7364258095215
12.2573516485261,11.264705322142,10.729505114798
10.4841343884446,10.6207221383182,10.640451531618
13.0642082188169,10.9035857035947,10.6608814746163
12.7328390788831,12.0192271613245,10.7795923408473
9.43696261390673,11.2931400209591,10.6837274646111
8.35422545503834,11.8569751742574,10.7483484327355
8.19708642296199,11.2611739510894,12.5261984402175
12.1698838066117,11.600663020688,12.5836301536594
13.3163503457465,12.0856894701305,12.6612297848774
11.9500172696705,11.0600718022836,12.5595360894197
12.1794973849952,11.5958832326638,12.6771698860039
10.2721346826913,12.8966971083451,12.9029535190746
10.5704597230799,11.6408995661642,12.6804497037553
6.80490718824827,11.7457134445337,12.5447856687215
11.1402550653853,11.2689771506023,12.4085853600643
11.3825496793104,10.4485250230547,12.3017564520878
12.9634433133167,12.0950331077225,12.5158441629549
15.6086612261189,12.1464095646273,12.5073456045553
13.8514136878072,11.9394354719682,12.4137828707696
13.2334455629019,11.7544499952862,12.2356920731631
11.887918085548,12.0442128051604,11.9986199125462
13.9682676777228,11.0574221046708,11.9531717532805
11.9987772648365,11.0076835006331,12.1058225342583
10.3306678052499,12.2247979734384,12.5592114828214
12.6296799889049,10.5213258550932,12.5531702720833
9.24473392075408,11.895554968389,12.7287707797472
10.137855000555,10.3657734764219,10.6434983040854
10.5869326877131,11.9922907024072,10.7841164949653
13.1344155978764,11.9497941625428,10.642538449992
10.5751126489879,11.1479449369645,10.303454835046
9.16987644851358,10.9197392274677,10.0897960843707
10.0674850368659,10.090799430779,10.0825936053949
10.9569652730861,11.7358691662656,10.5906116168563
11.0091625799677,10.3020848316605,10.5486806522749
8.53097163644421,11.9922243349933,10.8261126415302
12.8535457885108,11.7954242589708,10.8223304790176
11.5655872426641,11.6412840148428,10.8053278705206
11.3891279037097,10.8911937163371,10.6988738998614
15.3591059321393,11.8228461981828,10.7938649437758
12.0425762091557,11.4645495176393,10.7285961604809
12.6851979098416,11.1857351051807,10.6838848081651
10.4751603935924,11.2885323719851,10.6778885977242
9.39391337763577,10.6925026147678,10.5797454033363
7.84865376226285,10.6215508162234,10.5309795736913
8.47468538718919,11.1664690191531,10.5747868614379
11.2492953506446,11.3679155025874,10.600746053992
9.72020557798583,11.1722208760973,12.4425512567098
10.3323241179078,10.8727666082145,12.4446732362881
14.2726192451977,11.6647059469095,12.5776407919623
12.2685730806172,10.656950931249,12.4739472966153
12.739213958892,12.8223180044471,12.7627053653549
14.4124300802256,12.8325108873241,12.9383137819362
13.3138360320404,12.1640650714834,12.6444639536159
9.11789836212282,11.6923608713697,12.3075436981366
12.2774714534339,11.8775299366354,12.2375069495837
9.75419133756192,11.5025384171501,12.2326514695638
10.8974233943608,11.6012932110441,12.3173671865262
15.8547141085599,12.1574706941275,12.4136992825589
13.4843793045889,11.4176737112788,12.24746649478
15.112449420913,10.1197912027432,11.870984772799
12.8535896891654,10.0199788787495,11.5672071149089
13.4629908586569,9.84741475570043,11.2929113812252
12.0701687602315,11.1014005872103,11.5199105999682
11.8222478991095,10.3963812847583,12.1523854057175
9.44638065716071,12.3781397783739,12.8571190359229
7.62815047107212,10.9840917623998,12.6036702760339
5.55555822624566,10.3328538613044,10.6860698949604
7.82826600481751,11.4913300832309,10.7834495177285
9.78967512150771,11.7480188176543,10.6354412024925
11.4705465601667,11.3171658470217,10.2794316128365
10.2561384040929,10.8150640920511,9.70634575612267
9.5733311323607,9.9881866993559,10.000934095775
10.7200071224985,11.7019572672029,10.5688357050178
10.8679339839532,10.9396766593304,10.6403508260624
10.9433422431241,10.7285870742813,10.6868685606131
6.51717826423956,12.0431399452535,10.8674725520018
8.74556524814119,10.0512628988455,10.6084860756702
12.5806514673744,10.6594512390446,10.6468552568477
13.4313592044474,11.6307874475553,10.7152788808545
13.9899256241556,10.6982176019735,10.5694217400974
11.4924630815759,10.6134892164141,10.540449314812
13.9520192851262,10.7826936224029,10.5437444958114
15.5087662607045,9.94671633772923,10.3810806071785
13.6927967297497,11.125703415872,10.4386841817766
9.15632425018617,11.5279881232,10.4138908433016
12.2701999213748,11.535381728112,10.4193649872528
11.7526524922124,11.6798654489223,12.3582574045046
6.90204588298218,11.1449409545904,12.4102436865728
9.78590359187485,11.8011052932937,12.5535639711742
12.0881072587365,11.1493844822377,12.484328486705
11.7748119620916,12.491277821642,12.6172011075875
13.0832623322834,12.6859493122924,12.5248070629957
13.2166815484342,11.3819682607866,12.0652700069312
10.7041393213223,10.8244191688911,11.6015733786129
13.4426046744195,10.6739763462906,11.5610266297054
13.1839721378641,11.7118561493636,11.8445355762957
11.9565044436331,10.4136411906834,11.9128513621642
10.1005959641045,11.1282657008994,12.1680471337815
11.194227310813,11.5197365355548,12.1674386015508
10.8400370979925,11.0758802128835,11.8111011162721
8.15430127637936,10.759728564073,11.3447484419076
11.0305699209474,9.68035725121574,10.8350820160894
13.4478799062995,8.88203853311595,9.75358767190044
11.0448979033142,10.9720600879835,10.8806773274526
12.0915372513169,11.1263493200373,11.8883625613999
11.7782543391577,11.9764132751893,12.4633236608919
11.1832188022321,11.4199059753429,10.9225038757323
9.87207185969742,11.8560627041187,11.0629266409893
14.0290784341632,12.3413967413884,11.0988859605626
13.0639945515102,11.042128689684,10.7714231433103
11.7036037253628,10.9633748695855,10.5335460937676
9.56302340489028,11.8424309153393,10.5551326253063
11.6428981319544,10.8792517765738,10.6141467123566
10.6643232185705,11.374737091869,10.7547703717725
9.47410953243336,11.1219643963976,10.7870850609815
5.05516658679893,10.3472330413645,10.7050024956458
6.54181505403513,11.9269327518942,10.8447128568182
13.1476738947592,11.8927328428044,10.7639347806801
12.0174327776547,11.5519297378785,10.5934573569838
12.5773287185109,11.2920372147426,10.4800642494039
9.98223998385955,11.6088605464505,10.5247748096535
9.57833884184195,10.700416069135,10.4101529865096
14.0498988320396,10.5221967959353,10.317163278038
13.7271862748918,11.1520969740223,10.13537699012
9.74121095204895,9.05148348326913,9.64476993122009
9.50342535041755,10.6267497877347,9.84144095654545
14.6810689086554,10.0250267617752,11.9455904133763
11.3349360285988,12.0611598594545,12.4543332941562
8.0678929392939,12.2875682668944,12.5815436829031
9.45332367769082,11.8256576365641,12.5337168459889
13.241149877411,11.8703608315998,12.4569654401431
14.6296237834173,10.8271893771912,12.0490070308545
14.2582869284683,11.4552967287453,11.3857900077217
8.52908513085586,8.99315169273198,10.2202274909818
12.3725981406698,10.6876625083347,10.4418351268498
11.580107178079,11.2803245949401,11.118602873386
11.1103041911173,11.6002998372049,11.7503582615113
8.6325242604925,10.9775924737955,12.0230829969326
10.1952426687808,11.8975297999339,12.1957136800146
10.4948562228712,11.318397431392,11.833083075053
11.2731449201801,10.5686862638066,11.1508358578325
12.4477263609303,10.3721604507003,10.9087070796181
16.7607778602945,9.12890622136448,10.1983872843844
14.1541570844476,8.83870334079697,9.9739075090908
10.7790637784473,10.6790163967065,11.4796922955647
13.5499838395739,11.3870928990683,12.2195602673527
10.6816882163739,11.5625890590629,11.0910049583877
13.3091924204458,11.5835198344561,11.4187511186163
12.4663860092169,12.8861369088454,12.0511633134037
12.053132570856,11.6038516399339,11.8059979246657
11.6095160533724,12.6564556042689,11.3721656289048
12.0300416923163,11.4936897979173,10.8558782151601
13.7554807497052,11.3550551783942,10.8015780966638
12.2335767780101,11.5473981397889,10.8903165776311
9.58752827396388,11.9682846090722,10.9892021190695
9.31273174204751,11.5593416979664,10.9325260043477
8.64887110418711,11.5066983359781,10.8473269410856
8.48318736783926,11.8484630313702,10.7095281627296
10.4026307957079,10.8599579945782,10.3305362090124
12.3149363754587,9.37982349588711,9.91450884188404
11.0319409025889,9.6151794215417,10.0649949062443
9.57767417165908,9.78934169116726,10.1661246228908
8.61697375808026,10.9125746320024,10.2095715865026
6.1233853444267,8.86754293691847,9.51879547370421
7.15807688258278,9.790975531078,9.05587532804834
9.02326701324612,9.04374654377087,9.1028294565254
9.80538156473935,9.82625455099645,11.6941289217166
11.3268540465359,11.5919784924083,12.3899624488297
11.1565474982727,12.0440220455791,12.5478415712019
13.6819693213107,11.9282562021005,12.5225216173952
12.6034527576739,12.0457878442671,12.4649967085677
13.1652090972441,10.8215571713447,12.057381928595
10.0092400391893,11.1834429253301,11.0314898830891
9.56335047300252,8.19345251030466,8.68417763223465
7.47643553940472,8.45031769070932,9.18663865590469
11.9397355515263,10.9884118175023,10.5973087496793
10.6708120772739,9.79938587869419,11.3790947664575
7.08734397319545,10.7427071607056,11.9719135308234
9.98667751349526,11.8132020318391,12.2349384005103
10.9237585250565,10.7913742096475,11.9895423940347
7.7634094930776,10.4862928423353,11.6901122048367
11.5300906186205,10.3814508948715,11.406029881831
11.9822231656424,9.41072079810947,11.1485439758371
13.0143538528999,10.6508595880821,11.3095619455157
13.1155453828269,11.5668093822816,11.9057878438782
12.5697513452974,11.8567507773358,12.3565340159086
10.547048772789,12.2744122749231,11.2376022548612
14.2781973884267,12.1156128371082,11.6837788669407
14.691560277425,13.6590895429556,12.6816605292019
10.7691709654489,13.4313266003705,13.0781588512359
6.83344863922558,12.8711446078845,11.6733931602529
9.61485448793194,12.1487087926682,10.9161729650997
9.91474845300666,11.2817889746325,10.8340020732545
12.0101859938176,11.4476473917907,11.0138633287809
13.4208454191876,11.4291096800668,11.123309286085
11.7433267633102,12.2186466963033,11.218467428035
13.4947212533225,10.5689766433849,10.8979118518874
11.000595750651,10.9149479986477,10.6558338134099
9.32488058395976,10.7284500479517,10.0708992938436
7.9417554188398,9.77723374007209,9.31878179745536
7.30372016334715,10.3922045970262,9.91913293753645
8.30619773588453,10.0793269025939,10.1760474710441
10.3441209321864,10.3015634401732,10.161668294278
7.29942942971473,10.9234945040257,9.82329722527848
6.07316100596999,9.34675513651583,8.90116812453042
9.87009709207569,10.785043101436,9.47338479563254
9.64798848128234,11.7110215275877,12.3587937193184
11.2559255716405,12.2398980227125,12.7052256588359
13.2640580177947,12.3788375417717,12.5999170268426
13.0969971791434,11.1402956453054,12.3720619875509
11.079884548648,11.5873228683513,12.4624927757482
11.2948465528041,13.0230385031786,12.7081725351982
12.3382627901808,11.1193301454462,11.7858363559112
12.6059460692599,10.4023734438682,10.7313191909306
11.3940591438699,9.60688142792821,10.2206347765971
12.3815633809476,9.43833402257503,10.7375759395927
11.4603241363461,11.7740744293038,11.8504769650624
12.9705266570196,12.147913143744,12.3206733198139
13.4937459229721,12.0039062217538,12.4171592902349
11.0442707398521,11.7663426900168,12.342161061385
9.0292003597472,11.9130873107725,12.2106589266362
8.11122528908241,10.8387421271642,11.9154235609657
13.455903344919,10.6787425383881,11.8429640745244
12.0559551284488,11.7176714257784,12.0836982400904
11.031623160624,10.0788492592926,12.1061824433513
9.26314583636968,11.6967594382835,12.5022362664489
11.8512784701281,10.7283466671323,11.0057930429974
12.4854564977063,12.8367355503648,11.6152080857697
11.4392090450639,13.5409770666337,12.1832937026375
8.99514660185626,12.6946670873472,11.7909588730917
9.04892094775171,11.5385035587315,10.6621524054582
9.51188698455983,10.3017578113901,10.2406061675346
9.05834789129409,12.002422690714,10.7655399485328
10.3488159577837,11.0854684546295,11.178225373088
10.5000584903617,12.8429490086862,11.5714783792233
13.3540995451452,12.7144188916368,11.6973162204594
12.2830797190889,12.3522659433385,11.5085013059329
9.98223442463424,11.1675492294441,10.9918864114066
10.6296375197649,11.4334273527952,10.4359494051941
9.25607641878236,10.660949242757,9.96544877223807
8.06608741100393,10.6454351127279,10.1949112884127
8.97572265813807,10.9220351783531,10.3823139284855
10.979131415048,10.3875645059698,10.3683005011858
10.100539756568,10.1985302921922,10.1973447436564
10.9281512695733,10.8752352197107,10.1887536933894
10.4150384499553,11.9899213691804,10.6266320217007
14.0305875393004,13.5481593110884,13.6313640163099
11.7805251276342,11.9172228630771,12.8213827138663
14.8394424457689,12.0145980908026,12.4471259467125
14.1754932472867,10.6305597115974,12.0710682760244
14.4788087853103,12.675349849452,12.4842435836507
11.0833353260463,12.2925784412682,12.658527432764
11.007210229582,11.8163812685482,12.2980823630487
10.4336500173457,11.3140835184954,11.8180243689173
10.6924043540716,11.4372979800963,11.6623555611254
13.284136237882,11.2284354768747,11.8283996960144
11.5653343380117,11.6316944839352,12.2523967023821
13.6488530297624,12.4292708327701,12.6229725018942
12.9040405612772,11.795078294044,12.6490955695763
12.4068107479242,10.4734927903483,12.4169817839344
9.28373811253391,10.3641920185995,12.2191687513481
10.1704546530979,10.2342527137852,11.989043039753
11.1381726287817,11.3911057640221,12.02822225518
13.2631401198593,10.1047458511563,12.063489863234
10.1558310639207,12.0823629611806,12.667893360645
7.49518196057791,11.0137389316802,12.6570637274573
10.7843498716659,10.4336376664913,10.8028124157138
11.1570485806834,11.6797660636264,11.0264197552
9.87928000863158,11.9209514940815,10.9287171760188
10.5727634030209,11.1929526588598,10.2689485080169
11.5286819855253,10.390140337697,9.3287539583917
9.76854297437274,9.32308990550796,9.26426343305329
10.3175244811691,11.5251181479548,10.2978704394839
9.88282657593243,11.3784813582044,10.9806510257091
8.6620835173769,11.6804648221007,11.5471367890985
10.9146802525402,13.4422970996128,12.2000665085365
12.5803875877655,11.8144801367456,12.3004647078159
10.8958515014161,11.4935792155697,11.4844867030245
12.2618182292815,11.9337466613372,11.0456896794589
12.7631980634141,10.6781299719691,10.5903146020452
12.6883468060074,10.5448052601241,10.5231227837599
10.7180710495974,10.7535743901036,10.5881203695333
14.2413615409398,9.9952647008374,10.5344222940257
12.1366208320864,11.2694133895201,10.7216167449324
12.2749398001332,12.0067248375862,10.9148309642858
13.1896908062716,12.8308508908681,11.2407865181426
14.3515364449118,13.1225971221472,13.2415359170301
12.7156477473472,11.9918811390318,12.7499618771122
13.610188082817,12.0383508725266,12.2091452515083
13.552605534589,11.1151016835787,11.7463602433539
12.0190120635858,12.715417305547,12.4473030817078
8.59511353164927,12.719791274576,12.6096092492411
10.6927857335783,11.6530831185961,12.5022832568829
9.85074591542321,11.3555385062445,12.3260776196856
13.5404211709431,11.0903840010641,12.2034033814288
12.8396945903481,12.1314791033246,12.5144220161201
14.3351249424674,10.9810919476432,12.6257435623421
13.8890653660459,11.9627561456308,12.986204005324
12.1655873367449,12.4634473334032,13.1133709613056
13.8025685818539,12.0084256354825,12.9064856200808
9.89505386874052,11.6323911901955,12.5191945553853
12.2481203776623,10.471083308173,11.8775753817748
10.8488528659535,10.3176692129961,11.4029349338202
11.3146039114986,12.1352054159257,12.2397998770341
13.0508889344542,12.2519853450165,13.0645998413573
9.25772425810273,12.7266520048107,13.2012807805608
9.15135705760057,11.2112949196835,10.7376502179984
9.2052011226592,11.3621806861049,10.6421446130721
9.4043905190475,11.3291304271795,10.221884860565
11.5519250149789,9.18422589883597,9.03211288250088
11.0145352913511,8.09634027557287,7.61544803784603
11.7320447013273,9.9922176494964,8.62556189457594
12.2281902215023,10.0921038504576,9.75617960789571
8.21653618127549,11.4284804594337,10.7591837864758
7.06217693876382,11.851599743521,11.4798570030686
10.497832949346,11.9440107891926,12.2488779390739
10.429477450056,13.9230423881249,12.790311998806
8.89541617738131,13.2449251512154,12.1280028658216
10.2690067874894,12.471334646756,11.5545390650935
14.6530696267767,11.925475902253,11.1663005117911
9.70846174378586,12.0166515250712,10.9933797400829
9.71821807111816,11.0229770625877,10.8051164009208
13.9938060358411,10.9026683722677,10.7975833078965
11.2493815073536,11.8750201868159,10.9977264409297
11.4944111285519,10.2023817893773,10.8826183636764
12.6412052526837,12.0249478471557,11.081231505556
15.7448906000097,10.9424144489223,12.7391823748588
12.8709215673735,12.5815346186706,12.7311328800978
11.6192357258271,12.4950492911487,12.376092369392
12.9816311370098,12.5736353679537,12.6325154107465
12.316558227265,13.1789694335983,13.3217002307752
11.5218381099466,11.4069228681454,12.7254303041139
13.0457427932936,12.4610292822194,12.7332612346104
9.04622357433941,10.7672540660951,12.4848989474616
12.3415225927159,12.3886493695356,12.6906745554993
12.3663772728891,12.4545798489294,12.8829513497511
12.3090329299762,12.9141834488482,13.3164798767943
13.6458036349475,12.9756008558385,13.8060611321907
9.10075182284228,13.5994552286514,13.7729058981237
14.5651749626285,12.9517208285506,13.5217554779837
13.8360149304074,12.0686592640279,12.8745022411722
13.0009195833157,10.9845330946607,11.6238796795369
9.45416072412678,8.99622376471915,10.0132473624729
12.250384541587,10.2271349353278,11.3131787158547
14.1947845168381,13.3077161441139,13.9226434888439
11.1733656695041,12.6149659911416,13.3533720307269
11.5279391125921,11.1019077941184,10.6518365072927
11.0273704404107,10.465940231806,10.3722336356308
7.14990735118988,10.6178985618494,9.91365031562932
3.1216097136666,8.4346094378686,8.73501856818995
5.56065613127164,8.51859745165686,7.17237422402249
5.78062755491127,8.90655470185102,8.19683280561869
8.13525199974517,10.3234677773974,9.74607496069379
12.8388051216221,11.3231119439293,10.6731637778972
8.7415733016341,12.3836888310073,11.4222404207833
7.56631936779313,12.7190106712862,12.1092030172688
12.4811795241767,13.240356189785,12.59905756755
11.3947729108251,13.665088361304,12.5648865117726
8.84354622787779,12.5527966466666,12.0797895318958
7.2037836885918,10.7734646946509,11.3765039771538
6.89919840569104,10.5061427289287,11.0248567236473
4.37878115675873,10.418512341178,10.8629252345664
10.050778955803,11.595542623127,10.9553980028184
11.6213125674122,10.1132039932241,10.7875747181027
12.7888297950029,11.8096854430158,11.012383936161
11.8599571007907,10.8323462777054,10.8615123338218
13.5814212234581,10.5765875931746,12.619052522467
9.8541764887226,11.7643131465182,12.6674935016534
9.07424077864579,12.1810338412667,12.6382327191472
11.1232993816148,12.3584697036368,12.8166629698645
8.20426080188068,12.6945945530277,13.1046723726445
11.4595474855635,11.2422112480035,12.7863811245317
11.4655971860276,12.4063460178076,12.8252153470985
13.3840838685716,11.4094566769651,12.6672235456958
12.6914702287557,11.1795001007648,12.6717933000644
10.2804737138436,12.773494835645,13.0427079772974
9.58515060409477,11.3866794013001,13.2282283340804
14.884339460013,12.9908655093839,14.0081133866594
13.1348305681559,14.0400851689136,14.2799844080604
17.5244336312554,13.4393084297751,14.5099355187637
18.1411769546845,13.1842845116792,14.2521301694083
15.8610109097987,11.0495689723609,11.9734784500086
12.893554236664,7.57095952420969,9.08318219300884
9.8148638655211,9.86767205556983,10.310738586469
13.0146715787947,12.3517345627304,12.5101767636661
11.1324881731741,12.6054341453474,12.9840694364985
9.05471210742099,11.7070068315584,10.687598236859
9.69634965527956,10.7896196394451,10.4347199178425
8.67280882687029,10.9320774494702,10.1324626421401
7.43177028809177,9.61856581522167,9.50900936243636
9.07266386627375,10.2015793505228,9.09882645224268
10.592677106788,10.5526877525782,9.36466271670689
9.46860222076612,10.4048939105205,10.0128565629948
14.5683849198462,11.0486648721456,10.6969228000325
12.5716643851954,11.5269758168066,11.3131795659506
8.31085176523652,13.0522359888342,12.1230658290608
9.56399706294014,12.6089987133813,12.9860284949705
11.5360480715403,13.8229603013458,13.5960023605052
10.385417372502,13.5464786890007,12.9397480024654
8.10437167589214,12.2952874505918,11.9035401786164
10.4651242572909,11.7614045066002,11.3597291272004
8.77960967272406,10.8458211069257,11.0019050212371
11.9199938014154,11.0141656470067,10.9115016143188
11.0093506781267,12.1141620777439,11.0157128298604
11.1127987220298,11.4101935546644,10.9170167602903
13.0705772564378,11.9926499684651,10.9630888490709
13.558049935011,11.4132233999221,12.7055749842441
11.8529728765128,11.7515248856125,12.7053130308877
5.27612787949867,12.2176221642595,12.7499171834928
7.92683877970329,11.1738851650651,12.6740494444771
11.0191484585902,11.5154614314012,12.7844382604919
11.1789034588704,12.5181867211813,12.8894353630142
9.69796638891637,11.3340423264597,12.6953786657777
11.7298410950184,11.7522379691218,12.7417158848888
12.8120872391192,11.507814678567,12.7493436903378
11.7008256342655,10.914653418279,12.7910032201518
10.4205518125492,12.954462422012,13.2948834076036
12.6283107347751,13.564907971858,13.7506061309328
12.8916523992259,13.9609969245944,14.2862236530623
16.4608400392969,15.0026490215364,15.3513809972091
16.5255748994932,15.873044621835,15.8070204571448
17.4534888985812,12.1275709122452,12.9692597425968
12.0084354535951,10.3298688845854,11.2448475942076
9.87593680887505,11.4902696529887,11.5845170816189
9.1653559724679,10.2526884995262,12.0680364891052
10.3683713307118,11.9205189347159,12.5846182084066
11.3217425258963,10.2079218719136,10.4890743945501
10.6735689473355,11.7579780153595,10.5956276421988
8.28910365753417,11.6136301818641,10.4103572366385
10.588445829836,10.8742900689416,10.1823075389315
10.7992444945043,10.6953336401023,10.0152391110758
7.82499777345191,9.94684661170073,10.0566269333015
8.66480357665941,11.6085735283508,10.5249560571436
10.537280498183,10.4507018913255,10.7520165040986
7.43869115746978,12.5331989289985,11.4281844998687
11.1323323346979,13.2223894645061,12.3146871322613
12.1118991699909,14.6504389199809,13.8574978543229
16.4327616575149,16.4975768196365,16.2620877468078
14.6570769836357,14.5303811840433,13.5699169373121
10.8432759103402,12.7139331144453,12.0886366252131
10.6489917256796,11.8025565272987,11.4188329713637
10.9097789690843,11.6152250042811,11.1215024867868
12.5117305206169,10.9241711211721,10.9218470754141
13.3735681410297,10.8500480990988,10.8650880004569
10.5484114253937,11.400514577016,10.9063285943343
10.0884759987394,11.5847725577701,10.9052947653535
14.1908608630612,11.340140089552,12.7029414204738
12.9195050578989,10.9872248786475,12.6352039792692
9.70411448182377,11.6862734900293,12.7148514343929
12.3125611583753,10.5328152306388,12.5904388462088
9.88646807084556,12.3262771714958,12.8239345734595
11.7154323520585,11.654155934163,12.7328390137054
9.90638847449412,11.5898966381722,12.7108858638653
9.22093454767274,11.7375124260306,12.7269455872144
9.42974000538107,12.1879525837697,12.8203989235925
16.0160141850281,11.9372047235582,12.8779408558676
13.3465336813976,12.1934609483202,13.0561362895975
10.4093893461201,13.1028865092239,13.4328207131923
10.5232825518475,12.9550352996016,13.836198700257
11.0592513024816,12.3321974832525,14.1947322800616
11.199293888401,12.5470219464379,14.250108681383
11.7058059169493,11.6892792758178,13.2936041388263
13.1895540277087,12.1955330689519,12.6485153305887
12.169075281301,10.9261622220684,12.5856763921713
12.7805961840934,11.9233889795771,12.2797184501633
11.8692653867428,10.7585144535943,12.175068197139
10.6121999903806,10.0830083042521,10.4203557357515
9.93532302975073,11.1749738937905,10.5399616606006
10.5563779301738,11.4154375396604,10.515547800101
10.8000496526926,11.1896382538485,10.4465013903802
7.77402257086736,11.247281357665,10.4558216573011
4.68657202822487,10.1958694378344,10.398579324987
10.3011449759666,11.7724490431278,10.7440609494675
10.1763215843644,11.1014514648626,10.8775042619634
7.96701626595187,11.1526017715959,11.1824135022425
7.75711934096291,13.0359984673225,11.9344318004631
11.0753027467765,11.9506780877466,12.5768962592956
15.4647690258621,13.6427823561671,13.6728514477386
10.5684854235474,13.7160030579741,12.8805135864128
11.6549350381769,11.8481305255299,11.8226261474673
11.0960550089607,11.2579608667402,11.2922917567029
8.18637514478484,11.2129285955956,11.0756438626823
14.2940167661032,10.3479523915669,10.8706562970483
14.2946259705725,11.5881425931212,10.976297230495
11.6643154106452,12.0432127083597,11.001628982506
9.72715870714824,12.0105826479035,10.9742809214156
11.3394867366062,11.9821657674681,12.8036556474586
10.8557122328165,11.2758731718677,12.6962511421064
9.39446641092821,11.7955120948087,12.7477484958112
9.45092168069471,11.0049583767176,12.645008617328
11.3274737385856,12.1209650538072,12.777064028344
14.6405681383365,12.2577871502075,12.7837514135973
11.7802366081316,11.4110929227376,12.6701526853798
11.5191883764496,11.431422124209,12.6722437433616
9.3715961344886,11.3362843782234,12.6868289589096
15.7248504693944,12.2487691023258,12.8584144896225
13.5059724028149,10.9015061730021,12.8000045123327
11.8137211183119,11.8074853008714,13.0788850133403
10.683988141045,12.5989593025515,13.4212549727492
9.7232938559991,12.763964257061,13.7100285521784
10.2937789610045,12.931849281472,13.7986637576464
11.4393997198193,12.0748378290281,13.4432851570895
12.5878839134695,11.9813026062884,13.0127814372354
10.3508195399911,12.1453116880306,12.1222911488483
11.0056862785789,10.3422397184476,10.9585599949422
10.2599443964835,10.6206007285082,10.8291942233148
8.10456954257494,10.9482610309077,10.3711693722516
12.1587184897396,11.2225573783376,10.460226055629
12.0912703228187,11.6241990124989,10.5760542947615
11.4953046704572,10.4565816509406,10.4850451910437
8.00281615714609,10.7487964825106,10.5633144136737
8.8368566897378,11.8626800344762,10.7549150055026
9.73792483521679,10.8727742629601,10.7223239525724
9.27529995894177,11.4518939151148,10.9235612471731
12.3840933540949,11.3534210702945,11.1005370850466
11.1785947083291,10.8823558965617,11.3203021258491
9.727500557156,12.8812582653445,11.8793375586718
12.1201832275956,13.1830746641615,12.136606083021
12.086138062741,12.7796844772906,11.9131035825705
9.3539028086089,12.2545284714176,11.54413093203
9.10154459196413,12.320985385212,11.3381059709347
10.485039354347,11.2789678840985,11.0783882562281
11.5594332342458,11.1389606144056,11.0044474462112
11.6284271296892,12.0634097747559,11.081421181884
10.0796350716805,10.2198230249284,10.8315957392032
12.611717984002,11.7105905300784,10.9851466217547
12.2052017298668,10.5212305049018,12.6742335386807
12.6667440279015,12.2214646207279,12.8500512553811
11.357668995897,12.2986279001577,12.8379030786828
12.1009598081296,11.7499826624332,12.7515858458853
13.2594361921411,11.7434470432334,12.7307290092863
14.6466773756189,10.8931328900042,12.6043796721492
15.0581045966209,12.300325736499,12.7564182724069
11.8392583126938,10.770927000973,12.5647507061581
13.0547401975874,12.4043412601526,12.7852093705352
12.42246541206,12.2119833592368,12.8079470905506
11.2892492169324,12.1447521795096,12.8785374315609
13.6458276948458,11.5757909933024,12.9353186244111
8.31395363013033,12.8006705748205,13.2819559815519
10.5031543671217,12.8649458770902,13.5584840932469
14.257061349493,13.0382574081344,13.8660646917687
16.0182678569654,13.2956668916689,13.932191304249
13.728430698044,12.5211118518624,13.5829681177776
12.9372304374639,10.6775541008842,11.7644960824289
9.14168387717555,8.89673541981435,9.50548777913665
12.1452171499371,8.59836114440506,9.14500713491641
9.32132449938813,10.7052581686933,10.023181476871
10.0848398049608,10.3814157204903,10.156014006926
12.3319644127647,11.1605746785979,10.4693536063137
12.4626832468363,10.0020428911339,10.4430857726254
10.2618970637576,11.8153567611492,10.7405186960452
10.0500824607203,11.2007544250749,10.7236621023406
10.0202954731285,11.2151903544515,10.7884267618199
10.3147607964587,11.4416321937991,10.8934263957825
12.6804055953701,11.9419638422305,11.0584763325402
11.9752312486239,11.7082839520959,11.1674133895004
13.1960097778226,11.9072765446975,11.3294509230118
13.870438845075,12.5349461374592,11.4814234985526
10.2396489673573,11.7908842280797,11.3542900290221
7.68166001496721,10.5064451667793,11.1398343410602
10.4619292892733,10.4982661292247,11.0444062223671
12.4867008416215,10.5767880907834,11.0358591640502
10.9639317484017,11.8353450713972,11.1875853238399
9.79463843580649,10.3182349017184,10.9732417859636
9.36489510081109,11.9252544435577,11.1409173038566
11.4899038633759,10.8029952561873,10.9679649571579
12.5508813253527,10.4892679654746,12.7652212865012
13.2214582530681,11.6831861967253,12.8606377607233
13.4266491305462,12.0499138404713,12.8627950582124
11.9565790854138,11.9351241279642,12.8145964899191
17.037773516973,12.0371326770135,12.7904174872344
13.0008991371958,10.9624869032915,12.6133685120224
10.2548514208975,12.4239807795288,12.7362902315013
15.9299705017968,11.5516223968907,12.6078660467032
13.7838639857781,11.213573990183,12.6022085637595
11.7584275947227,12.4786937518558,12.8025543713647
11.7184072767859,10.5600145857579,12.6321224826746
12.50598884231,11.3899687619678,12.8554246482667
11.9089432728594,12.7584118149776,13.260755358001
12.6839305189913,12.3761335687746,13.5723601095783
13.1798060094396,13.0020701011766,14.1050671989819
16.9236364825841,13.7227458771763,14.5378030465954
13.1121558161457,12.321053584446,13.8720420005099
13.5180163320846,12.111624139923,12.622754174752
9.86034805089172,10.6326620854595,10.7951485682531
9.49791817337669,9.77566020223857,10.0585353009364
9.74412413219416,10.9563178610716,9.49806064091412
11.960100111382,10.5544417397781,9.99846103228468
11.731643955235,11.2391372694394,10.3947503938268
14.306891007041,10.528006213664,10.4829184520881
10.9245555760852,11.6959552350614,10.7297852159902
12.4964353801814,11.8685000083713,10.8211746564776
11.4886221515307,11.0621566421623,10.7751203298857
8.36506205842653,11.1172081124945,10.835563541433
7.07062456022455,11.0547491216586,10.8859502819929
11.5888533869494,11.9701882759237,11.071925617358
13.180937080866,10.5483319367751,10.962949144704
13.7989398852142,11.2658612946871,11.0882529466268
8.69486911459657,11.7310316826852,11.1599209852021
7.56672097548837,11.5133102300781,11.1396505990337
8.47132349830833,11.5771215776416,11.1933228639902
13.7373385840122,11.0493190228837,11.2260065217029
11.693432260935,11.4360523761874,11.3621751792148
10.7793475398329,12.5263233244387,11.4710063101683
11.6489068720785,11.6724944395408,11.2703960208032
11.6902091471763,12.190685774384,11.319601531534
11.8281995229451,11.5652830584406,13.0619510750972
11.8803934635526,11.9009863290399,13.0080163784094
10.9207935192297,12.3989695650114,13.0045790403053
13.0423916220764,11.299090065488,12.8261292307528
12.6406146414544,11.5969222322976,12.7971878389189
12.0169534901066,12.6978861242611,12.8385155435375
11.1610528987275,11.7836303862844,12.5877351762565
13.3646867125369,12.2210448839374,12.6068895832326
12.6007280219172,11.6701522217631,12.620653196164
9.08213411038708,10.7870799444887,12.569007875721
12.4352841595978,12.4619369477926,12.8128506247077
12.1397937537162,12.7543519492414,12.9781710700907
13.7683223271472,13.0234798477621,13.310194237359
12.9899428378736,13.4306881473074,13.7948897270587
13.2194018212304,14.016687493831,14.0801972386113
15.3755063772188,13.1960730301091,14.0173399620381
14.1922867429468,12.5068208882722,13.489282613985
14.2568897259352,12.463666958407,12.6951775995893
10.0964220211244,9.88557843708701,11.8114310439072
11.8045663636277,10.7978324890591,11.5026569754346
11.2699329105622,9.6043548142074,9.57706163442148
11.825334503802,11.371260888752,9.99299043417724
9.20405029593496,11.6235130892526,10.3310690184595
7.62186323645631,11.2173762483328,10.5264425506894
6.63511092873189,11.3025114588443,10.6796430760473
9.09104745438002,10.4746038238558,10.6520496487301
12.5024012497744,11.9019062745159,10.8763229327025
8.74930971362365,10.3937659581893,10.7323248694934
6.74858260034739,12.0629420960663,10.9757819620996
8.74864229270232,11.8876968695197,10.9942307146986
12.1524690941937,11.7671751525834,11.0161250403826
12.4958136239527,11.0634854001122,10.9661163982075
10.3418751654278,12.0423401336003,11.119535688267
12.2734088676246,11.7638596791129,11.1467055280875
9.0380242994505,11.6304766918884,11.2588223793644
9.81329153751366,12.0191651322259,11.5537263656937
15.2568559751052,11.7985857313381,11.8529387155918
12.2846641846962,11.5816176120564,11.6877186890539
12.45515657073,11.7283052299084,11.3751506824989
11.4741180590953,11.9305966119331,11.5039288549481
11.6578994576661,11.703745127863,13.3459943778537
13.6611188679864,11.3573854340473,13.0941616471546
13.5100981495919,12.2313697291499,13.1149288064018
16.7574589347689,11.2677764856489,12.9881021634712
12.0927635551202,13.1124966841747,13.1552158981352
11.6274651357563,12.292862174695,12.8753005076711
12.0219063882083,12.3133078579452,12.7157853633865
14.0918816384583,12.3886807915296,12.6632337149096
15.1549377029155,12.4809204369041,12.7384476022222
9.99135181303281,11.9572696699543,12.7072616668548
13.4102687260355,12.0213923138836,12.7154146124568
15.3607365790968,12.7418950835585,12.8075232324564
14.6102559203131,12.564072180808,12.9893468565666
14.6648731640915,12.7689154866914,14.2611744465224
11.654011253986,12.1574711925182,13.7308774755417
13.5759531088122,11.6449486346129,13.1885038213286
11.5000493081621,12.4964344738374,12.9888872679972
12.1880465290198,10.6457352307301,12.5497863963155
12.0557346284376,11.8822041274127,12.4497476518182
13.046819618174,10.4820561447335,12.1161211615338
8.69011658232627,9.34726868729195,9.41712409843019
9.95983924249477,10.4978714131988,9.61404602623593
8.48476089045633,11.1721854067951,10.1532227135958
6.95602615285557,11.269429839656,10.4960131068527
7.16352176822843,11.4658103973759,10.6873551298216
10.2768139676286,10.4161134606314,10.6468606909616
12.2451922352067,11.8770649669073,10.8738010815016
8.546773239067,11.0119422986776,10.8015366493018
8.14569998833265,10.7720230479998,10.8028274094185
11.88632074589,12.1078155822702,10.9978163034263
10.024285178613,10.1767993463909,10.8027794660764
10.3624523121106,10.8646462529544,10.9299616410968
9.24171211135133,11.9395741165128,11.113529385144
12.8232991346859,11.087059445953,11.0598671842754
10.5948605544153,11.1327067898482,11.1736874368005
11.1699553383744,11.6646328376798,11.5576505712053
12.8085776602108,11.9121853685286,12.507637990789
12.847700431042,12.1281971911029,11.6390645496337
10.2988560860143,12.1329167026977,11.2504113788095
12.2638157893761,12.2319711206091,11.4350226288624
10.3381552985867,12.3190019425044,13.4149031574846
12.8534697654507,11.7242342233092,13.1664067057019
15.9508568671895,12.6726875942737,13.2854906642218
14.9340718635239,12.8443074825238,13.5506051894907
13.3152288194456,13.344488874009,13.3174914629911
15.7257570147374,13.2339611082224,13.0988634364383
13.9933614313864,12.3361479017828,12.8614304243801
14.3928574002005,12.1770552706538,12.7727556465403
13.8654959837955,11.7489953736941,12.7045853283754
13.1174568372527,12.4422085923974,12.8033475669559
12.6938604044384,10.9728232495192,12.6299405303028
14.7108557664954,11.8168088795255,12.7267214147369
13.0088045262928,12.6099278152358,12.997696158
14.0460673920772,12.9514341774693,13.5743402203003
10.6228141622405,12.5975462762269,13.2743666534694
13.4611426317203,11.3110340776667,12.522871718676
12.2351388459951,11.4431302331604,12.4012101629704
10.9464135962356,12.6802074023603,12.803838717646
11.5826831542767,11.8300875715386,12.739818176639
13.3317706198233,12.073489747989,12.6440900731469
9.20638502854583,10.0998732531287,9.29138221209613
8.41888151862975,10.2881576951628,9.25942384953514
9.47450438690628,11.280775235369,10.1139819849679
10.9340963663089,10.4005937171415,10.3875020371154
11.2594591989117,10.8156204298126,10.6258553400183
9.35537565107747,11.9499020796323,10.8501714052537
11.1852885218848,10.9091978065451,10.7667862750903
11.5758601141566,11.3807694403393,10.8535145213598
11.8249978031508,11.108784312496,10.8469439131395
11.7176507327198,10.3730527921325,10.7945245947304
10.621259630069,12.0798556710894,11.0598005639127
7.73010146345239,12.1952626675111,11.1372612147929
7.80515403488907,12.0862788419712,11.2119043537343
8.01951967880474,11.9562270247841,11.2431319290607
8.04664294144412,12.2494980624951,11.2749093371447
8.81271085105342,11.0611559850013,10.8886495653071
10.6198838417021,10.2894564630041,10.2202556121945
11.6137007450702,10.8789416996294,9.9888833718074
13.8116921760339,9.62428097075083,10.3489005892695
15.8578348201276,11.5228226354839,10.9532127589324
10.5879856417848,10.5311269779677,12.8429396748199
8.87837359653245,12.4095103918604,13.0972109679007
12.6743514383958,12.8495598633031,13.2093237216175
11.6549809241123,12.9052969905539,13.364449150752
10.278065604651,12.8782851450165,13.2575092622589
13.360098523589,11.9853859271707,13.0160191385676
13.3248126155306,13.5778711365437,13.1324368563222
12.0596780872805,11.7149316778319,12.8282926374057
11.861011341496,12.9075336389879,12.9278057354399
11.4735315872551,12.5172352362056,12.8773195731701
8.08660859743683,12.4740503765302,12.9130986091556
14.2877651694927,11.879162871339,12.8723107651585
16.6276416681122,12.8577612313972,13.0541776487646
16.3221081474522,12.4583816359124,13.0544839109985
12.9893880406198,11.9784063795994,12.8329254328788
10.3737480671309,11.832036655407,12.4554494812692
9.83827216794731,11.5573692770124,12.5876296343424
12.3835802110852,11.9267833005301,13.1059073270374
14.0566927971679,12.2233172283276,13.1319523331717
13.6754179451063,11.8775952042364,12.8331520295345
11.0186961383311,10.5835000189633,9.93694458053891
8.81617304778219,10.1007420596748,9.83205302453026
11.0515565750582,11.0451848664248,10.3208623922824
10.3371997453927,10.0157457930939,10.4438111825283
9.92782091494748,11.8870357251039,10.8093841447032
13.7239163159794,11.2831911958246,10.8061553663351
10.1611144232773,11.2659446804112,10.8375362693456
12.384207275542,11.4323005842817,10.8778874457176
14.4658250486441,11.8486677646654,10.9526378414993
12.2622801930271,11.5182991725,10.959205712807
11.6112945155621,11.6577346762682,11.0589691815378
9.00224608412951,12.3623375111675,11.2920190508931
9.69532842628693,11.8110536519696,11.365478416832
11.4014860242823,10.7174745848647,11.3589654533677
11.4804178048332,10.7246045965321,11.2922042232086
8.28444799657601,10.1513332690847,10.6432666175882
7.73713822556048,10.1899680154242,9.58615333117071
9.33411557124166,8.12354494474546,8.83205208820215
13.580050627808,10.8064780409755,10.0898563822589
12.1099097355202,10.2632584506842,10.5461275848634
9.95912508620838,10.1322850113169,12.5778092085012
13.5125042027735,11.4607770493548,12.8453040859377
13.0578726860255,11.9963513174136,12.9783179734063
10.3270237545094,12.1214425388556,13.0399779472592
10.5876751431878,12.4767840854136,13.0964613808662
11.7165019166932,11.7465251869094,12.9935696635742
11.8975478700763,13.6686317572115,13.2463867605084
10.7083171905155,12.6033881666095,13.0467009109518
14.0237670419546,11.5873159034556,12.8262698409886
10.2654425823434,12.708652543699,12.9600147484098
10.5608795222502,10.8952818364702,12.7942752394952
14.4509402037084,12.2186605753322,13.1139417346281
16.5944706321327,12.6736134488662,13.0507886143912
15.1970044119488,11.3694197015538,12.7837891111829
14.2002451865986,11.1340196600638,12.6493397294964
11.2523418091827,11.4005643825291,12.6287629966926
13.2962007344328,11.4085044203364,12.9862791569976
14.3949656170925,13.7260960376708,14.205837727811
11.0950836786096,12.9694518584965,13.4416546673547
12.3338547307031,12.2648603134788,12.9813481987155
9.05969834113019,11.6601335098261,10.4588649660336
9.46423680078559,10.8810487556953,10.3747508479422
8.28196238753538,11.4231104075395,10.5451554228531
12.4881312313998,10.6896471722119,10.5858300461171
9.7014224625052,11.867783614912,10.8295057499661
10.590431256324,12.0272870694346,10.8981460246439
8.43710301195144,11.1816606373449,10.8067215990084
9.65509806165075,11.1814294819408,10.8098098047513
11.2948772281673,11.0632231824089,10.8044899459575
14.1098177510748,11.9621841189079,10.9701873315153
12.4824390952033,10.6376765623483,10.9562722148587
11.3687644258403,11.6396667813429,11.3658772789869
9.74406358072604,12.3667045561513,11.7086957825972
12.011445644512,12.2979118149,11.8586213311825
11.2200551132678,12.8045036923646,12.3819686109579
12.6564786795735,11.5499802949676,11.6892499007382
9.65805034820479,10.633168861403,10.5055672010788
6.45660786582511,11.1675578037343,10.0524013934636
10.869984464934,10.7280049387407,10.2814191323502
12.5279361067146,11.4583151250633,10.6136022194137
9.52622755691894,10.8657042118686,11.8425315100018
11.3693082229318,11.2327530514578,11.9903741623602
11.4803262873205,11.7348925056007,12.1001608477111
12.8311390019097,10.7119560397748,12.0058237145753
9.94176999955596,11.2454382107832,12.0951049534276
7.62166905034717,12.7907249670765,12.3162132309281
6.71225962587575,12.2408956848203,12.2869239968586
7.0618358227612,12.2317094590403,12.2144759837407
6.94662328868279,11.5548308115611,12.0836247202305
11.7116423860545,10.6398606956911,11.9648486683733
10.0786341740406,12.4726675788028,12.238116350005
14.0328478546446,12.7254302880504,12.3064565282467
12.9047324064963,12.1424487367055,12.1451447901693
12.9508876567465,11.6997949271049,11.9964018337505
12.5269711773391,11.8919482950531,11.9531023526727
11.5306774099818,11.0940218851489,11.8668430783113
9.71081294676927,11.4198346003401,12.129098848231
11.8050390209547,12.665518959251,12.5218436834975
15.2356782112915,10.6605549139518,12.233438988734
12.7626480710325,11.6964651973442,12.1067874326682
6.26300497334278,10.5217677275208,10.6129867414029
9.66636784710375,12.1107033599176,10.7955563397957
11.8208213512945,12.1331505557779,10.8373020887622
11.1383989788098,11.5954759062429,10.855604805983
8.49588554403874,11.6885902101652,10.9832363632677
10.8641562066164,10.8239386614764,10.9024239559727
10.710527376752,12.1904002548908,11.05947484929
11.4014026944437,10.5458983927856,10.7821488869861
8.61306441585358,12.1385315432087,10.9530982445058
11.1269883612762,11.9686017348797,10.9768300371928
11.9400723505262,12.0071435953939,11.1575201329435
10.240435725454,11.7198816625053,11.5177620344832
12.1689554733507,13.3124749919273,12.2795415485621
11.2149013307518,12.805258199351,12.1191337065303
13.7120202752116,13.2750119689263,12.8594579648777
13.6028379312383,12.827995043547,12.3139905570691
12.446367900216,11.1794934050141,11.1546868028069
12.2884804957124,10.5297792749443,10.539504260816
14.363574956166,10.9662633726793,10.5314397674376
13.2938157009192,11.112500632412,10.6359815135891
7.87537204196497,10.7642878231657,11.8397952353673
9.851302848909,10.3499588114215,11.8564056783854
10.523627039463,11.0508203834404,11.9862319346491
12.4225278545446,9.92544149301626,11.8849050956676
9.73969489256106,11.8836770725002,12.1534778781702
10.6910956707697,11.4713409181929,12.1367602713594
12.8096002918849,11.5800507219726,12.1629316003858
11.6661158850855,11.6643585620395,12.1582478052125
6.54200860063314,11.8798890487447,12.1448417099493
10.0734138208182,11.3472000749432,12.0508470096202
10.1545168124573,11.3754817532713,12.0410284238922
11.4935837809942,11.9340131539752,12.0952446492144
10.2383627655952,11.0801480204369,11.928249936527
10.7372492851846,9.73704803008212,11.6682418720357
11.9778972012862,9.74445221460121,11.5770157659335
10.0502077116135,9.84581744265649,11.5156309413262
11.8894445299279,11.3246240177056,11.8162058131564
10.3528000037527,10.0812155700302,11.8243148751752
11.730745105681,11.6548454298205,12.0301467817261
11.5679124941278,10.4150081610768,11.80142009349
11.1248410388376,10.8000563660396,10.8914688413555
13.2412599227164,11.7674819157582,10.9359854150764
11.69144892631,11.9564061542354,10.9350788735195
11.2059755328833,11.8875382449165,11.0500038638968
11.5344744259001,12.220374101572,11.3258040892472
10.7608456085248,11.1775568977818,11.2652069456925
10.6466877657554,12.3950893188469,11.2569979930817
7.02324231716217,11.3019661274889,10.9677607409849
10.6157187274821,10.8864243630693,10.8043719644935
11.8125522428355,12.166575277413,10.949303616747
11.3464497822965,10.3061659605294,10.8270414486887
13.4145191199824,11.229649478256,11.1885069407912
13.8011779316866,12.5326935353825,11.6071245453521
10.2698878443893,11.799183685277,11.6873440906497
10.3616019374336,11.9311158584242,11.9016931160999
13.1409352277571,11.8236760860285,11.6379315938744
12.5250291760537,10.581495607558,11.069765411323
12.3103491577594,11.4703894340253,10.8606763150455
12.0361652355984,11.727554643451,10.7630158378649
10.2608568945213,11.5460008156758,10.7321180795859
7.84123513353981,11.3573155455939,11.912047947948
10.6105758097933,10.5570121925896,11.8707892299037
10.1223988566923,11.0518230901612,11.9795959110952
14.9806922516944,10.2689253853785,11.9318027883879
13.805806259023,11.5052419942546,12.1246577875172
12.5327541127771,11.8294987992038,12.2212339044133
14.5912226943077,11.0721635135939,12.1507522499198
12.5030757407899,11.1183238281396,12.168077451571
11.7499595434396,10.8426820983743,12.0610282501804
13.0846166764288,11.5185188554545,12.0624877973427
10.7160134286445,9.93294704121148,11.8081188443894
11.366524254544,10.5368271340744,11.8373331000973
8.86168488264725,10.8904739377287,11.8137972661943
8.48410628355199,10.5487365271254,11.6394070389839
11.5499942064352,10.4160639382291,11.417343879393
10.5278071457608,9.63860336289452,11.0679404386141
9.50244857082008,10.1054482424707,11.155522499202
12.5885153342354,11.7640842912942,11.7710089927419
11.8239828993664,10.9559462863768,11.6603388825307
9.91588424520483,11.4417517477224,11.7613222514424
10.4497032586254,12.0902657060367,11.1988490764099
10.581060800763,11.9474667987707,10.9643575298043
13.05991330306,12.1758144649058,10.9677783742563
13.556851110538,11.1854348741555,11.0713029155498
8.96225436596835,12.034622209921,11.6581426612504
10.7326139553962,13.650018260263,12.2793799510012
9.36830320281771,11.8493269874502,11.5085127631172
8.78992919057107,11.7702296255384,11.0901320372091
12.2184696119148,11.1691418463835,10.7773914088219
11.9943126767382,10.3217648780014,10.6210038869822
8.91983121128504,12.0242459734637,10.8865939209949
9.27569857738837,12.1926573421224,11.0200809835755
10.2573018140712,12.1374865840232,11.1531564854182
7.56977099902773,12.0558578630525,11.2378895797696
7.35844669285573,12.3938714959258,11.3175111065357
11.3243545561849,11.4037686379903,11.1283988226318
11.2558389571462,11.1356246666179,10.9583158655053
11.6300841934959,11.8817512004917,10.9128638298654
11.3553195626609,9.84342418168984,10.5468315256011
9.16559181587122,11.1416583995231,10.6537448189385
9.59642516915771,9.80472689621866,11.6983074967503
8.33904791101523,11.4211710980364,11.96442490566
11.4160967267347,11.4731827383206,12.0357784836029
13.952788772712,10.9213322561478,12.0333232741292
13.5591357146233,11.0629219275369,12.1308750856404
13.744054298906,10.4426014514319,12.1665881031785
11.6399944109284,12.0405243252834,12.4451695841248
12.6712357821543,10.6100288746325,12.3024095945129
13.6980989426568,11.9568569076222,12.278776286674
15.505316126117,11.4191549553448,12.0095141818305
9.7042760274109,11.0736378245683,11.8559724390519
11.8418706735533,10.2519254773595,11.7143198621099
10.8164614003571,11.1033338604322,11.7493540387981
12.5431547628401,10.630620945509,11.5307200258678
13.2644662774106,10.0552255780161,11.0662872240963
9.88587796819893,9.66705506999366,10.3435585910679
10.6736627445113,9.34521435015584,10.4090420549514
11.6416205230903,10.298451121135,11.3717343938772
11.3606528559969,10.6684112725097,11.3066249981573
10.9077534206104,10.907578857862,11.5794743346763
11.6059793438192,11.5564783220349,10.7818915223425
10.8807177180731,10.8955336596825,10.5046310038718
10.711314836367,11.5492125303414,10.6780538810658
11.1856561914729,10.6239396631108,10.8981975109169
10.0803690796871,12.8583521100322,11.5843921888912
10.5766665878116,12.6277589512621,11.8951677835465
8.4990942222504,11.9549057194431,11.3313549525897
8.3074314019008,11.6142743265923,10.8967748236978
13.1850330031107,11.6947452386651,10.6495004836111
10.6417670418866,11.2070612437771,10.5077484202365
9.73247334742472,11.2834859929659,10.5518947376804
9.42752290363346,11.9106068137092,10.7152279538138
10.4557249658275,11.2928155429708,10.7286624723032
11.7892489106402,10.1494303213536,10.6635926894326
8.99762540534614,10.3035860967411,10.7415713961849
11.5097920996207,10.3946147387378,10.7648151439639
11.2548650943236,11.5722872532614,10.8744478947993
7.9217472522393,9.94411565947785,10.6323058281136
10.0680149992144,11.2789958785505,10.615534037938
8.76970117694143,10.0106780980584,10.406731679211
13.8147968822796,9.62035301782105,11.5970953624814
10.5489829366964,10.7908462157063,11.8720346147819
9.66901319076262,11.1451290914969,12.0071270030083
11.2840160272388,11.0571500144044,12.0864035926549
10.3706667711032,11.373185719239,12.2680019274299
9.35227863550386,10.6826160795922,12.3997149343702
11.1892208039502,12.6253058964657,12.8927389240345
13.3582445232092,11.9420279658108,12.8928434283864
11.1891209378098,11.0685851536685,12.2864880089137
9.9525215465642,11.5839212029001,11.8137932061868
11.0240052254651,9.36385105424329,11.4734307294422
12.4574304428466,9.93669410194063,11.5515454405102
13.937915433122,10.8839395826322,11.6232709801746
11.544200394326,9.84308263024095,11.3483503590338
12.3828232624856,9.51244980214107,10.9695797029602
12.1581601569318,9.36940563476742,10.5073701624508
9.42315493755842,8.51420029568584,10.2032196848061
10.6442516470171,10.4012548527862,11.0508428964988
9.84616582754592,11.2068252434791,11.5076886523552
10.0851659891951,11.2778900474045,11.6657541469656
12.5430944995184,11.8563402261189,10.5659566589135
11.2858671406586,10.8498173580494,10.1045896635924
9.05873962309824,11.5062584480532,10.4799935738829
8.68996650192341,10.9490743368047,10.7384080977003
10.1508751700314,12.2958798436985,11.1601606628982
9.35101631219911,12.5343052233237,11.285999521697
8.01470030209054,11.4316725536256,10.9432601082315
10.1904790067629,10.9826347563273,10.5131291492956
12.3002900695451,10.4340732692835,10.0808005115572
13.2650985243444,11.099470638716,10.0190697700575
5.9235160516657,9.71446309187858,9.95630437157865
8.12911698886739,10.5680062988964,10.237495053151
7.00347633532657,11.1278558899317,10.4289516354276
10.0020481093799,10.9716299095991,10.4874205284048
8.87381992103151,11.1464095147484,10.6476993168966
14.417784336268,10.5656830518693,10.6377786963501
13.938077526386,10.8245719424588,10.678087303674
11.1880325594803,11.8200778560558,10.7679366240606
9.52876130599818,10.6736642648559,10.373039131993
10.8344250402287,10.8593258864778,10.179937751555
13.0531105853425,10.5123747541226,11.645061466272
10.6968626718267,10.9268274248382,11.9021195507041
10.8110287221449,11.3895388907238,12.0713796195298
11.4685544116906,10.287236627056,12.036164081756
11.3778865630995,10.8442577705349,12.2751602414741
9.58837990395194,12.5187331654735,12.793356741094
13.7565060324911,12.6723493278331,13.3983295019704
13.5957470304501,13.4582615774881,13.6653992724247
12.5107897834375,11.8155619405086,12.302765047526
11.2018894285911,9.45918924330179,10.9614472735397
8.70340080889719,11.1035937188448,11.4498565944758
12.2041001471222,11.150638428025,11.5924632735174
11.356636000605,10.8528752284633,11.5224428019402
15.0519712186094,10.5101017689532,11.3080899342159
12.45267491766,10.6332204743672,11.1029366229021
12.5584472388533,9.61703889430684,10.7977478110235
10.2979566620914,9.62832308470581,10.8887405861748
11.7017862944739,10.8479489981393,11.3342084396066
12.4692577435439,9.27214943192378,11.3862259288969
9.93461564150262,10.9217631993228,11.7314783219939
12.060170720358,10.2730133348701,10.3637930282485
11.2722814331202,11.8473948084449,10.4548012087598
6.8901741439349,11.945246203814,10.5530592550596
10.3531439036984,11.524260049637,10.7107685103126
13.2398183155048,11.6616356274865,10.8850311855746
11.9850480477522,10.8473557087401,10.8184413243207
9.26721719950765,12.0121391755232,10.7572589767667
7.887599511738,9.87031672614818,9.99012675633058
9.64153801233121,10.7251760332208,9.42415740531978
8.51704589989944,10.2320139562433,9.12879802178347
6.59732165029639,10.4975556344736,9.5623799009642
9.31403008040218,10.0643436033467,9.80917827313385
8.37358925609128,11.2856519408134,10.2470553025777
11.3827413173462,11.0571661020322,10.3433812494554
12.2793427844306,10.9856532396181,10.4976572040783
13.1540882656617,11.1859652956443,10.599527240895
13.0130776065118,10.6205073816789,10.561381050064
11.8467187331323,10.4899555987299,10.5149505163165
10.1230207202355,10.8556782454779,10.4591362460525
10.9577326988814,10.8905371623747,10.442898086076
12.0654978464776,10.7301562199472,11.769811215064
11.683667752842,10.4487778551495,11.932407986584
13.7808938994911,11.1356515233177,12.113027978807
12.9274068305105,9.97808006798693,12.0560998171784
11.809787436391,11.9749935080367,12.4544921893737
11.2099257904115,11.9023908419957,12.7539941360633
11.9030905974094,12.6378710886062,13.1842304641199
13.0855570392258,12.6864049871568,12.9081138090257
10.8265457545125,12.0364707252438,11.8369658490675
10.9391939496561,10.7623975262758,11.174488861378
11.5550532682212,10.7132789059273,11.3604896190066
11.8565239606032,11.2174071554515,11.5514893555511
11.7719573039268,10.3017445412884,11.3115118912788
14.8110386827436,8.77879838787285,10.8409869026369
11.7864183095148,8.67256319947472,10.6150954212681
9.34166053583541,8.83054476600133,10.6885588856729
12.5242201230057,10.3336779021191,11.1697978726962
12.8213567626812,9.08812668546799,11.3025438870379
9.55866403189108,10.9116397892427,11.7079456373128
10.7357899066751,9.97013595015859,11.6912134791889
10.2865247545472,10.1965898244212,10.4400967693696
9.1521077590557,11.2939195273259,10.5402272112503
10.7533032514287,11.6409288020535,10.6273949685955
10.7619143197152,11.5594233153622,10.7095805745899
11.0837339311232,11.7149323548036,10.7948881372977
11.3678776667578,10.6841074876157,10.7046740120165
10.6498370362302,11.9916192631671,10.6942352128251
11.0830316428307,10.3255093283089,9.87861441691669
10.7144426723401,8.76320114930371,8.56471521765229
7.00602416145808,9.58272016200015,8.25587855297411
7.47726982516324,8.3142295395626,8.75437940366966
12.7417910876456,9.268839517206,9.18008662285082
12.9011584494441,10.8966968788551,9.94246585882609
12.6121044500087,10.2996945474942,10.1583866631252
12.3395346485641,10.3702305863521,10.2932398845627
11.6308961230548,10.6433573224114,10.4113595873213
8.76098492392576,9.93271407372879,10.3869440957024
13.5590963879596,11.2018282249335,10.5635982763989
8.6574561190154,11.6069794684834,10.5952861531639
10.2929762753007,11.5593935278618,10.6250350761613
10.5277538696248,11.8420454721878,12.0669864322609
9.32720976252201,11.4119088859088,12.2454139114535
8.59624895373431,11.6699459152832,12.2932363091928
11.3955445430332,10.7531130362901,12.2096229160354
13.5171539567955,11.9142593789382,12.4455759159541
11.4110975867007,12.3256601021231,12.6898639846945
12.8378343054027,12.1115815543608,13.0176065898091
10.776847557933,12.7264213898319,13.4178954550939
12.2440549522181,12.5380074192095,13.1759310079561
12.1248385044926,12.2176591971123,12.2166132369512
13.0888835375497,10.0312089495967,11.5476669677944
11.7655417121653,10.4264204915438,11.5225599891185
16.545783619276,10.4703763245452,11.2315950999399
15.0366763973921,9.56579314513505,10.4397989165425
15.9609102515908,9.16669604502227,9.96668035341776
12.4271105017212,8.95933677978751,10.4535890667442
14.383823191549,9.70071734360772,11.0758494454702
10.6576213564218,11.1794451651394,11.6748288272733
11.6866301799458,10.6329522981877,11.7815087811387
10.9986244715175,11.3365841097139,11.9455955178548
11.4025095869277,11.1773474493845,10.6124846077377
7.55332845976149,11.4240498151813,10.6413645379318
10.5761355134935,11.8092114617957,10.7036573167671
7.22623746060963,10.6595171277895,10.6001646116362
10.3675372619824,10.9770263897622,10.6717300325094
8.85109459336879,12.0689674051617,10.7882769614226
8.19315918605368,10.8456199236269,10.4831181245095
9.54228063102511,10.8170834966563,10.0772140813943
9.48169960148991,9.93383994800858,9.46272207810377
7.96997756354757,8.8290463972277,9.05263878512665
9.06653135248445,10.2434798141151,9.04542211987048
9.90688143062336,10.2602831419694,9.0517258713907
10.9484257106617,10.7228385128587,9.70912828566864
9.88377789449455,10.8947066414694,10.0612790691227
13.2697094530873,11.2577023308753,10.1792890631501
8.35930153883051,10.4821931984362,10.2079725103408
9.5711722891906,10.5564820609601,10.3639173834434
13.8184887772691,11.5707247851014,10.5561755942905
10.2559057803331,9.67810606905714,10.301441370967
12.6415170850007,11.1747992010997,10.4939722963446
12.2172810923638,10.6035583797707,11.8983552810893
12.6552268696604,13.3075576914302,12.6992744298907
12.6020090694396,12.6496462161034,12.4877200712274
11.2855770789581,11.9133585086194,12.4110412847282
13.2646146913234,11.7959913959617,12.442213965213
11.414133203449,10.9317633685426,12.4472847437184
10.0293390297637,12.8163129129806,13.058117751643
10.8005578161021,12.290710713883,13.6675230455978
15.181856950864,14.8188430972655,14.4501786392565
11.9770732378285,12.6944200472228,12.5229180772626
11.2552873901492,11.7178050985277,11.9050685639195
11.7663404459748,10.7620958031427,11.7732242322406
13.2171162995559,11.2688505192333,11.5552926631029
14.3047330465289,10.1239785031374,10.6011424748285
8.65542122520415,8.73912868682355,9.23029907520171
9.53358105202029,10.1381132209827,10.8564877855758
14.4679588850309,9.97976079317312,11.4444208033767
13.6784210368713,10.1318860914385,11.7342566698764
11.9991476541392,10.8334978452481,11.9401459060886
11.4762975847467,11.1652833950664,12.0499825351514
9.76828866075955,11.1528308587467,10.6287364256447
10.5550145902188,10.7201917547658,10.5799027225316
10.7102005292675,11.3652414942373,10.6702245993038
12.3097859642757,10.1579425054659,10.5405323407246
10.9286669111686,11.9389616723285,10.7676765062075
8.66719862395467,11.2620849888828,10.6539373146804
8.61708742452929,11.122463086743,10.5360670699095
11.9522470635178,11.064849663023,10.3387145484249
9.86548222644138,11.1798890851472,10.1075134058533
10.6468446514241,10.5827087784327,9.84934061057333
7.95435716963973,10.4628414574271,9.69877004054606
6.9479712796045,11.0147105397084,9.78577536131156
7.98518376607687,10.5171771836015,9.92391172925006
8.34339966606943,9.25594555523943,9.77970674618355
9.81991822089183,9.14358308573979,9.64024731045093
10.2760983448808,9.42359390717762,9.86805976687122
13.3282223180663,10.9603444959843,10.2933223445039
12.0104361743786,9.68362383850962,10.3096802318517
9.72716792217466,11.1280941057058,10.3763414631276
10.5903163133986,9.55748981108949,9.89726703558618
7.11849139805605,9.77468821523576,11.3318188610173
7.86384531598316,11.7592788705885,12.0043419068844
10.5317615228246,12.4278679959635,12.3352879439946
13.4912174411879,12.6432072956786,12.5554898806555
8.56954218535748,12.2694097591176,12.4746749279181
11.9114938724983,10.8225406973092,12.2654349652483
12.5881541686993,12.3643043312718,12.6106824372394
11.4619570891553,12.0376070665132,12.8853132186506
14.0309351513114,12.0625981685622,12.9965762025414
9.68971357161501,12.6138360391816,12.397527253267
9.08950701409002,10.5528229997711,12.0801653093044
11.3391728502383,11.3563051933862,12.2817922565608
12.6552888705022,11.7741157878767,12.0464188383179
11.7995715188097,10.7766306880854,11.797732324417
13.7773606358427,11.8297255435383,12.7584412046121
11.8862278022575,11.1992434663116,12.2674065274652
10.8156018602641,9.97448818937363,11.9627823525008
10.129943187693,11.1170061566953,12.0582515319637
13.004187554153,11.7427040635959,12.2224441282712
11.6910916219633,11.9770827207034,12.352326784494
10.8119763710031,11.7712036579246,10.6828510188016
13.0105234462747,11.0038254415618,10.5999489934017
12.6933725886688,11.4878542693561,10.6770526919403
12.3733897277486,10.6740571481629,10.5945519464096
10.1771123062101,11.7774858314416,10.7347289533014
8.539306898838,11.888894112923,10.7340994563415
9.73646426742595,10.9939324514707,10.5743605234111
10.1957214906675,10.9146749702279,10.4825468346203
8.94722388190355,10.6740757272881,10.345092687216
7.60003264503777,11.3950639069389,10.3297135916563
6.28504842469486,9.84488818760445,10.0896013496912
10.3266875461381,10.4888974945238,10.1439396460624
8.44448986948156,10.9727523668994,10.2477645343615
6.5997840127663,10.7042535957431,10.2080598232708
8.59439046588271,10.6801795499709,10.2180712064202
6.63601982005322,10.1375951121951,10.2869581019425
14.2342189749963,10.6285234391067,10.5272740487967
10.3297663362946,11.807332563263,10.7101342052716
11.2727697394436,10.7867179282042,10.3757971417767
9.79428223795643,10.8418028504271,10.0462628505707
10.3193364943367,10.2281653587335,11.0110033760539
10.7747295492337,10.9679872827576,11.2816058045363
11.4634715973529,12.0771585692364,11.7942452128637
12.3147982417606,11.478480777362,12.1568887185142
11.3079361403749,11.2891489995492,12.1333245780324
9.07379705267356,12.0877313640266,12.221083177128
10.1109933863158,10.9644199338451,11.9891439957879
12.6468816094942,11.5199646048021,11.8846831309573
11.0869944002702,11.3198196182124,11.9008296324527
8.17529400269908,10.4711602566095,11.7972976284148
11.6723145072722,12.2448442092408,12.2362560558048
13.6245819296264,12.4540515453112,12.4143732782195
13.2340157121263,11.9350029963679,12.2247257006159
11.2643861104215,11.9209444034199,12.3017783312371
13.5461571956074,12.8045469588735,12.8282174877313
14.6304571874656,11.6241999836741,12.7164137616905
14.517857269778,10.9269899229417,12.2774304161525
13.9372212909825,11.7068495483797,12.2596891131267
11.5998657336516,10.0838237071822,12.1388149790181
11.3763943635724,12.0776500034444,12.5846049890576
7.83780978675443,10.2176854571419,10.4288187263186
5.86605423990492,11.8718444489368,10.6531698930996
8.76847445150136,11.9337677075294,10.6999335482871
9.9515531749649,11.3711362624604,10.6625016765753
11.3284173330204,11.3707080234356,10.6808020833529
11.0469530064188,10.4916516426653,10.5723929825328
12.26561904995,11.8622108124465,10.7201349226482
7.9438375374942,10.2838077821572,10.491540793822
8.19347134566618,11.8673078384113,10.640535472606
9.14058380242414,11.6115512169724,10.5733598946752
9.61227897094994,11.4292658924136,10.529177049769
9.81791977845304,10.6715364983095,10.4229961095884
8.02162461495167,11.6152191898049,10.5478852526033
8.04656334129537,11.2600535232348,10.516019851213
10.9059417579764,11.0564117553636,10.5886116280496
9.65642850502701,11.3942684513074,10.878203431043
10.5489630797849,11.1891633261731,11.2357389982339
8.71349768931216,10.8166456627187,10.8590168500721
11.6609401548311,10.9270208294767,10.4800857808705
12.504096014057,10.5523000882091,9.99042453226588
9.21523729132974,9.9139525648242,10.6337933322754
9.86947729011513,8.97521112073311,9.83860951098885
7.43017777682963,10.3626535465479,10.5739230701054
11.1908907295491,9.98278398258894,11.3206612250229
10.4352471066682,11.8538238439552,11.9443292547661
7.12147940420393,11.2285907838564,12.0334523734843
5.92069874827405,11.1594913360084,11.9293282267941
10.834392824414,11.2523591579283,11.5644605454381
11.7245110487986,11.6717834775129,11.5955260519952
11.3359874036244,11.3053776892039,11.557368366057
12.4548680352275,11.3189387110833,11.9114777730981
10.7440170948461,11.8906962517144,12.1072618475158
13.3171978718564,11.129466070323,12.0155377497407
12.4245016157838,9.98039393604652,11.913106794738
13.041648336778,10.2457064352629,12.1004196864187
14.0954195028983,10.2505321724035,12.139841605304
14.6393114990521,11.3120401582144,12.209485123644
15.1208016498363,9.73238019656398,11.963178307054
11.815349415687,11.4953802522611,12.206743491421
10.1226627787133,10.5813152367298,12.1203992411085
7.51621802509486,9.96766031812967,10.2208453072541
6.79336122352197,11.154451787012,10.4501170315045
8.06478821390271,11.5352782370601,10.5859639322024
9.47408910265648,11.4264123253459,10.6401013183337
9.98324571812345,11.5299703972178,10.6901095367816
12.2955862438459,10.432215774584,10.5732341145213
13.5772422032341,11.8561203665458,10.7458178401077
10.8715078685524,10.9542764548432,10.6246106371194
10.012064528865,10.669970396222,10.5749883645132
9.86660373018095,11.9494219708673,10.711236447648
8.19543590133361,9.97297393726949,10.4663150933791
11.4143475650864,10.6074970535978,10.5369403287569
8.47623030095842,11.6350342686253,10.6738624861628
9.09042912105027,10.7676604916594,10.6151335426955
11.6043802043267,10.7881604622274,10.725101863037
10.1962643637372,11.1669799996835,10.9891683128773
12.9102967839507,10.5523123264102,11.0829156088709
9.20632138943613,11.5633241035266,10.9537046302428
11.7959669795791,11.622238880428,10.5977913756527
10.1952801543823,10.9759479788691,10.0155248186529
9.63803316780479,10.0395649084043,10.1228651177651
9.521111510564,7.5418022742662,7.88826364623123
6.26843599980605,8.86698061013564,8.86059525889721
9.97136620033348,9.63699345639185,10.6799897273595
11.4474388339621,11.4953002191623,11.7544581642338
8.67467423040866,12.1317226269511,12.3643981101414
7.53179146466482,11.261260280423,12.2647658594353
9.26555678265594,11.0922208982173,12.0022082473742
9.96166786608793,10.7614364619796,11.7592950465382
8.90827360081632,11.5036259474887,11.800300104887
12.1741309737078,9.93032619954697,11.6920226324184
11.2340924674223,10.5654442423296,11.8078800481153
11.6053902760228,10.9545714315026,11.8075138411465
11.2959147578959,10.6668619108022,11.6626959306747
9.19333111600181,10.6971515402808,11.6867984458045
12.0857134051404,10.1015874504782,11.7446749886791
12.7070617282778,10.3630387192946,11.8591739631277
9.97842169517714,11.5257956017018,12.0723469969155
12.4685989217812,10.901323190898,12.0266315694547
10.2677232226292,11.6047049153386,12.1157038499862
7.61250964500164,10.6704524810937,10.0036282176524
12.0551830814368,11.0709016805386,10.2338916073622
10.8878277507924,11.6089565135259,10.49569215111
11.0908288471896,10.524702195849,10.4887946435247
5.95352107485004,10.8560812551708,10.603773287328
8.23687269570904,11.9512288391762,10.7660457448896
11.4090431892329,10.8889215725641,10.6460634555674
11.6255029689635,11.338732035592,10.699395637868
13.0916926606856,11.0361312620106,10.6579326068216
10.3842698367581,10.253655368037,10.558922213753
12.0568864393503,11.9003589374429,10.7601403695178
11.7220332891324,11.954719380025,10.7714353371566
10.932201035893,11.7632831012044,10.7594305314708
9.6381991318405,11.6206221453014,10.7796858897535
11.8979259552581,11.9793291380536,10.8880972706027
12.214235960388,11.1440737202774,10.8643147273178
10.9543969464501,11.1053309708462,10.9253786026819
11.9458907781751,11.9019029610854,10.8893869674819
10.0534940455996,9.72998362711905,10.3411238706087
10.1548063516368,10.7198595021201,10.0636459291961
9.19872896934634,8.55753710087883,10.0259301930899
8.72556874746229,9.26569309422652,9.10583585193911
10.159792614897,9.84234599281115,9.68364443430461
11.4217184556561,10.581806703444,11.059046328963
9.46945658137515,11.6555217077591,12.116231886263
11.2198721512852,11.8775940556085,13.1547508738003
12.3864268409196,12.9372617996434,13.1869157523902
13.9209020554063,10.8778994139147,12.5716112335212
10.8372340468069,12.010499316352,12.346498311161
8.46777451876728,11.4471076611295,12.0553538462551
7.42351159753862,11.1182631834899,11.9336313185262
11.6370814224928,10.2853910859048,11.7337427558197
12.4929593983948,11.0740762633903,11.5991592512433
10.5761632341861,10.5202628028939,11.1374293715289
11.8040380307237,10.2210355434778,11.0564318122167
11.4302684569248,10.4932578612519,11.4200910005572
14.0412667252693,10.0683128224424,11.6760395307753
13.2640573841856,10.1182624402778,11.8087830783868
10.8708241457989,10.7693913908606,11.9394375976673
12.1976602961173,11.1008118762606,11.980219678925
11.8055810728738,10.0940552856714,9.30869971823617
12.1830821992734,10.1203379884717,9.83460473817521
13.3182848792329,11.0938618481939,10.3395489800617
12.1465081608341,10.0391058967327,10.4141206640589
6.6400683030867,11.88225346963,10.73629342705
7.65302702009768,11.2500457951904,10.6925244747528
7.00511661924262,11.22254703367,10.702794684918
12.6296009521966,11.3827716521583,10.7245971350451
14.1591244268395,11.7758545551512,10.771932641673
11.6963120178668,11.3918140652071,10.7253494661642
13.000345271339,11.4440494687359,10.7343561184525
11.3065093325353,11.9953311756167,10.8066534644575
11.6192398552292,11.3050924177619,10.7360468378195
9.61024472826356,10.1074461767484,10.6151050637032
12.1626815919843,10.2323731553075,10.6634159390415
14.1725950429601,10.3535816295682,10.716031021197
11.0787853388547,11.6054214609715,10.879133344367
13.1628783030574,10.0275237769808,10.6232497648513
11.8721024768839,11.4394240514665,10.6432483440228
11.9747709519543,9.94850508232079,10.207373097825
10.3657921128607,9.08422520715844,10.8479154811834
8.2905616633616,9.8548727797249,10.6074697669298
11.1765917761083,10.5940212934011,11.0455168670439
12.5342388726692,11.6071920583467,12.0753491328707
13.6655910441854,13.2244664698824,13.2394002190302
9.5512054367281,14.4780273791643,15.4146374690101
9.63443553055582,14.7696030753418,14.8200468694474
15.0546291120198,12.191906337873,13.3264089767043
11.6868000994128,10.9566053524662,12.5162056283138
11.7088236103052,11.7788156184981,12.2997658242062
7.92671422393006,9.54209605062411,11.8362556063675
13.5859279760109,10.0253331690577,11.7067583927805
12.2659366796033,10.85931768965,11.5189411452816
9.24869687045901,9.70910648581732,10.9005364544425
11.2766396911349,9.42793152041261,10.4709076727895
9.93954065390191,10.0215588849987,11.2823131146066
9.12440865822999,9.41470956516676,11.5250378353642
12.3466798853491,10.7952570108671,11.8508900933773
11.6046355080052,11.3560255447123,11.9761536402373
9.64591988338734,11.4617127813384,11.993370915495
11.3158046588761,10.5394119902186,9.12935317281499
13.9703999347167,10.3750983448471,9.79166460935789
7.97085777440719,11.2601956779841,10.3699300450176
9.24738749335386,10.6386312714009,10.5356226613013
7.44931338796299,11.7880084702865,10.7537937768481
6.88120922799723,11.9282604392708,10.8023357136287
7.72274464448507,11.0812696367921,10.7039026383697
13.6033791205794,11.0895661074242,10.7052636852444
12.8664025218043,10.9698071229288,10.690217696878
10.726545837177,11.8085404150356,10.7934827352653
10.2040228843198,10.3228199708762,10.6148154374435
10.3527305913078,11.0086574709777,10.7057047094251
13.316126986108,11.4702803717056,10.7748902103408
12.4270637201094,11.2642285716946,10.7681887131698
13.5013611091977,11.2974198051802,10.7969847162737
12.1930584029428,10.6758637491009,10.746625076467
10.2212005085928,10.9622718870404,10.7893720963013
10.9728899087632,12.0341525052447,10.8994526531455
13.7624558909101,11.1512922959406,10.7199599211999
14.4504075815906,11.4410414466732,10.664255921576
10.2009839003776,10.468854010028,11.5472975550041
10.1245325261769,10.6485710328345,11.5611513132548
14.2492131704479,11.451281819949,11.9752475861949
15.9400905167818,11.4459374745276,12.8261637338598
18.9549171294987,14.2356559835646,14.9871103403408
13.4558524719783,16.738436756983,16.3339661861999
12.5502558456016,14.315287663789,15.0392692870223
13.1769427218905,12.9204384423284,13.6069149597075
13.7404132437716,11.627957256264,12.8160315421566
10.3591667856168,10.2482126272679,12.268943560304
6.94525815664757,11.550187337341,12.1927427435735
12.4020130923393,11.3782147292651,11.9687950523654
15.270498155028,10.994097310276,11.6854892635856
9.82177065927687,10.6500723657673,11.3397373986919
10.0748974771523,10.9701134902515,11.3542267656644
7.41602129740718,10.1934538419465,11.4304906081601
7.52009187598439,10.2307346843413,11.6826115269722
10.5326877189139,11.2674538315304,11.9262384704696
9.36174710865352,9.50054600528452,11.745539763281
7.67457340095111,11.1040739356928,11.9435642248812
8.52134322955468,9.74519171402209,9.79900520363951
11.2419043378449,11.6551712786073,10.3158435026639
9.34957886894509,11.9388180745087,10.6340140419306
10.5518963980126,11.4982685259126,10.7550908368919
8.33747043301269,11.4885354018997,10.7927794232233
10.1016544703158,10.5924023798613,10.6874980932738
11.1997656912138,11.9503501705516,10.8363825565949
7.95134273643542,10.3955060901165,10.6382980759927
7.52241583047266,12.0212439601982,10.8324581258091
11.9210389120955,11.8078947630185,10.8062162279521
13.2486637401485,11.6540778564908,10.7902879095971
12.6755851897689,10.9208568369424,10.7082529708661
10.8931205506262,11.8769683821912,10.8383457214464
10.2273474830831,11.5559875508552,10.8200107456085
10.7091927728438,11.3097817503172,10.820450076776
8.52417140345123,11.4551829913357,10.8768952941856
8.58170444539214,10.8974447344887,10.8389757959171
10.1035803282964,10.8413405503196,10.8467913280187
13.927121870795,11.3039447660964,10.8935763059907
12.8424471320042,11.2742186554528,10.8593445352457
12.113464254856,10.7339940811501,11.9242445958129
13.2309436654671,10.256785709042,11.8950448183401
8.7538364520229,11.2223990763329,12.2649169195559
11.6654639992484,10.8131430636036,12.8177214688592
14.8706318804533,13.9825909212172,14.1841769418553
11.6174392626162,14.0966294998224,14.6338913453486
15.1319674445606,14.0693173629117,14.3639924938093
13.7027335980083,13.0852525359186,13.5893108534027
9.62412310130206,12.7436901955604,13.1091216854674
7.71285207391137,11.7646097176166,12.6463969670932
9.05790911280536,11.294340914951,12.2903761320354
11.749264774555,11.5278050376844,12.1063845068774
12.3092611495602,10.6345937762034,11.8190842649372
14.9068355380033,9.34038755483798,11.5425114964825
13.195641144521,9.48373972395999,11.5535168772124
10.4922003993079,9.67768202020914,11.6480044532853
7.90126705033562,10.9730833816015,11.8874199791785
8.58059975204684,9.50498582178024,11.763463685036
9.79549121845546,11.1584863871456,11.9681732139314
9.99986587590644,10.1385824114089,11.8320854174121
6.25070984680592,10.1421394567737,10.3710858845273
10.9623576795237,11.4658841926412,10.7113376523303
14.113720806041,11.9948633437849,10.9715186692438
15.3649313428239,11.8837948714276,11.0324099383753
10.1892376950621,11.8300965032869,10.9648166692949
9.12829386384765,10.5992779810313,10.7424955180375
8.13888773070406,11.9664404746404,10.8738873040031
7.53587297920074,11.0367927748378,10.7352107814557
7.55168213528264,10.7548338086588,10.6905715362853
10.9737690283528,12.0553619943797,10.8465896649648
9.57568298617569,10.0845486341391,10.6085202755425
11.8342005805567,10.736195509585,10.6968673399177
12.327303391106,11.7751066108876,10.8409969531062
12.1825012973075,10.9047659041856,10.7634720826455
12.4297834501888,10.8839167378145,10.8122538932253
10.1816087396206,11.1294565505206,10.9131092107561
8.59705695687175,10.4481678581667,10.9311732477422
9.15820573992142,11.7612481495481,11.163370331315
11.66840543149,12.1525753021116,11.2132334719143
12.1992005458729,11.9634984916843,11.1840404967481
9.40282618580773,11.6410982247989,12.2838370854416
10.4105508561593,10.7217762904921,12.127677428094
12.1144167568563,11.3115207599195,12.3063944718157
11.3135993079548,10.8820411728572,12.5487094899293
11.6426937211108,12.4622225786888,13.0563796460794
8.70670189492756,13.0585686980565,13.3765662143158
11.6338120079213,12.2748465268624,13.2132473480407
12.9234159632659,12.3946104028154,13.2278348393879
15.3692065590425,12.7136918185067,13.4374236301975
12.3921075317435,12.6486647942178,12.9693768661363
10.4458567691686,10.4344169096181,12.3142011709385
9.15889277443305,10.6364463177376,12.0793167534199
10.6706230923987,10.8860856416109,11.9794074923957
15.6946754299578,10.6443231828706,11.9017687538032
12.6097947922654,10.7798742612923,11.9374960338609
11.7544988833359,10.3525989030721,11.9516341721381
7.08118782452183,10.6046497223668,11.9934631371499
6.04273139472439,11.6137987203235,12.0942307537506
10.7072460184524,10.8106605143811,11.9600909123302
11.4722696416348,11.3939517055262,11.9978933747471
10.7637600393109,11.4342085176617,10.8435649502051
9.86988391368008,12.0173302520977,11.1575092163006
12.2203397530896,12.7787665777986,11.5323207593405
12.7689615995151,11.5296271098308,11.3596332288541
9.68172286092456,11.4294753330392,11.1110053712485
8.63470132275854,12.2266004127885,11.0252886029602
6.94690519975924,11.0285197484274,10.7942358258782
5.97880781624391,11.4167461590829,10.7986016407537
8.63153539844466,11.0968408711149,10.7438392214614
12.3730354963636,10.3139118766948,10.6432373352646
12.1357249515134,11.9615074167331,10.8477761183744
11.8683407921284,12.0197806535239,10.8641332950835
15.438492259517,11.8440863460411,10.8642504094735
11.4066513312836,11.7183540902398,10.8909655986205
11.5661953171013,12.1032077656198,11.0168676569378
9.01143088308905,11.3438455710413,11.0731999728668
7.26853961165159,11.4763862575043,11.3215413301355
9.6383042571515,12.6116867830231,11.6731718583149
11.6184641825682,10.6348407311877,11.3735270370777
14.0249739913797,11.8011045520728,11.3335084357353
12.5463830132046,10.2470550490005,12.1986859131813
10.8311106777929,11.6752220148305,12.2727833230245
15.8304734301016,11.6907975788227,12.2916698634875
12.9702817832092,11.2182453555452,12.3219269702323
11.5945336066223,11.4675737392577,12.5201655745944
11.5790677165649,10.7703754248213,12.5204854170946
11.8198958461569,12.3940236844311,12.7941198205676
14.1856580604688,11.1785438887831,12.7650256294901
13.2835246907819,13.4076314910073,13.3077061940114
11.5202938972097,12.575240284837,12.9051141867196
10.9219009577999,11.6844159302046,12.4372776178589
10.6631123197509,10.5475677684399,12.0891243364448
12.4282923320514,11.3387123447083,12.0937658866269
14.4101620284922,11.0372282473811,12.0484882538989
16.0440082095702,11.0028708945705,12.096339958358
11.7295788560726,11.6720853134895,12.3512758782685
15.1133289276307,10.9279596202873,12.2112163401605
15.380304552618,10.4937873260721,12.0164873999425
11.8471900197533,10.8796777574028,11.989816909767
12.2712913052902,11.0537009225372,11.9656524861282
11.6623450809383,11.6048111461167,11.0403208625205
9.36615055438405,11.7125780737538,11.4258099924856
13.1975177689254,12.907747777091,11.9491826229799
14.8422055068913,11.4992102626604,11.6710374685915
10.2742829689578,12.6256281334166,11.3854223783698
9.48887023322975,11.5841830518829,10.9958059591624
8.78969316814689,11.3808627797976,10.8563015047129
11.4096937525837,11.4667546277146,10.8172387811969
8.9534129471136,11.8317056011109,10.8396626077165
8.04566411838011,11.4395110589248,10.7869821531378
9.47856820414128,11.4877966865629,10.7961064411469
11.2681970885323,12.0451435382366,10.8755662070189
12.8554706939441,11.3759747797107,10.8205740739853
12.148700957798,10.2173378977588,10.7328972487544
10.0415894767311,10.4236468912055,10.8645833755656
10.1858863811676,10.7459801123707,11.1346929987929
9.59720939755579,12.4531691595884,11.7944975332932
12.3204202924978,11.5458592108896,12.2709681265232
13.2923043969517,12.7788952227874,12.1417261472401
12.4350403773321,10.9197991471252,11.3313569853865
15.0374188078916,10.133974262637,12.1732622296106
12.3951876262842,11.0464996590137,12.1642791358056
11.6268296135987,11.3022033745115,12.1737886168889
13.8570148807621,11.172514898427,12.183430082882
13.1959593322777,11.3304228522691,12.2568566042626
12.74274166345,10.3411870389855,12.1865747788433
13.5375916609716,11.9717776346964,12.4514351330606
13.4566347897345,11.2703198477734,12.4409400661716
11.1500856420205,11.1758826427136,12.5125738970623
12.3420595487735,12.2442497007047,12.5444199322243
9.75457542671869,9.92947737779128,12.0968554841254
12.4052164067614,10.3545012306806,12.0332416239806
12.047147385514,11.2983987642122,12.0992410322505
13.9296609303284,10.473773696177,12.0006499720352
15.8630391091869,10.6862858803765,12.1067282868824
12.9938279517597,11.335484632741,12.3302259883094
13.5823943324524,10.377777554347,12.1384753832847
12.7659521790713,11.2836776817341,12.1102823830733
9.76801492999219,11.6139530087426,12.0716613357229
12.348986320232,11.5722954464044,12.0203013630186
