"truesurface","",""
9.82444720493053,12.0255990214344,10.0028500606485
9.73599324335672,9.96695117753988,9.7791382868079
9.82047411508294,12.3762975388693,10.0184594070446
9.99649581586221,9.80894914152976,9.74132340900809
10.159955784597,11.4908365934959,10.2028856286689
10.245070370734,10.3954352218542,10.0995360191196
10.2422312966346,11.7328102997249,10.2447253891468
10.1368514936079,11.0772638901801,10.1790949083956
10.2058001445171,9.60657030803156,10.1235084068307
10.2808413393794,9.66554567021262,10.1189794674004
10.2298552197618,11.3907231896845,10.2814658366212
10.1141008080888,11.0315660855773,10.2197701541101
9.97885140064643,9.83801192014968,10.0711510512322
10.0298600632181,11.6762398817011,10.2147599325987
10.2712021958284,11.1558418005906,10.097449318289
10.5450818199149,11.8090108507494,10.1006671833652
11.1216457309565,10.6941846326786,11.1123785490159
11.5332038657796,12.9755351181259,11.3398846797285
11.9387463963624,12.4173844084906,11.2985257333235
12.1710754226922,12.0004250499774,11.2944254041824
12.388061322295,12.1373494035989,12.2686253104244
12.5080256398385,11.4863048531619,12.2498505422171
12.8082881518788,13.7728452525717,12.5350468116298
12.8754677350928,12.1763234634608,12.4121471916427
12.8216473226587,11.9814551578056,12.7191691548805
12.7738220897529,13.0263282490015,12.8634519599719
12.6819463915204,11.4408075476701,12.7277103187409
12.6668521259271,11.7167247755437,12.7781634066504
12.6838342679955,12.1700632204953,12.6752204144436
12.5088709886513,12.9560989940861,12.7629347460853
12.4210900448377,10.728104080015,12.5293410143056
12.2995077032192,10.3030343917883,12.47740490833
12.2019698614001,11.394879842344,12.0008836232433
12.1710981493778,10.0033246036728,11.8503543563494
12.0893923855109,11.6437539982273,12.0241042396601
11.9876744005529,10.2006004711863,11.8865798143499
11.9027642804422,10.9542753476139,11.3435526576287
11.7329067644164,10.973317205912,11.3667627958413
11.4737160226407,9.962222236958,11.2818136487426
11.3946761102449,9.13395444306371,11.2131021406178
9.81687229196995,11.9511142360122,10.0029987240878
9.74397930244843,11.3518231978982,9.93164630753918
9.86260087714636,11.1911396170494,9.90578221914423
9.96357212455568,10.0260538121071,9.77448124581497
10.1402634907353,11.6205862411286,10.2311441652318
10.2509046608284,10.6547405749708,10.1421172529561
10.2148226205499,11.2260044982041,10.2083284407146
10.1348852628035,12.2287257651635,10.312152903209
10.1834062832322,11.3778161350963,10.3166097259963
10.2158382822264,10.6595569598738,10.2261974070503
10.2437768370799,11.7902200969859,10.322319975022
10.1279492288398,9.53478383483395,10.0567283221071
9.96707308601643,11.7923825692952,10.2596502290594
10.0174469106989,9.16256522380025,9.92745958415539
10.1825635961734,10.9687881649626,10.0306087531846
10.4292465534388,10.1496313320316,9.85620293381226
11.0162220496101,11.8884655054047,11.1444415085648
11.3673208634151,11.6413029687368,11.124748970572
11.8295775712839,10.5488806043238,11.0628994284791
12.1074465481844,10.9466182085569,11.1662652550463
12.2976792949904,12.9518719791524,12.352980626992
12.454038073797,12.8283439897325,12.399148125835
12.7399901902127,11.7773251346126,12.3440317027599
12.8416670991458,13.6429916563805,12.5895685347067
12.9630744586575,12.9860811646301,12.8549735510596
12.9339255908399,13.3388691509968,12.9303145525034
12.862029804393,11.7939665812112,12.8001460971454
12.919105649072,13.5988195849175,13.0053079234638
12.9067082124648,12.5716256314015,12.7442923997491
12.7668615120153,11.7665235752769,12.6628910181049
12.6805162684943,11.5855670013977,12.6373807517096
12.4508952455683,10.6926288612284,12.5329298001033
12.3539528927057,12.7621502692879,12.1542919811296
12.2223026738998,10.9558765080617,11.9593933875069
12.031696507264,10.5541888421115,11.9206906575128
11.8901551945008,11.4345366617966,12.0272444046313
11.7103129965309,9.70304611256123,11.2264670453045
11.5269080970986,9.89328216931798,11.2672811079572
11.3429927953665,10.3017759318863,11.329197088877
11.2027917546531,11.0747972427542,11.4259651500795
9.70595194755066,10.0142974292636,9.81308384897203
9.73388599616171,9.7719348279818,9.78080995344396
9.80487448353811,11.0280119398392,9.90737433549775
9.83376219996569,9.79923102667349,9.78112885436281
10.027396239498,11.6358149139903,10.2636785833182
10.096481530161,10.4057512999748,10.1452356969694
10.1076870052256,11.40047142627,10.2532510176228
10.1637855347357,11.6687737682419,10.2764648107274
10.152156052857,10.8609635766815,10.2775629692857
10.2378551218568,10.1487317585278,10.182157890603
10.3422504871084,11.8424147021147,10.3264895814018
10.2597456626979,11.0280020317216,10.201593103293
10.1901598264349,10.6722127123137,10.1266929077425
10.1622400182633,9.42690196172605,9.92835965618866
10.2247412878826,11.1008024837844,10.0052713636079
10.4614259001521,10.3680236429685,9.81434438242622
10.8946553165931,11.2811759382487,10.9737849069367
11.1628457355497,12.6271995835108,11.1820454130069
11.6848952803418,12.1242849758228,11.21166493006
11.9485008126057,11.7328430859523,11.2523800556937
12.2347076271833,13.176510198331,12.3935592545671
12.4145729286649,11.2190663952559,12.2544441330058
12.5606300692882,13.6952268913679,12.5704158610839
12.7197317248937,11.1747511092387,12.3642854535447
12.9415898406412,12.9046051802295,12.8843185435927
12.9720591530376,11.8403943508857,12.8196605201983
13.0393553411341,13.1815141629216,12.9847540871451
13.1333864698738,12.5056267177547,12.922421001703
13.1223342641307,11.0032870837344,12.6068130012311
13.0947539513702,11.0226005257873,12.6057861597096
12.9353585547942,12.6834065653375,12.7676768152806
12.6313026470497,12.2294567238721,12.7050015150292
12.5041830781797,10.88980631153,11.9726862797179
12.1809080400671,12.4534966488421,12.1302390191862
11.9472419098023,11.5086176863333,12.0384976755086
11.7305336865461,11.6110097406776,12.06415884375
11.3587800369074,9.85994224525025,11.2614960915116
11.2348801795823,11.5302641970572,11.4553075573539
11.1181931234194,10.4411136607964,11.3599285031762
10.9689760143221,9.63722799059389,11.2894591324997
9.69257007210014,10.677395783583,9.89557212858609
9.76436622784746,10.0069954840871,9.82188916330299
9.78734228646075,12.2638036692108,10.0585455868711
9.83546457028913,10.6363527227248,9.8985580944914
9.97529053647109,10.4636693561444,10.1778917500967
10.0249492345312,11.5993109362858,10.3067702785054
10.1272234872795,10.1862055835937,10.162171378755
10.242011563508,10.6974691226325,10.2053256665967
10.2306506167957,11.3654563910413,10.35463181457
10.3537939270876,12.2761864131191,10.4177027119338
10.4128725244453,10.0783737265479,10.1465510487994
10.3785163026343,9.60929216259454,10.046397559135
10.355267468317,10.6597767342797,10.1100981583942
10.2400795263298,9.33981039352123,9.90320246945855
10.2854767923262,11.2041545008719,10.0136070559286
10.477196213623,10.134385250683,9.79597929603752
10.7592818895571,11.3586984913764,11.0245103690055
11.0127095982253,11.8667277942478,11.1290501433253
11.4788842774664,11.3221044659417,11.1609371501001
11.7351950295867,10.9078712613945,11.2024576714616
12.1446519712835,12.9474833355305,12.4051423765308
12.3065934343996,12.479092539679,12.420353222115
12.4210647695903,12.4320283880564,12.4729703161071
12.5870268227083,11.3471545738268,12.4155208040938
12.7852473645155,13.0260986050338,12.9298125568512
12.9164649753464,12.134831663919,12.8934455968896
13.083526197793,12.7629720085474,12.9723640360195
13.1977697256538,13.7814700534206,13.077804014603
13.2594473222424,12.9772701977115,12.8334250722905
13.2671995835325,12.241939446695,12.7536894970261
13.0796539877945,13.2943964405654,12.8424823555832
12.792897176577,10.9126155784654,12.5752474635303
12.592032053053,12.9857270082918,12.1986206751178
12.2158731749004,10.0579469075258,11.8955695859843
11.9957482847363,11.3882461407707,12.0450681843354
11.706997288307,9.97717684477407,11.915732523447
11.2826159206491,11.0328296731864,11.4049003997098
11.1796078837611,10.1615369983913,11.3329877472136
11.0443960136801,8.55826295746189,11.1809774612467
10.9587366915497,8.58506123334224,11.192632569041
9.67082634441409,11.4515424173504,9.67556656065616
9.68379124727592,11.2995134761671,9.65738021669965
9.71805007042832,10.2101707932876,9.55089172491613
9.79813947783327,12.0126311459629,9.75186772862932
9.82206264531425,11.3371521075056,10.1462197753051
9.92525571059099,11.7695451216707,10.2050930963223
10.1179129905348,10.3975189294744,10.065701103724
10.291614592506,12.442448391472,10.2664674026524
10.3879684375683,11.6598091551148,10.6266492864911
10.4574609558139,11.0141041859113,10.5189561531386
10.416122805553,10.9153143535771,10.4475926781426
10.4384717152848,10.0164928678934,10.2872572052968
10.3880740680852,12.0785621547266,10.3757983202852
10.2731111831386,10.3582600684044,10.1331472566747
10.3284705448581,10.1855662919241,10.0459903370689
10.4041580827154,11.3961185175903,10.1181537328306
10.6068361873062,10.0731375445427,10.5254865766833
10.8431567462928,10.6957384852492,10.6283149231551
11.1630897318802,11.5189053837138,10.7741251493754
11.474721481882,12.6934558162714,10.9691731775038
11.9811689768501,10.8513099245149,11.8284857931026
12.1594994510653,10.7669840104453,11.8780621626475
12.3662167296801,12.1730590096181,12.0748975335558
12.4564485839333,11.0715168487532,12.0073580360665
12.6413286985384,13.0184660881454,13.0437937059293
12.9051865579508,11.8836286244767,12.9651389795514
13.1264285788978,12.9613365449382,13.0869234724692
13.3585651179346,13.3034450427978,13.1236604906497
13.5105379464056,12.5901706067678,13.405988782446
13.4691340941605,11.9063710700139,13.3437775138034
13.3246187287436,13.4899243288526,13.464705946984
12.9988688825444,12.5159941351856,13.3439390975717
12.6763105635866,11.9321062518848,12.2639434898608
12.3145669717452,10.3424567627116,12.1058209409533
12.060011711051,11.5405065216351,12.2461860954217
11.72393197409,10.2027580536339,12.1275347160024
11.3543502510496,10.4533488153677,11.4349035296954
11.1881547180507,11.2255949435187,11.5301822453734
11.0571659073382,10.2482199510683,11.438876916259
11.0676994789951,9.51881189174306,11.3671679360311
9.50255414720909,11.6385283322745,9.71854307107421
9.46251376941941,9.63379986563765,9.50981233636477
9.56390678834448,12.0518942996582,9.76927222108007
9.63959269305945,9.46419586259703,9.516524799779
9.6931760706435,11.1629898019868,10.1584103354074
9.85801522013264,10.1581846086437,10.0711137191709
10.0513515746723,11.6457605681039,10.2343650289643
10.3202486864264,11.1743750676478,10.1726939817792
10.5004345101987,9.88176772155373,10.4809607913271
10.5078516675726,10.0486420659181,10.4599042471231
10.4546217762648,11.8361443917802,10.554504877088
10.4416024902255,11.4600100726114,10.4311239008463
10.3640317111988,10.1841854159585,10.1635704439379
10.3436230559674,11.8874283677127,10.2786566154526
10.3805342753908,11.2078243946145,10.1705089434834
10.4110956219938,11.6676920657726,10.1988459625855
10.6422047067965,10.3041043174949,10.6243526041681
10.8213833954544,12.3257620268168,10.8759794134032
11.0819343829958,11.5984773598054,10.8592589578189
11.402481371975,11.1658595803388,10.8736238135353
11.8566363795162,11.3957687824748,11.9412271436459
12.0909986327919,10.8964993936109,11.9419673586659
12.3406861829809,13.3237102848609,12.2392508441523
12.3726368788073,11.8642344643144,12.1193258719854
12.5884046840366,11.830797285432,12.9303098909239
12.854853706473,13.0837107631318,13.0740977931975
13.0830405540824,11.7503383397993,12.941342644633
13.4334739638759,12.3305536706891,12.999140895445
13.5740581266542,13.079214204552,13.4247663823322
13.518300245289,14.0338106102624,13.5200611122437
13.4197336928691,11.7433170482113,13.2592778519243
13.0302113251468,11.1172689836086,13.1787019423226
12.7019722126099,11.9350734660236,12.2527054434602
12.342257301073,10.2642530009112,12.0942455485122
12.0585826871438,11.675800477462,12.2631406469937
11.7862004854054,10.0434413678109,12.1169038574535
11.4808094220058,10.7000120372065,11.4649980238592
11.2827833573709,10.6988464896286,11.4791232649217
11.2229235021645,9.74646107251709,11.3855434831587
11.2430035244142,9.00612073893832,11.3097807526905
9.26472878176594,11.3641454485434,9.71945866069328
9.22507761104148,10.8215605435066,9.66314790319407
9.37785482596835,10.705747164702,9.65691708818708
9.45756125236795,9.57075148909943,9.55178274860211
9.64184318378529,11.230522066473,10.1872485825926
9.83396498567306,10.3843391719923,10.1184869979729
10.0093612130463,11.1093048156083,10.210013410021
10.3841117025454,12.246458780699,10.304964360346
10.5844662270024,11.528836964402,10.6617653674612
10.5683545298336,10.918242783655,10.5557174121029
10.5241440146781,12.1223896193733,10.5874044973218
10.4113240728739,9.90889802634351,10.2607798328962
10.3476897635962,12.1523956249506,10.3456988400412
10.4123203572625,9.47755904463725,10.0097541726816
10.4229539436391,11.1481256433845,10.1620625927864
10.4691957497364,10.1323794482412,10.0731378154909
10.7026902279793,11.5789738195828,10.8117289419994
10.8120050819105,11.0420683789634,10.8024524393812
11.0620592730509,9.76748160569462,10.7232103334181
11.3210583642857,10.1147101580138,10.8153611308095
11.6885980029728,12.1723791559133,12.0709158309144
11.9757889263396,12.1527621028473,12.1225743612245
12.2140638374208,11.2323533478719,12.0665984403894
12.2507733656241,13.2173932561376,12.2876950331373
12.499507375888,12.7019256332189,13.0293211381702
12.7306214798803,13.2486438723727,13.077331842091
13.0046564869049,11.9475296692889,12.9290099429834
13.4525364857425,14.0453440358874,13.1377404351285
13.5649344102305,13.2912094364166,13.3951534843093
13.5634860772392,12.6721280264633,13.3219356524705
13.4824777974081,12.5262341843034,13.298274319403
13.0869444109576,11.5086851932209,13.1906400007681
12.8178013888181,13.3694568483902,12.3814097079947
12.4259928742251,11.3365387733728,12.1902725156029
12.1557573602393,10.751518352412,12.1556640208746
11.9773767754952,11.4855065385684,12.2584896249916
11.7048195345858,9.70145639576074,11.3529036173848
11.5346809285188,9.90694473165075,11.3845491295154
11.5318946170144,10.3913143538058,11.4373827852135
11.5203576035282,11.2493261162282,11.5247119399498
8.93967184453402,9.18312731444026,9.52572303208152
8.95725102085348,9.00934307864367,9.50601517014779
9.07778204968561,10.364516598626,9.64735160475547
9.23329912875154,9.24424270446466,9.53676569195855
9.60326783771557,11.24134759976,10.1943514187653
9.77013437893257,10.1348286804986,10.0894049357189
9.95331742706689,11.2353414940803,10.2097971673307
10.3260176788463,11.5822973827707,10.2266144300314
10.448931014482,10.809082283461,10.5791455325224
10.4951560329713,10.1570375517943,10.4577255128231
10.4262533461909,11.949932365371,10.5640200195744
10.2314338636217,11.2226792084635,10.3946489032091
10.265143914848,10.9390792859292,10.1979080799801
10.3913581393972,9.71323090099244,10.0002075752491
10.4664233738595,11.3560643099351,10.1807749369193
10.6095208267113,10.4823979225491,10.1281914092089
10.7645704170008,11.1383158307996,10.8022198997038
10.8593302943217,12.2495100781613,10.9615275706816
11.1104251694207,11.5471172237584,10.9399620156856
11.2322702158393,11.065525156573,10.9439755535362
11.5391831195057,12.4908262928869,12.1373252118181
11.7996564478918,10.566140005781,12.0004173692891
12.0098810349097,13.1151504214109,12.3102362343969
12.1523744501083,10.6853069472452,12.0483263996548
12.3839323645612,12.5274142635156,13.0044150156214
12.6126003833745,11.6220131769166,12.8790902264305
12.9921380226257,13.1673925006026,13.0181166017686
13.466545732347,12.7343003278,12.9541664494919
13.6098339629431,11.4712724230511,13.1543439524978
13.6996674178665,11.680260794572,13.1677830726376
13.5902106742141,13.4451745022492,13.3489686374276
13.3482389574001,13.0078730607502,13.3096879224465
13.1645611594914,11.5780449665395,12.1628778098853
12.7378845607141,13.033912145503,12.3400076975133
12.5359263429048,11.9892919816017,12.2610702648448
12.3853721714828,12.0069127337549,12.2929842412359
12.1138938864339,10.2487420481034,11.390685382497
12.0369775581404,11.998405793846,11.5761275633079
11.9779722832294,10.9887741906141,11.4701569166046
11.9377386595421,10.2352589095698,11.3891659762291
8.71225344892536,9.62190224285271,8.87683234663865
8.75172755682238,9.0119305245279,8.81126684734976
8.860434448419,11.4213032887621,9.05592052766669
9.0994364551629,10.0106016653288,8.90332977762298
9.50483517833347,10.068865899255,9.85147117095267
9.68536922937264,11.3558234507839,9.98335357191504
9.89712585710221,9.98652063625542,9.83511301403677
10.1483019231382,10.444711638441,9.86980507529748
10.2329027047795,11.0631392286647,10.2637599746983
10.3289893394751,11.9900530932541,10.3114475816503
10.2424792888373,9.88549887395466,10.0225455374149
10.1390758110524,9.5784111049775,9.90567860807847
10.2352152524398,10.8048491390231,10.5053387389921
10.4232847719363,9.62231612807192,10.316386277952
10.6134254176291,11.5561238216941,10.5308767090513
10.7939450999234,10.4239178403584,10.4477089795211
10.902084332773,11.4870600881668,11.1058389279334
11.0292506517635,11.8065567953785,11.1801640866311
11.2243548517468,11.0825158597331,11.1498571542443
11.3088715650123,10.5235444310407,11.1400526782956
11.5860594864302,12.4700864935589,11.8703132881817
11.7504122269979,11.9517451137319,11.8805595071751
11.9664592708304,11.8788607644573,11.9463040466396
12.1389051635048,10.8482853257736,11.7902274805665
12.3246243931492,12.6110105998603,12.7510324904977
12.5882051652833,11.8336838607669,12.62476148787
12.9725531166198,12.6038089934754,12.6767598763127
13.418689281929,13.8072475823847,12.7798250150217
13.6265110394393,13.1542853198178,13.518736683956
13.7065084103174,12.5977648944974,13.4568651622796
13.6050808306209,13.8445945476351,13.5878713836727
13.5063707238009,11.6402118339014,13.3696789073385
13.3537836222175,13.7855191110387,13.3920507517473
13.0079185204195,10.8988403552027,13.1196423381422
12.8288684209601,12.2343702286505,13.2923944570106
12.6182304885862,10.8115972855718,13.1779159659349
12.3699170845797,11.8991287662346,12.606278198853
12.3116492801769,11.1285230232987,12.5247359943692
12.1829052979715,9.60641975044486,12.3596522378968
12.1697194934272,9.62320066600842,12.3597931429081
8.41398085508543,10.2851505838906,8.96819526642263
8.48833518133929,10.1777642371093,8.95371970894255
8.74506673630683,9.26751080789859,8.84908159905968
9.04642826226366,11.3558338192765,9.04959973618962
9.43958844804634,10.963250756304,9.94144252664503
9.70585837466942,11.5466554107793,9.98896812901597
9.90022741371496,10.1674811223305,9.83609482521912
9.9633022669088,12.0953272921807,10.0246435071624
10.0372607429045,11.1718168982656,10.2659218316452
10.0912043401624,10.5021993835025,10.1576500835476
10.061476960173,10.4985027567239,10.1001511474959
10.1744788745188,9.83303988869966,9.96284779835367
10.2985152823705,12.1716299488517,10.7030156433169
10.6530952006279,10.6935478213669,10.4993042225047
10.9489646388893,10.6639158498543,10.4906507860564
11.0963140293749,11.8870289041876,10.6327310286537
11.1975963065567,10.4869292016002,11.0253683442334
11.2806875783031,10.9619268409889,11.1047234478571
11.3447522902603,11.622670687493,11.2062788373039
11.4678542560247,12.6242166088792,11.3500868039959
11.6337855796922,10.6011386465683,11.6534566837336
11.6882544705453,10.3811377810505,11.6736017393576
11.8963774798833,11.7071349168102,11.8389731879617
11.9969670217219,10.6068753447675,11.7009943212824
12.1907578805148,12.6070870951088,12.687241289221
12.4673475561284,11.5570797423734,12.5358355568801
12.7597795938069,12.7375442153389,12.6279819520149
13.2432328543712,13.1788666757255,12.6566016884371
13.5183417293351,12.5505177696406,13.4011648202612
13.5900165135775,12.0174351246839,13.3459841366728
13.604462076507,13.8930227725665,13.5480059787146
13.6446822261012,13.2118254270772,13.4911330332625
13.600964234188,12.8872055986054,13.2586095036475
13.5172366371571,11.4742464230434,13.1389239622736
13.3245523957357,12.7609864175604,13.3075337387571
13.0650840141262,11.4576706253178,13.2118886676329
12.8366444935008,11.7538672463023,12.5622152360732
12.6927636413031,12.6203758389185,12.6445194720086
12.5372125658617,11.6911976009144,12.539848676116
12.522694649388,10.8939474155697,12.457441686057
8.30268877693158,10.4797271349152,9.00385632680823
8.44140996438862,8.53567184147225,8.79552845089604
8.83126641842293,11.1419595723157,9.05181387226566
9.09770589930698,8.8440163001493,8.79096904596878
9.48930482930079,10.8080237889449,9.92144989978772
9.76835694688154,9.93002850522868,9.8125271575463
9.89669490821129,11.3893764463855,9.95132071081905
9.9207065599777,10.7605823221666,9.87535874374472
9.96251083294982,9.29942878797297,10.0664770323137
9.95028417785483,9.43909960731705,10.0517920067875
10.0097624822437,11.3553607874625,10.2067342077718
10.2012865087903,11.2554773803463,10.1406011202571
10.3475169105626,10.3412680246948,10.5617849806815
10.8022991978289,12.3496287837418,10.7320281040643
11.0783624598923,11.8436953151182,10.6630020707559
11.2126408811817,12.3250409898893,10.7165971211649
11.3227451720915,10.8990990459787,11.0912046648496
11.311240529791,12.8312698371356,11.3072662827188
11.3455244246191,11.9477846497932,11.2360630757478
11.4945373732255,11.2968939147395,11.1897772535069
11.6091421998071,11.3074224044332,11.6884548956177
11.683994494497,10.6085530354932,11.6371801917673
11.8448752712974,12.9253599741846,11.8805159462706
11.9040798737081,11.4374737260421,11.6974808890557
12.1591073729929,11.4309579429726,12.4844155326455
12.3932749786172,12.7477858633129,12.5825613308624
12.6431826903496,11.5016658958118,12.4316302269829
13.1795656527447,12.1555563026015,12.4889835518007
13.4454071927964,12.985771166808,13.3907464153178
13.5929110516146,14.1001060915364,13.5132559263068
13.6816866595621,12.1187188130325,13.3205651090807
13.7444375256586,11.8481691200521,13.3109160320784
13.8159656269708,13.0241107569993,13.235386033839
13.8631824320638,11.6377478834665,13.1158486025709
13.6765048974237,13.1979148760981,13.3105558415165
13.4486635040876,11.6445287451568,13.1822604509067
13.1448384315314,12.3369576232923,12.5676024918797
12.9225554868604,12.3571066584894,12.5759668241198
12.7610188521813,11.3630492330059,12.4743340928601
12.6660710839738,10.4939680808378,12.3908514679228
8.14984976257575,10.3810458344388,8.99863467748188
8.42597563172447,9.90262617702032,8.94120696448653
8.88760916260571,9.95730575508587,8.92949697698297
9.10764071101446,9.0538318549994,8.81191386207066
9.5046893421907,10.9356982079028,9.93153050161748
9.69199359101228,10.1717282307538,9.83113470618823
9.77557317271105,10.832327188786,9.88560351431311
9.86825399318979,11.8368293173558,9.98058826382519
9.84036431034764,10.9857370191953,10.2387892637828
9.86886316842133,10.371564304856,10.1544364436284
10.038967969291,11.7411240626035,10.2622283481556
10.2851792531751,9.8543635576952,10.0229475498412
10.5358765987397,12.4811336393491,10.8261997143748
10.9949055665748,10.1102510532381,10.5479301254404
11.2106985842455,11.9359751288318,10.7215366679161
11.3934395090727,10.9231922759338,10.6118780770795
11.4443382764602,12.2934274685843,11.2652894951063
11.3336768688256,11.6366272344479,11.1990090750477
11.3683279058556,10.1828804519447,11.049409201935
11.4600910544725,10.2988313776944,11.0640521944322
11.6203982562493,12.1199135639513,11.7309569044104
11.7595324068731,11.8965584385775,11.7121895146534
11.8201786702416,10.8503846826402,11.5960703887501
11.9114011930974,12.7998213740849,11.7627015304113
12.1878333283855,12.3015940344883,12.4907437328344
12.3617752887205,12.9096172490751,12.5153356048707
12.634094395096,11.695324723717,12.386012677296
13.1242212901813,13.8725091725613,12.6070313948627
13.3570950734587,13.2347676180221,13.3606505130979
13.6654796337505,12.798440664347,13.3302628316381
13.7576656789908,12.9491983163604,13.36940051336
13.8498180678251,12.3022483161672,13.3288864468146
14.021308997288,14.5247225972957,13.3651599375582
14.1093934511937,12.8026577989563,13.2086360900957
14.0288984456759,12.4088582419947,13.1925148912647
13.8708711819989,13.2153670203478,13.3031819444002
13.4202483668955,11.3964382648775,12.4309907112293
13.1727933335424,11.5371030646741,12.4601483787781
12.9256538207507,11.8956911812766,12.5090293633035
12.7095894973831,12.5946175485676,12.5946028147285
8.09069408603965,8.49556498087805,8.72421313330752
8.41542156759128,8.38166945649328,8.70409673017906
8.8597747988629,9.85387377158011,8.83936450588774
9.12038324186732,8.89703685137268,8.71551452644329
9.489324216931,11.0015826157736,9.91591698370555
9.61873438339423,9.95636314381947,9.78560522809453
9.74718583592895,11.0109921218507,9.87979311197874
9.88318422544985,11.2530605811249,9.89505655118954
9.85871592937869,10.4186086511454,10.3152837836291
9.98925340204804,9.79819742667951,10.235416441043
10.1632610224654,11.7783902268482,10.4167697670377
10.4660363726748,11.382365663299,10.3438421879864
10.7674567438043,11.4702571277578,11.1624345996451
11.1263916034184,10.509091121466,11.0446365659646
11.3264351868885,12.2300678946541,11.2110807759361
11.5126844465932,11.2935564617912,11.1053385380744
11.4840052139979,11.8326978966859,11.2889384593135
11.3790348360135,12.7658040080905,11.3730377230272
11.346043573001,11.867454683501,11.2648033590796
11.3628188578468,11.1545632128342,11.1712898846358
11.5717887467808,12.3682043940545,11.428934238004
11.6942157681664,10.2677365481091,11.2080519676601
11.7468128486787,12.7141172124041,11.4526799191712
11.8828274646337,10.2562486622567,11.1632073940976
12.1272188155406,12.1278447054735,12.2748576324655
12.3370266470494,11.2898991354338,12.1489543630931
12.6450328772507,12.9316567779763,12.3240129340192
13.0499140888379,12.5756038875255,12.2788716598559
13.3062896110363,11.4209709291071,13.1590167102443
13.6679602006269,11.8355020831437,13.2354704785311
13.7487656171221,13.8734749880462,13.4849163252778
13.9006598420773,13.7541322264884,13.5048608895873
14.0422404621428,12.6598569174726,13.6192020251808
14.1333044173915,14.4011946776081,13.82036350271
14.1461936710643,13.5484361252384,13.7456743487409
14.0065667759365,13.631562529665,13.7755985178069
13.5644723716136,11.7703187939545,12.8537468050908
13.3439654488902,13.3394709075009,13.0373024777407
13.0050742370874,12.1536086220364,12.9317100896021
12.7781668632118,11.2373758132923,12.853424729274
8.21206384773927,9.25451466006562,8.79592493196198
8.44927319538029,8.70167379524258,8.73281809013269
8.87532455021461,11.17827792217,8.97313809943735
9.209795380892,9.8379922812305,8.80716075550204
9.4920680358329,9.93267372060013,9.79707202814428
9.633983053235,11.2420812963938,9.91181136835205
9.81398712583679,9.84885883723916,9.75030271884013
9.93570278288832,10.291292910303,9.78426696854569
10.0079898411963,10.8959512465172,10.355919731313
10.1912405491056,11.8976475668399,10.4493259357156
10.3172428527205,9.95720109550569,10.2324878542092
10.7103971160804,9.91707253154487,10.2094359580977
10.9657599106056,11.4261463953761,11.190828573408
11.203355471422,10.4096885390013,11.0807283751619
11.3790264596301,12.3454435826474,11.2841074504237
11.4661580898657,11.0935200313545,11.1430144455087
11.4234769042952,11.9967437466598,11.3482751473287
11.3815362054112,12.1305735331607,11.3338086219314
11.2062455920123,11.2070697598556,11.2032931905954
11.1787901484866,10.4505420376651,11.0882035255032
11.3371090317482,12.2173313889325,11.3786495468667
11.3958546606981,11.5644979574042,11.3165207973165
11.5615375726483,11.4466417506244,11.3024628822894
11.7154148409044,10.4174030112314,11.169436034348
12.0134291031746,12.2322164421767,12.2922680451408
12.3613366072704,11.5348930848216,12.188822579168
12.6853625783575,12.3876427842519,12.2655408289128
13.0638248907983,13.6544178724362,12.3864097213501
13.3634266243824,13.0718738644674,13.3134087388224
13.6733711025469,12.7112092818331,13.3150014263832
13.8141067239965,14.1688461370328,13.5189304270668
14.0014441809382,12.1631372736826,13.3599959137161
14.0231348408446,14.5623625008707,13.8449124966242
14.1185502604305,11.9165001260744,13.5792957276546
14.1419917624095,13.4530460266254,13.7395531748372
14.0037164725227,12.0806254915936,13.6075234963973
13.7206299278981,13.0568156083046,12.9762971488907
13.4913281468137,12.0757774505038,12.8950198857747
13.0856522193798,10.3661295291792,12.7340433743527
12.8816591126313,10.2494623605437,12.7424304085825
8.31457734706791,10.1861827276502,8.8791301793179
8.44090385452883,10.1244231105735,8.87525215481117
8.86697510561181,9.24387119654021,8.76801200311102
9.18986456466332,11.3436524164643,8.95325472359276
9.47659420357017,10.9455204366096,9.88773518033367
9.67074709797223,11.5376501838311,9.92645177919182
9.82685189990297,10.1699614608638,9.76447835100926
9.95791282484135,12.1212820508348,9.95542642489101
10.0943474344844,11.2350866963603,10.3742881883311
10.2273865677479,10.6260507339397,10.3065856460867
10.3558440851876,10.7577710461731,10.3127337996241
10.7508094995242,10.2491998142767,10.2532013909388
10.9529209636448,12.7410126894355,11.3520473870023
11.2101398967842,11.3030760503557,11.2220048805981
11.3377905962608,11.205041977406,11.2371951669445
11.3577084858462,12.2978787940428,11.3274270885641
11.3959117495299,10.7397605151484,11.2621097073939
11.3767392811237,11.0464841955279,11.2509835812799
11.1964836539382,11.539329192281,11.2589598895379
11.176197576357,12.3699341383348,11.3016347273146
11.2044320305423,10.2074278600151,11.1827783262077
11.24848406305,9.90760350367478,11.1532604525905
11.4577310900458,11.2205753286841,11.2871879915113
11.5907895474925,10.1606403631227,11.1621181546316
11.9942837185243,12.2469617842531,12.3180750983791
12.3880400031967,11.2826563143907,12.1929562687576
12.7050842946766,12.5253382448077,12.3035601313625
13.1337585060483,13.0059728136958,12.3447900983783
13.386830794268,12.4309077456735,13.293455422115
13.6249887784093,11.9847026509492,13.2741635493705
13.812482057517,13.9438744684408,13.5267201435084
13.9434644584523,13.3672836753391,13.5237414886206
13.9241113834219,13.1553641458285,13.7533481194727
13.968823806088,11.9793367656615,13.6128291188331
13.9170687853182,13.4748491313208,13.7541241047876
13.8083100046907,12.2416126052804,13.6282076127905
13.6237613821924,12.4609861870872,12.9133616893366
13.3805249916939,13.1601246217284,12.998931425882
13.0335438905063,12.0926537522632,12.8997065575628
12.8150643472747,11.1695603815954,12.8308737583416
8.37115296062888,10.6168440088603,8.8983813189975
8.43745992005386,8.68161577991882,8.70372802333496
8.84158016167951,11.284415448276,8.9659164320864
9.12526127080023,8.96661493603981,8.6851168781922
9.5107019493449,10.9263078998457,9.85823779426416
9.74566107511143,10.0632934385312,9.74195765358225
9.87053755123856,11.5507544014065,9.87884791238904
10.0586389513164,10.9787694589931,9.80980074634131
10.1997697984727,9.57218269575411,10.1768790699955
10.2775363774148,9.75549043783669,10.1955469895932
10.4235702631098,11.7027761794435,10.398748686979
10.7396022790707,11.6456968681143,10.3980355449987
10.927926443122,10.7416994827997,11.1545041154374
11.2285614192461,12.6978012728091,11.3842360761046
11.2910017138645,12.0632509442938,11.3540843727635
11.2920859311983,12.4327604728213,11.3752485247143
11.3840007109345,10.8821269806544,11.3058404958097
11.3600634583319,12.694332624202,11.4485957256876
11.2633688027466,11.6838206222603,11.3037148285457
11.2274977168776,10.9112029783148,11.1888951000002
11.1207498137293,10.8215851546537,11.2980645310887
11.1622846406069,10.0774675811229,11.2106872358622
11.3181482768714,12.4009687554344,11.4430195890198
11.4431912169247,10.9900005277681,11.278085721287
11.9238296779061,11.0807209735074,12.232504929509
12.2978819409501,12.4774141484585,12.3536007754551
12.6314908917632,11.2539996057167,12.2103747708207
13.0974538811156,11.8885301610106,12.2712012804804
13.2596384937832,12.6765686043018,13.3672384438045
13.4584213742836,13.7766875970619,13.5073601259643
13.6451296248764,11.7873063422383,13.3393950351663
13.7284289846833,11.5292558961439,13.3606242735608
13.7346519838585,12.767232094072,13.7166882993832
13.6863452379647,11.5326112896836,13.5828395010747
13.5771245344261,13.272811947357,13.749851927311
13.5217626681407,11.8157464427941,13.5954691690975
13.3819108574426,12.4923705654166,12.9221483080231
13.1806120462831,12.4553818209,12.9299628479378
12.9369356788229,11.4154786011451,12.8340058196458
12.6879191783592,10.5097401736888,12.7631573619677
8.58801303459103,10.727703613642,9.45776034458859
8.68306115600146,10.2172354648845,9.41061038926269
8.95511719480789,10.2377334318041,9.40408019063056
9.21037795172182,9.31187236807207,9.2782877989685
9.73993913428895,11.1858248315778,10.2489540057905
9.96944258336537,10.4426846603288,10.1503027399859
10.1161972425369,11.1594683841061,10.2104364910748
10.3407758056882,12.2245577457673,10.314719608613
10.3779049302539,11.4161579180136,10.501488757229
10.420563927742,10.7696495068512,10.4384062881969
10.5008692191933,12.0698848124384,10.5803567825465
10.626933731381,10.1124825026313,10.390692355674
10.8416643893569,12.6422501853194,11.0181150368887
11.1084292087871,10.1432725404805,10.7835104602042
11.1370561651729,11.8558952564641,10.9803123824359
11.1720665433757,10.7513976216632,10.8593808924414
11.1785308860443,12.0430247671364,11.0834571201794
11.1679619559192,11.3308317335152,10.978603367249
11.2304144741199,9.80350918432988,10.7884919666326
11.1549662811177,9.84352709058109,10.7676970898247
11.0270595651435,11.608451339621,11.087124803428
11.0362963843008,11.3615568145141,11.0480844082313
11.0690853294821,10.3503018204484,10.9292021269346
11.2451304274623,12.3586608149943,11.118867954588
11.688131119734,11.9529375692022,11.8701403481673
12.0160311796294,12.6111338620151,11.9171221707618
12.4129802025858,11.3541034989569,11.7744469603718
12.8304105982195,13.4458986552326,11.9902753936346
12.9233173239596,12.6887764960464,12.6308734424879
13.1050208584009,12.1323921601401,12.5954695065606
13.2046757322324,12.1920363768807,12.6281235478846
13.3517372602349,11.4960544338551,12.5849561225588
13.4257587627953,13.7547949141714,12.9352592431994
13.2680210805983,12.1201701555626,12.766055991544
13.1663487444424,11.8589425588935,12.7340396148713
13.1209114588105,12.7959524319722,12.8291267827258
12.9811795876976,11.0678554317296,12.3030824329224
12.9234729086492,11.2499296315322,12.3353284551104
12.7559531263746,11.6552408384726,12.3934293049657
12.5129390484249,12.4044590603383,12.4911775908901
8.85914227264244,9.07827955072409,9.19668429740237
8.97360921527846,8.89948821730823,9.1736901636787
9.13421487938981,10.3212324040035,9.3187566300359
9.38478456726558,9.3146168576526,9.20654122801983
9.86979856576851,11.3999238943488,10.2155525617861
10.0847063177499,10.3569841525078,10.1004351805914
10.278802062784,11.4583339007983,10.2099638215052
10.4358619255771,11.7430775740608,10.2387374908398
10.4175791822687,10.9139451302945,10.426951867681
10.4467114210676,10.2021717318308,10.3594414270395
10.4295571074411,12.0069581600694,10.5571900394069
10.4902699304295,11.4583698312331,10.5218191215339
10.6935481947151,11.3604103709356,10.8800597876639
10.9096781829454,10.2396077638541,10.7842674896848
10.9944291926043,11.8529535363078,10.9647741977145
11.0402560864569,10.8709707732901,10.8601353510215
10.9586712956703,11.3957355573789,11.0185417244881
10.9884322903573,12.3361114515212,11.0954769380714
11.0918024661683,11.4313022816182,10.9799045401002
11.0532103570062,10.6968954626636,10.8859433849604
11.032457686903,11.8895936682072,11.1506509252613
11.0057048187077,9.78900494263512,10.9206229892486
11.043353746024,12.2503670557876,11.1627023603592
11.2399778310932,9.83008223836813,10.8934611314925
11.5815216076807,11.7400756856977,11.8879801001331
11.9002708875642,10.8949778970432,11.7821469219925
12.2814826873845,12.4444781371043,11.9330316400747
12.6156713345506,11.971722683073,11.883127894637
12.7343986441712,10.6521377700489,12.4633171917403
12.8627967639054,10.8768048946375,12.5017867265718
12.9098427175374,12.7950353690417,12.716854273447
13.1308316426528,12.6178855112025,12.7126570907326
13.2018773339416,11.52605887578,12.7098151826842
13.0585921258641,13.3094954894648,12.8961905331433
12.9660440460854,12.5266320885498,12.8146259485835
12.8501449483413,12.7452790467837,12.8385031347684
12.7250566437442,11.0587030665443,12.3170457210623
12.7314565062105,12.7773048711779,12.5114894595251
12.5668939816618,11.7287847542235,12.4214099575446
12.3948114102147,10.9299233503646,12.3568180559874
9.26845617936899,10.1529644177011,9.1983289220412
9.37196332260584,9.53624344550624,9.11819417095797
9.50641375950416,11.9198318035024,9.37353128161426
9.69327901317808,10.4720940895001,9.2423679785689
9.95943072728692,10.4865909712758,10.066083022091
10.1867873158185,11.7489989477475,10.2065544860475
10.392574209738,10.3565099580517,10.072352846262
10.4424891360438,10.8013955682627,10.1251776117471
10.4522862342732,11.3793069310968,10.4656495596302
10.4172547399678,12.2385498647009,10.5661850786885
10.3290780419017,10.0965271192598,10.3587906143153
10.3888300344187,9.82679571304839,10.3530575082676
10.4871650335467,11.0934372694006,10.8527325690825
10.7019851501911,9.89167302875486,10.7462414345978
10.8671285261176,11.7306703888604,10.9480605582051
10.8749886559173,10.4780244578997,10.816164760371
10.773259354585,11.4256847322552,11.0269542288282
10.7978286058539,11.6217893798773,11.0324888902905
10.8484646761549,10.7529816937126,10.9273115457808
10.9495432727555,10.0306563945685,10.8397054903665
11.0578607813311,11.8128871757539,11.1677746899561
11.0340147466129,11.1766653741729,11.0919578201309
11.1629478593622,11.0513224019619,11.0673447250395
11.2865265398734,9.98766168535352,10.9433291251666
11.5092808938572,11.7623392058946,11.9289312566596
11.7666157363204,10.980724057053,11.8340826000427
11.9843924309259,11.7279595568782,11.9019896761156
12.2480649970202,12.8745122964599,12.0171592171239
12.4160491845078,12.1585761263099,12.6550503377052
12.4736477533357,11.6241940124038,12.6040998337948
12.5568560084859,12.9681009548957,12.7503508579399
12.7953677882791,10.9294636720281,12.5454058648857
12.8563527124965,13.3353227089854,12.9020930386391
12.853189512319,10.6937769511737,12.6300052671051
12.7176377003206,12.2492190122925,12.7936832196856
12.5219752895355,10.9810493576048,12.6650975513158
12.4570642603803,12.1448646584586,12.4424028085667
12.4545157041909,11.3485920667818,12.3784930126563
12.3852148943353,9.81510494115939,12.2424249109326
12.3406671043667,9.87887696599129,12.2675565610195
9.55062522951721,11.4450601832262,9.21898158801866
9.67245060415017,11.3526088000809,9.1664907435419
9.87228836524699,10.3194556800207,9.10302497819999
9.96250920163119,12.2386548020144,9.35344527559301
10.0945673190544,11.6512774537834,10.1433693597094
10.2945048205365,12.0984776622612,10.2195975551708
10.4303300328918,10.6656136656192,10.0903132830257
10.4764390566844,12.570515081019,10.3062774975774
10.5089528144276,11.633230626269,10.4954218544956
10.4089309863417,10.8891676098953,10.4348651465234
10.3496449021207,10.7983820850353,10.4443595024844
10.3700593606743,10.0268897793707,10.3854274923951
10.3859454675814,12.2416486580336,10.9818170261497
10.6105854348837,10.6139845837125,10.828636649045
10.7510247843873,10.4374315102365,10.8192540268639
10.7474567120789,11.5489040574052,10.9341688485237
10.6967935984853,10.0754584402687,10.8956495378757
10.6519821606356,10.4897673444387,10.926327343651
10.6743110616958,11.0839985871286,10.9749312464293
10.8395718521278,12.0182453660234,11.0599713318714
10.9748018552941,9.92089831764143,10.9859218620851
11.0241208708593,9.64003803399936,10.9491011740734
11.1813025481849,10.915139039452,11.0736550014228
11.2493891939502,9.74719971635095,10.9457688872374
11.4670822053857,11.6859725081654,11.9563733889784
11.6353108325762,10.5767381156096,11.8322499594981
11.7490266861361,11.6987059348847,11.9392541453708
12.0307426378234,12.0919719698963,11.9703453008881
12.2028270706379,11.4254035400823,12.6028314532179
12.3360683888606,10.905890129016,12.5443289657948
12.4971514932282,12.863023891287,12.7449446958563
12.7023257508233,12.3013573149591,12.6881381269187
12.8062403219865,12.1343428215188,12.776570540271
12.8698572059221,10.8975212535817,12.6559957510208
12.7056934012789,12.3465204490571,12.8128724290677
12.5313833546553,11.17725612084,12.6966876302113
12.452977181743,11.5346728899872,12.3861123114803
12.4178348501156,12.4062434039236,12.5085473756015
12.4543807151711,11.5036000460843,12.4423676979662
12.4291905140877,10.8087339683083,12.386341785005
9.97079749109598,12.1991696996222,10.3207230524344
10.1729087353085,10.2587642608347,10.0579357871915
10.3972502023353,12.6811737585482,10.3703410898591
10.3634985313731,10.094091695006,10.1765566065892
10.3711132911702,11.760148970558,10.6255117442647
10.4063000574753,10.656646542067,10.5579917019929
10.4170809261953,11.9960334060735,10.7308364675292
10.5064917861863,11.3305777827861,10.6854870695296
10.4855868747007,9.8490619149261,10.4256005156791
10.3680057958379,9.89773644225201,10.4513950709162
10.3579805037192,11.639964147169,10.6527261029632
10.2588729691614,11.3246004611105,10.6404775431049
10.2453086611222,10.1437937996883,10.4265512394489
10.3909361103572,11.9172473897733,10.6247004640039
10.4586607724625,11.2361124808382,10.560995176241
10.5424233179613,11.6279663724528,10.5998291159963
10.578823042172,10.1722549875642,10.711674405949
10.4885584268099,12.1220819680678,10.9021242299343
10.5599358348341,11.2636250633994,10.8002416479199
10.6965585268142,10.6458596608587,10.7233855440092
10.8897251190045,10.6628694673521,11.0165129069318
11.0555921593262,9.95532148029704,10.9362503351208
11.165063822269,12.2096485193512,11.1666166517607
11.2467422148433,10.6122193296506,11.0002119868937
11.4586929494103,10.4729154342992,11.42465526876
11.5148564126945,11.6772642954825,11.54551826286
11.6072457053606,10.3298015545244,11.3959006697625
11.8771950745826,10.9215490691859,11.4419762627025
12.0479391508903,11.7686454173417,12.451296025311
12.4260174514309,12.914986153093,12.5549344493738
12.6498991413446,10.9998388316928,12.3462614580965
12.8524327512918,10.8017530160863,12.3267652954864
13.0112967016155,12.0611439395939,12.8293250055588
13.0197412016131,10.7794588679655,12.710034981299
12.8903801147024,12.4836779896596,12.9065542415293
12.7741714729685,11.0536844368465,12.7799117043475
12.5737063801065,11.8005213880447,12.7247509760013
12.5422209546088,11.8991331158015,12.7681795599513
12.6262524093625,11.0089198418656,12.6982725226847
12.562586922507,10.2862272632412,12.6283524223876
10.1585778969133,12.4526998777831,10.3588323904737
10.3962994064108,11.9514467455021,10.2775263228759
10.5782189522702,11.8034987092386,10.294562245679
10.5591157591328,10.5928816568439,10.2255547500648
10.5196700435094,12.1213283306787,10.6609906478107
10.4491002957654,11.0874347186201,10.6026010793328
10.4466385168489,11.5940402209204,10.6931217784007
10.5325882509855,12.5282219539014,10.819234086695
10.4734326014129,11.611967956114,10.6212621601025
10.4084563665728,10.8688098238374,10.5661421546088
10.3739615627541,11.9931013060929,10.7048441060276
10.2462699749212,9.78147292959676,10.4949031004448
10.2542743928918,12.0667464184994,10.6389503176299
10.2913793205932,9.4153516291277,10.375062987957
10.3579320439637,11.0606098235281,10.5503924084867
10.5106612368458,9.98344821681736,10.4351490452852
10.5848321165032,11.3855808486704,10.8418299947148
10.5619542889479,10.8160897390789,10.7699226461372
10.6511316455161,9.45684176932206,10.6154234584498
10.7191226171017,9.66541444326042,10.6239421109304
10.948475288284,11.558682235267,11.1126042150652
11.0991855850968,11.3426405954153,11.0863557409989
11.159896076582,10.2322999903712,10.9703590748267
11.2664675240468,12.0497994875592,11.159646535774
11.4110611129667,11.3889906497938,11.5327946433581
11.4681081569416,11.8475438536715,11.5809478466909
11.5959608543846,10.5074945496468,11.4310539807728
11.7997471032093,12.60520209402,11.6247928927682
12.0019300048389,11.9761071185425,12.473953802421
12.4860086535365,11.577819294215,12.4087174850685
12.713531693156,11.7570573008778,12.4153000163048
12.9769759223237,11.1405528770826,12.3519183144075
13.1071004031113,13.4173820551079,12.9671262303296
13.0659207400957,11.7679662685486,12.8208486546659
13.0063285986226,11.5061927352517,12.8325436687385
12.901385701398,12.4774859308059,12.9771598760648
12.6802684290396,10.8326054930774,12.7032494217057
12.6860251477423,11.1021605847269,12.7558967645677
12.7192956558481,11.6046392938893,12.807789615522
12.669269115833,12.456547152798,12.8815216985033
10.3811742153427,10.7537424134062,10.2163418294126
10.5748113941957,10.5829787445218,10.1873494566559
10.7570843635597,11.8705618963246,10.3393568658572
10.86116256714,10.6196804905586,10.2538204954833
10.8007725690639,12.4030736517801,10.7048073076185
10.7325006065898,11.0866942565919,10.6126547565639
10.7698821794447,11.9717724112089,10.7403069295227
10.7704014848405,12.1050393883618,10.7834466331963
10.7317142728518,11.162598888856,10.5835892279291
10.660773891962,10.3663050935574,10.5244154806061
10.5221662776863,12.0427668372879,10.7198067397214
10.4249847571092,11.2635336151066,10.6569433365394
10.395584162121,10.9483190911041,10.5292366896006
10.3167338308836,9.69559546602473,10.4069555988011
10.4065302589243,11.251840660196,10.5696366437244
10.5341170610832,10.2930662581123,10.4639387547372
10.6720155550326,10.9147514556139,10.7881182680465
10.7870056520016,11.9732034432157,10.8848545528082
10.8092910092003,11.2062778704721,10.7926374160053
10.8223394609252,10.6150950237729,10.7202396698238
10.9804403467758,11.9078992418562,11.1489099478885
11.0068174617077,9.80809908269482,10.9292555268957
11.0586146623431,12.1805666138537,11.173370893405
11.1216176499897,9.57973580609295,10.9037306992944
11.1957957014272,11.2600719605283,11.5181922920604
11.3564801893574,10.2883573181537,11.4171150124477
11.5167247522127,11.8102629838824,11.5619959299851
11.7080013138752,11.3516958160233,11.484940188109
11.9822650488376,10.1922511263759,12.2744961072207
12.4384414351504,10.6090223946715,12.2935550143156
12.7063579733334,12.6494389337114,12.4942240512815
13.042611001236,12.5306071319645,12.4861637650673
13.0811135814583,11.4476739044611,12.7609040536548
13.0903472607651,13.2521051589581,12.9892331916771
13.1021034890068,12.5311271923199,12.967605827563
13.0234293779804,12.8530769984614,13.0741829135343
12.9676090807707,11.2739558938702,12.8322268986578
12.9860329889703,13.0729905314339,13.0386364304238
12.9509285917198,12.047657031981,12.8981570402685
12.9621793444116,11.2720588393584,12.7794984805562
10.5077130956049,11.5582572219489,10.3389359863887
10.6346295095008,10.9213674558286,10.2728739046165
10.8719755489392,13.2482616781893,10.5323052100432
11.0204956047746,11.6732074124905,10.3997041666933
11.00888617257,11.507101599952,10.6380193171387
11.0181413949741,12.5929443706564,10.7844248260381
11.0448199344624,11.0387637078709,10.6533545121199
10.9993225748173,11.3382089159208,10.7112357477713
10.9899165566306,11.800040787181,10.6571263129884
10.8191855167442,12.5642265594918,10.7590111761567
10.6397537204014,10.3105785468154,10.5444960107751
10.5364936558846,9.86208978966038,10.5149871308809
10.4535516343928,10.9685613424967,10.5309174511777
10.4057532433143,9.66096787164967,10.39937260731
10.4772177312367,11.4705571139274,10.5836357182487
10.5396995293699,10.2373087519556,10.4461186117074
10.7447076086501,11.2456895719507,10.8079925302917
10.8889525713288,11.5122503841059,10.8222664099368
10.8863719956028,10.711080327298,10.7284211323786
10.908174523438,10.0454892280194,10.6518499974038
10.9381052716067,11.8555761756698,11.136933659444
10.919472988514,11.180303189361,11.0645714805718
10.9842690368565,10.9602265936235,11.0398548897773
10.988018790772,9.75999966684832,10.9129119770273
11.1054795759718,11.379129063035,11.5151400713361
11.3171966229022,10.4998298381281,11.417136952068
11.4851024942181,11.2455200176956,11.4768504441128
11.7708584342584,12.4620075897739,11.5731762097878
12.0404743314841,11.9042922071745,12.4295244608835
12.4084752636238,11.5165436135355,12.3655248824232
12.7003972799767,12.9546388740525,12.5082732195805
12.9761796955074,10.9450363993348,12.3115216617922
12.9822954326454,13.3274383643899,12.9556907263756
13.0351076081003,10.7179325965199,12.7334932706197
13.0405803156193,12.3762304935407,12.9716645326624
13.0307024963178,11.2845823101155,12.9388553804712
13.1165020852347,12.6293261583531,13.0181409091566
13.1082807504657,11.9379640230934,12.9600518411867
13.0864170211365,10.4063249679075,12.7431554170507
13.0895509805664,10.4375978257964,12.6981997210224
10.463804859491,12.4139723988266,10.5365615183629
10.5765077118845,12.2769797883035,10.5346851887217
10.8718170520529,11.2730565415902,10.449232430171
11.0138661944332,13.2249981896437,10.6738601967251
11.2062364296842,12.6658232823573,11.3441339247557
11.3046404455208,13.072262331786,11.413689649494
11.2943717356992,11.5499467631574,11.2769720586129
11.2977199139811,13.3400472449869,11.4869801656168
11.2696542032061,12.2685200706211,11.2014130483883
11.0025102080273,11.4190523941727,11.1323000840684
10.8537645729101,11.2268812670983,11.1287885557285
10.6735488503658,10.3387170103401,11.0498092996577
10.6096501405201,12.4666989697225,11.2074006611225
10.7018901467738,10.7893989611089,11.0324752969473
10.721675204941,10.5988237930291,11.0046583637652
10.7615132431326,11.7206418516637,11.1066480743327
10.9788176152825,10.2652877941753,11.0670070422815
11.0512276861601,10.6808802074476,11.0965348638958
11.0913016191272,11.2600122734485,11.1482585546932
11.0744612472813,12.128634028479,11.2341741195826
10.9207101810383,9.94730440596997,10.7571019834722
10.9112628905765,9.55760892271263,10.7162864661352
10.911963632746,10.730580054461,10.8344047056194
10.8915206270428,9.49223923527856,10.6986781744171
11.0795104212828,11.3757082625445,11.2764457104633
11.2495722686599,10.2428465518387,11.1431159469568
11.4552307780759,11.389902589576,11.2382479993363
11.8657254428267,11.850425372575,11.2582219768114
12.0445103322831,11.2832082695829,11.9428984173402
12.3204257521934,10.8319149164883,11.8789643400062
12.5340697346353,12.7958996799286,12.0825001534953
12.6318042528337,12.1960024992848,12.0403405503278
12.6573012949628,11.9700787349849,12.2741276318333
12.6614826022943,10.7481364870996,12.199324357705
12.6764927134453,12.3273241341793,12.4270467207443
12.8257942023657,11.3866377017328,12.3989723689372
13.0336098371987,12.0168775898927,12.92321702196
13.0626579453127,13.0296709534419,13.0403038663964
13.1090913538566,12.1744926442369,12.918066769054
13.0351748436598,11.429506707249,12.8009905032349
10.3360524699476,12.6787092452287,10.6073470322555
10.5174864205718,10.6741769501087,10.4192919759767
10.8007464518136,13.1945094173922,10.7023489620251
10.9625145889801,10.7958426793885,10.4746116688617
11.2950985419457,12.6613322857124,11.3933226163125
11.4034145535987,11.6668433662409,11.3080533537442
11.415788195193,13.0107754845081,11.4626905763582
11.4578011994431,12.2596095961412,11.4006732001779
11.3764747694581,10.6517399583373,11.0526532339975
11.1514942021628,10.5996164795317,11.0621152232959
11.0217694475169,12.2724342201921,11.246097455791
10.802988952415,11.8923653595357,11.2163423506928
10.8114365599809,10.6794451261162,11.0243167094184
10.9450764273026,12.4575333782125,11.202686171108
10.9692310520383,11.7841313170618,11.1165214529783
11.0398578518283,12.176416004791,11.1366757741055
11.1433766066956,10.7084148744948,11.0918264549521
11.1515462536393,12.5961515272414,11.2727363769998
11.1898599586703,11.6320937633114,11.1653391512702
11.0926994692827,10.8360722139395,11.0822980419752
10.8977323781167,10.6504282017772,10.8155901368536
10.8766352502386,9.77406277224356,10.7243184860772
10.8199501180046,11.9255013402054,10.9427029088135
10.8507195954586,10.2940436805617,10.7615581729821
11.011897986939,10.1933696021152,11.1260224826775
11.1366256168518,11.4423537691909,11.2303162563713
11.3819902881888,10.1418491014694,11.0677869872931
11.7843894237046,10.7746215175744,11.1047348571193
11.9413422334276,11.5968018798003,11.937146414476
12.2116514910313,12.723877180232,12.0401258114371
12.3248661276008,10.734290630901,11.8379427569792
12.3783943107807,10.43217437948,11.8338982180492
12.4160295142955,11.6077680139623,12.2163693342383
12.3602556050757,10.3118278981297,12.1341990285661
12.4290723537081,12.1335148345367,12.3792074321233
12.6387022365049,10.9430189855724,12.3111550580484
12.8861806149389,11.9974683498782,12.8583123845956
13.0056929179741,12.3064946765016,12.9007462998172
13.0529757983365,11.5019700819364,12.8040094565807
12.952240222987,10.7747877547404,12.7089716177315
10.2513507279567,12.5062321365403,10.6311819943408
10.4935207915972,11.9598594945359,10.6007973344871
10.7440092125862,11.9270977828824,10.6257990685934
10.9543866242815,10.9734673092085,10.5541937889433
11.3272201024822,12.7860457757424,11.4716522175401
11.4325777529268,11.9686708149254,11.4036107443855
11.4968353623781,12.5412960671066,11.4718851306417
11.5001486315086,13.4281588333958,11.567467794516
11.3765398432454,12.4398132653485,11.2711405616106
11.2273125591721,11.5988715259989,11.1904117335022
11.0867122915844,12.6989301190394,11.3081594602338
10.900489019745,10.4765408694553,11.0821474260277
10.963988167641,12.7851441706718,11.2521089945034
11.0897995868831,10.1652174295365,10.9700836377297
11.1714543036157,11.8429321406599,11.118734957594
11.2624319416722,10.7596199530814,10.9761070047501
11.2292159930447,12.1262225421546,11.2197200692137
11.2099052904947,11.4609211891464,11.133913866469
11.1838752420755,9.93361854281044,10.9690146521118
11.0312128047755,9.91784331146629,10.9670162631857
10.8626255581848,11.5505103704294,10.8887593609337
10.7965488900765,11.1313463915895,10.8448891874012
10.7493200003301,9.8965279255178,10.7086462464258
10.8426207169911,11.6794955466036,10.8768970359781
10.9439968253086,11.0731192603658,11.182083434469
11.0604512165122,11.5859266605638,11.2061516175531
11.3070119270465,10.2619546436632,11.0374954511046
11.6430529997199,12.3742308723422,11.2271472355794
11.8421635250134,11.6683606401862,11.9018807361226
12.109254832697,11.1634513587861,11.8399652981372
12.1568097955589,11.2235059350539,11.8538700222245
12.2378215154715,10.4785035217425,11.8034827259983
12.2477947614346,12.654175387763,12.2915013485163
12.1708885236284,10.972651171429,12.1676203321792
12.2755419322726,10.7870561044294,12.1997623984251
12.4561216822059,11.9476419023235,12.3659985299814
12.7363178700595,10.5700252829617,12.6539936335306
12.9254396390789,11.0828162025628,12.7203824480824
12.9264147261613,11.7426475826243,12.7899876349063
12.8453092301319,12.6602825864999,12.8809690497419
10.1160861844594,10.4746789222166,10.4495320656971
10.3345218917104,10.2581911338474,10.4603139591312
10.5951723217721,11.6410420015065,10.6418104365027
10.840484307623,10.6342420718489,10.5814672492385
11.1174232041848,12.7023439726407,11.5431858076008
11.2714331029087,11.6134828289152,11.4557410040101
11.3847505496946,12.6214905749937,11.5583689679618
11.2773260073775,12.7563862829471,11.5582046958376
11.1846551637359,11.7940039790448,11.2457600530219
11.0879528208918,10.9609909174255,11.1535212356135
10.9697912629571,12.649688560357,11.3254863678362
10.9581892915257,11.9081400266763,11.2453255999216
11.0143724336707,11.6636569343572,11.1485117373194
11.1648527523344,10.4526182754802,11.0178480257095
11.3438538028237,12.057953364342,11.1384107521739
11.4110473131893,11.0991548296527,10.9987275789339
11.338791543071,11.6697576555519,11.1561265184908
11.3166675162426,12.6349196328466,11.2383225821314
11.1636536729995,11.7044032087153,11.1337098195991
11.054392900224,10.8918786440086,11.0482357964991
10.9105285439726,11.9338773989762,10.9055600395257
10.7774795556658,9.63627535397083,10.6620859455237
10.812419752746,11.8572362032398,10.879341665683
10.8969156445333,9.19702466591531,10.5822715719915
10.9521725324009,10.8885836957846,11.1229530690188
11.0590196905876,9.87729543503073,10.9868654721744
11.1656767916781,11.3639934818308,11.1086733566155
11.383974279558,10.9043026295259,11.0297293102189
11.6375555541914,9.6528763954596,11.6465955842227
11.8611167931964,9.92583916794717,11.6645452250616
11.9494675701752,11.8378222511242,11.8723272097858
12.0663393595232,11.6068742029827,11.8754336152639
12.0209065310081,10.442942473655,12.0167894830795
12.0028754850442,12.217879996395,12.248580933472
12.0413407028637,11.5431290651991,12.2277721462289
12.1010347863101,11.9733069154029,12.3169911359457
12.40942259072,10.5762681584799,12.6074084130707
12.580409936657,12.5814321226963,12.8381094744111
12.581650424781,11.7445308676802,12.7640029146765
12.572469556655,11.0901724461122,12.70220104473
9.96625448432178,11.0891067807392,10.1276690831696
10.1367751827566,10.4119391086448,10.0970149759775
10.4520687756768,12.7602892814329,10.3942117095224
10.6594479478569,11.3361950931216,10.3052124583999
10.8989032355396,11.3735039992864,10.9570550088073
11.1075426776235,12.6980466843732,11.1564176478284
11.2163431093711,11.23471743524,10.976547319189
11.1332218136873,11.572625739197,10.9698045016576
11.0918746799833,12.067338980672,11.3208214728704
10.9801237034937,12.8857466841547,11.38526468781
10.9381858075363,10.6942767917628,11.143500240377
11.0111011122256,10.3293421013368,11.0933848780028
11.0320270536677,11.526589094568,11.2639402090464
11.2160321305031,10.2823259383286,11.1104634733958
11.3758779493423,12.1247431023254,11.2605223929812
11.4163005389418,10.8876743740613,11.0910244682427
11.4169187922658,11.8498918417337,11.1929296532479
11.3668421791705,12.0406622700812,11.194606069307
11.1946196755909,11.1167850723932,11.092231908695
11.1414149129858,10.2940988844239,11.0043150592118
10.9530625960965,11.9228644603902,10.7630359377449
10.8162519534725,11.0759168771489,10.664578523783
10.8273800978927,10.708564579392,10.6059619631618
10.8423651618839,9.39954710560059,10.4436768995876
10.9171125637514,10.9407483585589,10.4432373981405
10.9684055156321,9.98272988487156,10.3127295179607
10.9570213922185,10.6308159922502,10.3491893530992
11.1244191970828,11.754309373533,10.4310721928368
11.3379369557333,11.0737917152651,10.8065861362203
11.5704982073929,10.5492097730331,10.7396460335937
11.7435607482657,11.8826621432855,10.8899597064858
11.8586770642643,9.81733396945747,10.7040629474422
11.8487086080698,12.2017025647629,11.3926089810929
11.8849636963604,9.60355062672516,11.1660561836085
11.8543218676699,11.2955637481884,11.389471153961
11.8839102237517,10.2427918629038,11.3294846021189
12.1562892961113,11.6438824955506,11.8925863631385
12.2811165606733,11.0740591161074,11.8699643185728
12.3817724531031,9.70113077849998,11.7539309372416
12.3972217169612,9.86720281328608,11.788083303477
9.86588038950156,11.903799252326,10.205316923048
10.0026682615884,11.704555567926,10.2255395535791
10.2910409158138,10.6536409423899,10.1779903903729
10.3957323446807,12.5859514648432,10.4532815448562
10.6613799358263,12.0887666009548,11.0617986799367
10.8691507395376,12.6573678861449,11.170516021299
10.9818275837364,11.2495692289602,11.0072813691926
11.0935685413022,13.1586157832521,11.1632942846645
11.0719734944845,12.2135158067044,11.3584729765014
10.9637123130994,11.4767974439538,11.2590850518218
11.0128564718651,11.3806834340008,11.2287941086915
11.0424826521524,10.5962717890692,11.1235629987543
11.0510635930023,12.8085516919471,11.3831901910521
11.1643799405811,11.1804202146421,11.1792707060556
11.1901654128741,11.0058112024063,11.1180874064643
11.2384976627946,12.111169686442,11.1913117936281
11.3107950806867,10.617146832931,11.0392687043659
11.2332107938667,10.9900103703871,11.0655654696116
11.1774754541706,11.5075870682045,11.1165307760164
11.1388316345709,12.2941726984386,11.1986991964095
10.9327174436775,10.0179182534533,10.5483286897238
10.8299353510725,9.51386652520635,10.4783311838413
10.6601476473084,10.546213502966,10.5587258175306
10.611996142841,9.14737787726313,10.3781909545879
10.7058806221291,10.8723564550876,10.3910725426969
10.6755956707614,9.58856411144032,10.2300054897374
10.6363644129364,10.5775886781913,10.3074743455862
10.7341010383059,10.8888318478489,10.3044745178286
10.8339603508012,10.171401869935,10.6611667253863
11.1619780380416,9.61533076485706,10.5859005460513
11.3912855749517,11.5334568548689,10.80324243742
11.5452121188474,10.9573708058857,10.7737988202694
11.6579317438827,10.8170442890613,11.1947206157977
11.7050044897604,9.66872769926603,11.1122874515403
11.6741062872006,11.299075863748,11.3289020547979
11.7273190808225,10.3600905640446,11.2891952301095
11.8349033890281,10.9430116737334,11.7827824592247
11.9444661557462,11.9742898353888,11.941109877903
12.1695844038261,11.1900774925805,11.8986536170008
12.1835453607715,10.5777831527539,11.8608336462363
9.9096445128418,12.2343702450345,10.2194111474824
10.0189788989796,10.1586439942147,10.0383542158057
10.1647489784315,12.5474149359527,10.3583286291075
10.2267920774183,10.0016579717462,10.1694556269681
10.4730347525636,11.7478020866744,11.005254871025
10.6313702234984,10.8198584728728,10.9446914656968
10.8027506536147,12.3511636523082,11.0965912895575
11.0556010125028,11.831579598702,11.014750483275
11.0491065799714,10.4280755954711,11.1743727676114
11.0193141077434,10.5390119417825,11.1679504127284
11.055311578373,12.3177932048401,11.3292737979742
11.034258741824,12.0287008937892,11.268250650496
11.0655756683622,10.8789843304367,11.1696507332358
11.0576902872969,12.6636080151492,11.3085696010894
11.0278691594788,11.9617066294583,11.1850403696142
11.0974144011309,12.3082280711175,11.1768759199616
11.15366098396,10.8014273637745,11.0247520863901
11.1280327058042,12.681360964859,11.211326632832
11.1603057839558,11.709335638791,11.1178406184482
11.0987498406494,10.898453778941,11.044546480924
10.9582452864279,10.6951004208779,10.6081751587747
10.8425084007163,9.74298318837422,10.4890139669973
10.5526704305521,11.7616728540781,10.6656425635088
10.4938132105074,9.94666461802304,10.4310453740778
10.5242664297776,9.62814049841801,10.2202462844535
10.5051469954931,10.6596336501652,10.3033592467148
10.5301607974577,9.16068483134894,10.1436860855232
10.5555008156558,9.61593309275676,10.1655042339619
10.6137248499468,10.2936497777607,10.6262851150894
10.9474695662123,11.3287254017849,10.7001156627394
11.1311903524862,9.34000214074282,10.5384791627071
11.3402678663397,9.1410896928665,10.5556144590021
11.478509451113,10.4444222766884,11.1120962320802
11.5152859215406,9.27851334940838,11.0168853112495
11.5537921573244,11.1828612791026,11.258305733552
11.6064928379132,9.99671647276103,11.2056120304043
11.6255453199191,10.9786384006752,11.756146421568
11.756908624504,11.2231946668506,11.8487832934175
11.9712222895719,10.4309447825601,11.8158884973242
12.0223711507731,9.80520821598392,11.7826075226494
10.0182415602753,12.2098119350855,10.1919187253248
10.0365350460763,11.580277184897,10.1672036621194
9.99268022098294,11.3738374948522,10.2090837625449
10.0505472234459,10.1520675184629,10.156852091215
10.1600302263848,11.7575235685993,10.9703394453262
10.2966062106123,10.9269845274501,10.9155452790362
10.5855142483548,11.7182558882367,10.9999566830872
10.9689349004705,12.9313031846241,11.1133081644946
11.1097622499838,12.2125422930803,11.35380740386
11.243649064996,11.6208761459353,11.2804970575047
11.2106961442107,12.8210913552022,11.3789843930492
11.2096825692493,10.6576881584799,11.1193868185884
11.2239553297261,12.9658664728339,11.3735318781936
11.0849925218093,10.298585724061,11.041290660016
11.0589975026657,11.8932685614022,11.1439331836681
11.0767125179393,10.726403116833,10.9655488763798
11.0838191483873,12.03629333676,11.102853736409
11.160739856039,11.40371308228,11.0368017531718
11.1647019971678,9.91598971622241,10.9035998765501
11.0890453189473,9.90232384584423,10.9276869050683
10.9936285129921,11.537629472783,10.6864520154722
10.7872350897571,11.0618086316286,10.620663415374
10.4440151968529,9.68731649746961,10.4489536253404
10.3105366754042,11.2830448476632,10.5631056556907
10.1919146191652,10.4427517394973,10.2808288982933
10.263825093787,10.7362218845202,10.2796137019288
10.3539764623236,9.22183162785098,10.187389210593
10.3455259493675,11.1655436110502,10.4100620265466
10.4214387544406,10.3293071173898,10.6296735904054
10.6007640082728,9.7490495960831,10.5493169738501
10.7154698322101,9.82430525856533,10.6195644806667
10.9654230546751,9.17724688874586,10.5700156605979
11.0443781763082,11.5006339193652,11.2072616565959
11.1735044806263,9.95536562603935,11.0299856481593
11.3145033559954,9.89088181129146,11.0691684599452
11.368360735499,11.1177283873337,11.2926783587033
11.4575905462654,9.68612147838396,11.6064176226526
11.5843389718362,10.1173219347793,11.7283531560406
11.7350561663658,10.7498565845203,11.8505797239001
11.9043081768301,11.7305635539038,11.9870725903867
10.1134071757732,10.3429897853991,9.9077601382299
10.0792192797088,10.0722615646862,9.92281849904378
10.0348859781304,11.2727938262036,10.1098520045654
10.0747680463895,9.97072761759852,10.0483247587765
10.0854230906755,11.7593207702951,10.6749095853045
10.2376779723324,10.6157478045025,10.5945833501277
10.5232111830748,11.7862345385795,10.726277645573
10.943049599324,12.2857180405093,10.7711541791342
11.2212191135648,11.6897696179405,11.6559678260682
11.4147395099994,11.1416659583776,11.5872023974224
11.3808008930333,12.9635073343111,11.7560298791865
11.3993544467921,12.2540848971221,11.6507907127711
11.3530163469702,11.9666048310131,11.7061567139549
11.2262739678668,10.6636382756438,11.5037777873314
11.1953962243326,12.1198613397478,11.5726664275397
11.1344804703475,11.0356024539213,11.381979842253
11.1427048890805,11.5268772674154,11.1828272020871
11.216843577651,12.5623054710922,11.3110532412085
11.1409401470701,11.6926789655218,11.2491799784795
11.0756113993659,10.8791043948289,11.190442589115
10.9100509058031,11.8684312166534,10.6408527510101
10.6785633418395,9.47308723581361,10.3949219449766
10.3761515870964,11.5689957391601,10.5947820027117
10.1689855813513,8.73268502929592,10.2726160094413
10.0221368770384,10.2281538198962,10.0561997013196
10.127483903889,9.06253349051318,9.92588886612394
10.2159528354435,10.4189035700784,10.1215215290285
10.3017174311874,9.85733654619244,10.0755598913269
10.3957376387553,8.47840135603291,10.1504579557447
10.4658864558765,8.64869274559719,10.1538127123982
10.5841873073586,10.5551018696088,10.350365380705
10.7869188997207,10.3930599581416,10.3089701817104
10.8418385108697,9.36312413423496,10.7205525045616
11.0660320048694,11.2564376643334,10.8664473906162
11.2242312628667,10.7466260906296,10.8724118951206
11.3291462720037,11.2865082225574,11.0261706682594
11.5316221616604,9.87879219268448,11.5285471906104
11.6059086644151,11.8246597522648,11.8070205493635
11.7352761698755,10.9640910138442,11.7753143273446
11.9236515932307,10.3488461927333,11.7520299623544
10.1093073045152,11.0618817404821,9.94203345747767
10.1172348176089,10.376916977144,9.91475980217444
10.1845775915422,12.5820207993852,10.2149257356809
10.1589505049128,10.8904389009211,10.1176655809042
10.1450952441597,10.6733552978601,10.5380661706024
10.2541202981281,11.8436076176572,10.7082111462246
10.3992931921544,10.5684456723236,10.5924051230627
10.8471320912171,11.2628125388345,10.6608181597504
11.2217674257235,12.1497397161465,11.7004104501671
11.4964065356151,13.2689644566473,11.804366415757
11.5800045093027,11.236398259561,11.5811449935793
11.5711120518153,10.8939418459947,11.5240692643222
11.4959534403665,12.0204521707685,11.7293300985847
11.4862927592368,10.6572460372192,11.5107699403277
11.4179941914412,12.334127822552,11.577028827711
11.3313715177836,10.9506680231426,11.3288376675694
11.3641367257455,11.8720130147028,11.1874903150662
11.3402237522865,12.1068234255228,11.2384786110433
11.2331264639088,11.210879612068,11.1756708338731
11.1404275171466,10.3287791408173,11.1174022843948
10.8357552021763,11.8459108095619,10.6333124750643
10.6752465354547,10.8641436875972,10.5500329320856
10.4288729313223,10.3620269144005,10.5039429200063
10.2056319641321,8.91789415140574,10.3463468689221
10.0978150993342,10.3518728105753,10.1703872586944
10.1198396208581,9.32181404583501,10.080742341216
10.1872518351316,9.94480236682856,10.1980836724381
10.4171655911784,10.9945143619256,10.2793952180521
10.4756931065728,10.2442602070853,10.4507984124215
10.5200576200359,9.55593961668593,10.4002427530807
10.6279619521476,10.8415407026661,10.4860418350595
10.7051451855422,8.81791364080055,10.2286420594065
10.8033474337884,11.3038705636085,10.9966120405866
11.0378812914465,8.83525561538647,10.7116743579035
11.18823253926,10.6537183799722,10.9293855716888
11.4179527620776,9.70348011858678,10.8992825621861
11.683220591804,11.1462656771391,11.6855848042902
11.7061617783537,10.571337003514,11.6977182260804
11.8047748891649,9.19617447585729,11.6148414639678
11.8695837616485,9.38770609693013,11.6722705418012
9.90641433180325,11.8581571608459,9.97991624301955
10.0329437129526,11.6985032246949,10.0189063624514
10.1787147041007,10.5942736149927,9.98606227392535
10.1693032691833,12.3580792751618,10.2575511816597
10.232268409565,11.671169957519,10.6364359200284
10.2751652250777,12.1201962180108,10.7366263650893
10.3485107942542,10.8436984722898,10.6236795446123
10.7852213698385,13.045733056088,10.8507633733703
11.1311214528458,12.4506882968414,11.7372698878093
11.5252035380918,12.0015778627709,11.6814794895275
11.7055833568526,12.08760212252,11.6855168135471
11.6958841324218,11.3293628194754,11.6000437077848
11.6787277711311,13.4736355530972,11.9250565678944
11.7075100894778,11.7484570671587,11.6483732230543
11.6403870362513,11.4613666306528,11.5056355369626
11.6100988287986,12.4599663742195,11.5120008097675
11.5981321901139,10.9234721791026,11.1060794198822
11.5173340614567,11.2751190957187,11.1542932298978
11.4190730673654,11.7498540436407,11.228246636483
11.2526987825609,12.4363295346919,11.3325138390854
10.9136263809126,9.99911256612576,10.4444608670163
10.7897011505978,9.34341023402233,10.4053969514719
10.5486484356876,10.2617844054091,10.5220778574324
10.3975884497191,8.80754459544621,10.3859252043792
10.2714535262028,10.4844550707365,10.2509304838267
10.1968574264195,9.16838315058697,10.1478716726246
10.2475054716252,10.1530597481109,10.2853763966598
10.4416576943893,10.4224400275508,10.290355529735
10.4750916234386,9.63108437941615,10.4749863321206
10.5755700140578,8.9629850176956,10.3930402765987
10.6388588962288,10.8257130702576,10.5518534616182
10.7090448140021,10.2523626993697,10.4490930402321
10.8496101454157,10.184378064717,10.9570662490851
11.0265880321629,9.12520710193311,10.8295805302041
11.2049171715188,10.8450719646917,11.0228834613952
11.4812508617544,9.99931633644107,10.9778595356609
11.7337191615709,10.6566554256219,11.6676692100634
11.8024603376866,11.7206467508389,11.8451826583045
11.8553022534409,10.9514347646526,11.8278567931722
11.8316802869265,10.3624302996472,11.802924657294
9.66138295847537,12.0433746690473,9.95067768350337
9.91348904029556,10.05712232709,9.82042608757178
10.1344242945759,12.5050629420905,10.1793431373589
10.2220905359264,9.93050243251647,10.0180888385983
10.370140513964,11.6358962009468,10.6523968534879
10.3763290996607,10.6537970192859,10.6009322083095
10.4474852196243,12.2094426850875,10.7810711198554
10.8039780977997,11.8637799311801,10.7419076150112
11.0895757947563,10.7438613001792,11.5735312577429
11.603499794402,11.1040460440502,11.6035616829341
11.829851825104,13.0652902910832,11.8019614843662
11.8774895537345,12.8414313032597,11.7739700245992
11.9197680628098,11.6625378209269,11.7619911619688
11.9145696944127,13.407493110469,11.8393272726082
11.8847972351065,12.6474777619742,11.6519301751801
11.8982792960241,12.954915199264,11.607228171235
11.7924198884917,11.3838871750794,11.1935718522374
11.6968815697821,13.1861049620349,11.3727510667632
11.5604521958786,12.1143890383015,11.2790206041957
11.3244069504912,11.1665992757536,11.2108094065158
11.0064877423465,10.7884341615901,10.5343312893761
10.8624502337313,9.70691147874202,10.4552218545075
10.6522589714595,11.673110043719,10.694906555442
10.5954614921312,9.86724817409508,10.5334851511294
10.422087762058,9.56034074416,10.1904565473784
10.2991953977195,10.5606309173364,10.3208598853476
10.3157246957367,9.02525377611367,10.1844161375989
10.3889382670046,9.4342319018586,10.2215941091469
10.4442803510609,10.079141723185,10.5664854407837
10.5981767486349,11.0601299815882,10.6450509812864
10.6339443033885,9.01602429106729,10.4036433607703
10.7859704921007,8.78810661164432,10.3474968748932
10.9375332717056,10.1158261879069,11.0131010116636
11.0907567251833,8.99465093133893,10.8806634213118
11.3046622889304,10.9493647360065,11.0905222490916
11.5544995093789,9.81749210806477,11.001608563774
11.8114101006173,10.8770604555966,11.7191514420951
11.9530654898598,11.1819340717711,11.8129890311251
11.9514240163602,10.415995012401,11.8036288532299
11.9055522815509,9.80582870630926,11.7821637900035
9.43532626527151,11.772329637353,9.59472526479234
9.74273519096609,11.2831991926975,9.65334230886239
10.0979402122084,11.2259006407667,9.78926278679701
10.3476264460858,10.1739814157355,9.80306056481215
10.5476741749926,11.8923905583363,11.208941084881
10.6249024850523,11.0833500922865,11.1593677187333
10.7476533249011,11.8635579326741,11.2492110927374
10.9069696304164,13.1125728435674,11.3703192212149
11.1321656143845,12.5390803284071,12.0586340251441
11.6444215441778,12.1050671800817,12.0050538434456
11.8666644520953,13.4936739261646,12.1371345242627
12.0827342985635,11.4389722287558,11.9072043174451
12.124373260041,13.7891478727655,12.4288847427448
12.0722783602072,11.1416698115815,12.0749740991873
12.1120420567767,12.7434461117988,12.1605492700175
12.0989342007434,11.5731793601495,11.9763324966247
11.9363183300569,12.8189264735792,11.7989242683041
11.8605181899371,12.0373848867896,11.7067676645551
11.6074307133654,10.3947070636139,11.5467724432036
11.3899054516793,10.2388991374679,11.554554940566
11.114258728178,11.7339035908678,10.9663701030076
10.9073619076425,11.1811472617739,10.9347847482278
10.8191631021749,9.84914905941652,10.8517578222036
10.8263132281544,11.542800083539,11.0637784176422
10.6709479810699,10.7728222443046,10.7556378850256
10.5811786322821,11.0046642732047,10.7961694801146
10.4902343576714,9.40688131117483,10.649925121513
10.4149998711871,11.2944639345074,10.8458737720588
10.5306837706958,10.44554367857,10.9953132002652
10.6782259619918,9.84876520977064,10.9120188178778
10.7657119614433,9.88445071300731,10.8911726678665
11.0107803715433,9.19050933599398,10.7949217495853
11.1128705457308,11.4663819614324,11.3739524858266
11.3106119115994,9.94050547030799,11.2049179774975
11.4754298868262,9.86996322253693,11.1985040161138
11.5977317477621,11.1003032866721,11.3370706794371
11.8933378443689,9.72478937106166,11.9301098132083
12.0652600525732,10.2506998994695,12.0193526037792
12.0845851664385,10.9321043386994,12.1552690284614
12.1118899048251,11.926239177626,12.3072434660565
9.31783241224701,9.66799108948753,9.32101098820737
9.59260931711246,9.56726368511218,9.51547810407082
10.052143480853,11.0151381616126,9.85371451139544
10.3348060287272,10.0308473225687,9.8921159917437
10.5764691536883,12.0759155429307,11.3174143140816
10.7577586551627,11.048049873818,11.2250090105724
10.9025265000355,12.2266141009421,11.3281339752552
11.0194441902381,12.6631131987526,11.3481444523316
11.23100980549,12.0416585773926,12.0227822340504
11.6179269989453,11.5544756734103,11.9569765229256
11.8497844876766,13.5266445880558,12.1565137069493
12.144431230474,12.9308489886083,12.0471985064905
12.1592060387423,12.729734569122,12.297079550566
12.1537804237349,11.5003260224706,12.1034999859252
12.1944888466337,13.0186268929812,12.1961320763713
12.1485812752921,11.9550612331968,12.0361406119524
12.0507430724984,12.3975478650466,11.7834458959021
11.9583317846556,13.2139344340604,11.859463686913
11.6647222041704,12.1458287066538,11.7586010451807
11.5044513347457,11.1993808227392,11.6827168439653
11.1987122577778,12.1297127229703,11.0383452402435
10.9870665460381,9.74980139884092,10.8255015490325
10.9255768615409,11.9446664709748,11.1084513355947
10.9001635001537,9.24275728855982,10.8734337753378
10.833497872884,10.874122741824,10.8326453414593
10.7637339809021,9.61648761997647,10.6776823026902
10.6057461116008,10.8297391186769,10.8113228950228
10.522932164511,10.18138214216,10.7383098690783
10.6232943749594,8.81448194409303,10.8337061640002
10.7510190606138,9.02963279696335,10.8353408783935
10.8974653476249,10.9159968350627,11.0115016538528
11.0893419272654,10.6903661680022,10.9735990856438
11.1650115557714,9.57441041260004,11.2070664548454
11.372393354636,11.4277580990965,11.392768485836
11.4502961819498,10.8465504707486,11.3288505280089
11.5264285804216,11.3585527312645,11.3850091870407
11.8232042164889,10.0225502753335,11.9526037680333
11.9765036468266,12.0817929854554,12.1758706048693
12.1376532164737,11.3090052109311,12.1037421475156
12.2303823946301,10.7195403313676,12.0949854403158
9.20428016000124,10.2867671279447,9.56302508105832
9.48969832206655,9.78980839668854,9.6897770440388
10.0454416995645,12.3129796113265,10.1517577561236
10.3044879651612,11.0160124221595,10.1469130449974
10.6944153492572,11.1369874695212,11.3483215087809
10.9702344751018,12.4907693641534,11.4507713142499
11.1498139253408,11.2050973717265,11.2672919945649
11.4055105630655,11.7845456813932,11.2804490032951
11.557658631358,12.5424759829671,12.0828102364543
11.7329327002039,13.6201132270153,12.1674559293953
11.9540279429822,11.6404635465506,11.9336484790258
12.1710283470236,11.4096707021816,11.8652782914713
12.1963470995288,12.6469763736166,12.2667012711871
12.2540259378876,11.3848045176436,12.0792572046912
12.2274277255746,13.1508474896883,12.2132499101992
12.2088536729491,11.8045415711868,12.0346954316109
12.205092159904,12.6191012889147,11.8296399650479
12.0526653706865,12.6444760291354,11.8284592172793
11.7965913927571,11.5644177673182,11.7276543295973
11.6299290745149,10.6015069312049,11.6509977602652
11.2554806798712,12.1214337123214,11.0712699385227
11.0801305529609,11.2072252154162,11.0145209065188
10.8841600867874,10.8347795451506,11.0227273564449
10.8099444833155,9.53555242936967,10.9324594131361
10.8642910861006,11.030964904852,10.8734769465078
10.8017630441293,9.94447509561281,10.7519564444867
10.6954122964793,10.4218136648026,10.7869439105391
10.6959660366867,11.434251642615,10.8762716845025
10.7346173735686,10.6683863471478,11.0313690160872
10.9367400463628,10.0985799730647,10.9523687185948
11.0998421781065,11.3827450532519,11.070097480543
11.1598664455209,9.28173494547642,10.8416979886835
11.2369782951118,11.6287047355184,11.4389349827834
11.3424505152675,9.04306469459436,11.1669696091021
11.3692710331205,10.7874218045108,11.3420774649935
11.4857249213638,9.82658332095513,11.2358972796094
11.7154190827988,11.3575753986625,12.0861811607655
11.9022848846782,10.9052342602141,12.031310902459
12.3108331656008,9.62224563644408,11.9031135035636
12.4718300459223,9.86200850501289,11.9499047812916
9.25692921303986,11.1530698727614,9.85984121174613
9.59470137436851,11.1931808822334,10.0253638421543
10.1264011887056,10.4263555752395,10.1559725749442
10.3915755157841,12.6145536436012,10.5220466965224
10.8519848316641,12.2637390825847,11.6159728746614
11.110521913296,12.8795355080779,11.5723154708436
11.3390173912471,11.5840502748436,11.3500893299395
11.6940788023489,13.6264215528171,11.4864120171091
11.7823622191081,12.8506117583726,12.1103214979407
11.875556288666,12.2957376646479,12.0112135307807
12.0072654805019,12.3658297577922,11.9782706363638
12.093345055458,11.6876429836188,11.863472740812
12.1525598642524,13.9444606555322,12.3801502229868
12.1795834574234,12.3057639858131,12.1645412838956
12.1407728343468,12.0698655866958,12.10211996174
12.1856047713203,13.0734053414208,12.1786227588807
12.1916616768286,11.4279675152683,11.7254523917951
12.0588241582706,11.629856854977,11.7458730914279
11.8526009274322,11.9790621234004,11.7942483757887
11.6298865291142,12.6229200488336,11.8857353979869
11.2813035906429,10.2327142308274,10.9003398529189
11.1132054645528,9.68236927307201,10.8793705019961
10.8220059118424,10.7209815408187,11.0260501008452
10.7635483135214,9.35370354807964,10.915313101641
10.8227196002653,11.0832777558472,10.8781407634716
10.8060171247145,9.74939149463969,10.7380694820203
10.8253643815982,10.6713190981499,10.8204396278518
10.8739885035587,10.9308348277712,10.8298289758193
10.9187943413895,10.1780872551175,10.984721294104
11.1827962661518,9.58635187489655,10.9047865781165
11.2919967439458,11.4328658919145,11.0835740018363
11.3126814968478,10.7732006974678,11.0076689482391
11.3523814569524,10.5465938537148,11.3396755859067
11.3425951114938,9.35604081215368,11.212098880812
11.4069173667138,11.0019988083695,11.3759690616901
11.5481899154843,10.1608445457019,11.2770127609754
11.7385408462736,10.9057779746054,12.0419847301232
11.985452836539,12.090860243293,12.1521700986348
12.44061527691,11.4199712956237,12.0810962231346
12.6441329352072,10.8828684960731,12.035362294779
