"truesurface","",""
10.1445695150625,10.1597102523137,10.1507650981686
10.1685802651649,10.2094093222621,10.2008388317592
10.2132563218686,10.2379902519834,10.2434264077432
10.2848008130553,10.1820076737156,10.2312590127799
10.3062979299411,10.0973141980429,10.2021895670722
10.2254913701,9.9891426550061,10.1586080828175
10.1362823440795,9.87576896071942,10.1070501983346
10.0380447101439,9.75918934988428,10.0412306166384
9.92961859495855,9.6434756394497,9.95965017802644
9.70586364190041,9.53196683030994,9.86316738261214
9.60092906799138,9.4279542075193,9.75798972399998
9.47759266964326,9.33611135785606,9.64612496230695
9.33599731017654,9.25433048516346,9.53252719315667
9.07918469032452,9.17831850784565,9.42640397803078
8.93196735942329,9.11018324755873,9.33331786910906
8.77686744636806,9.04750239014912,9.25588941865202
8.51781890292345,8.99262656080166,9.19668568901796
8.42059760604697,8.95083211396988,9.15356379547739
8.45484021597597,8.928292560452,9.12432753817605
8.52143887895029,8.92507558941898,9.10622969134414
8.67757099792879,8.93980583778176,8.99798695448656
8.88745923562893,8.96232861774046,8.99441806897978
9.25661141119096,8.98852963796016,8.99351418347752
9.39724510195533,9.01479717168737,8.99230651184404
9.42372359360573,9.03920530472517,8.98829317768428
9.37126545254931,9.05029526931369,8.97654413580952
9.25372960024497,9.04271910571987,8.95494049881955
8.96739439806541,9.01448905166672,8.92216378927818
8.79568393888631,8.96623190796195,8.87835143340074
8.63226978540298,8.88562391403368,8.81412918433977
8.52777049643464,8.78579127804799,8.73629631272137
8.42524043526956,8.67589127975167,8.64960012530406
8.48396168125164,8.59123439191355,8.57995415740342
8.636656627015,8.4981135266983,8.48458795409524
8.60385239233962,8.39572635894145,8.3715085553852
8.42810638862306,8.29433293598749,8.25637666375483
8.03947948077196,8.21002016638355,8.15699908115344
7.76502054418491,8.1430663319748,8.07432422981094
7.42585238130738,8.10365596835932,8.01776043085341
7.33549799848769,8.08301319791728,7.98176338335453
9.95424982434329,9.97817254317815,9.98939593743332
9.96500467966343,10.0009666581427,10.010015801165
10.0340834490383,10.0090546344189,10.0300412558548
10.1116135103259,9.99637405625158,10.0518957276285
10.111600315537,9.95507852422804,10.067577980601
10.0436296906006,9.90035171015876,10.077437965403
9.99678429389231,9.8253999019094,10.0659879770177
9.94814865778673,9.72600547865622,10.0193772983203
9.85507420453645,9.62147224409684,9.94769739498538
9.68241620303524,9.51573047854571,9.85640819397951
9.61803988524995,9.41924287714614,9.74930184478915
9.51364583608191,9.33264908920824,9.62966303201036
9.37824887688103,9.25611882055911,9.50604369844661
9.14933896125726,9.1851416123337,9.38983701351659
8.99916385390131,9.11541887608504,9.28811847597668
8.8177779434679,9.04322987047602,9.20793673736955
8.55437635583905,8.97774699924798,9.14863710886514
8.49251943749428,8.92501275455911,9.108295177106
8.54690234487912,8.89897047770094,9.08467220384252
8.58688152462324,8.893527008043,9.07287152384508
8.70526434632825,8.91254671044161,8.97191993398535
8.89667402083283,8.93966368990281,8.97511202025395
9.22557467948773,8.97390975452009,8.98364332409404
9.35863134874118,9.00832764565051,8.98963252942788
9.42114226462339,9.04084184794068,8.99079555153467
9.37880095284597,9.06311441526393,8.98521911288512
9.24686197797827,9.06148485143671,8.96683664685829
8.97041809181292,9.03616882963579,8.936127135192
8.84504826636444,8.98421593050456,8.89049804248121
8.72176544441414,8.89504128473257,8.82139721781954
8.60110696928504,8.77279749218751,8.72656342643297
8.46282271434553,8.63144096284886,8.6135543205051
8.49434054714577,8.49914537712326,8.49980127220469
8.58393849867119,8.40590122014108,8.40516200231155
8.52639767902416,8.28977279965886,8.2790791314483
8.35687983770567,8.1733712892087,8.15028316618283
7.9705883586217,8.07501169776615,8.03829936212982
7.66769022692315,8.00449626639913,7.95131739308772
7.3232715879037,7.96844549536543,7.89623642510919
7.28130657755834,7.96050358343857,7.86942344891206
9.6355805548009,9.81965587750163,9.85158531470722
9.65440979900699,9.80693633245562,9.82682826525988
9.79233511183765,9.80467223335363,9.82531543430273
9.88783830382186,9.83568583576137,9.88405404976604
9.90340275586821,9.86101923064115,9.96535385115436
9.89748379056575,9.85399179395109,10.0242416647978
9.93398993268897,9.80154889224522,10.0389336851926
9.96607075864313,9.72490726393652,10.0183103184302
9.91662736890565,9.62816164481155,9.95848145637227
9.8343722372801,9.52821232765019,9.86686026788716
9.79750856481289,9.43309653151444,9.75327331084961
9.66553219945627,9.34980253260388,9.62437731111695
9.52724332372266,9.27690470598036,9.48930791397453
9.31064257559973,9.21003478672211,9.36009749900739
9.11775377548511,9.13984179308503,9.24629199558128
8.86800670376708,9.05211843810183,9.15882335540414
8.57020212970134,8.9722925379346,9.10352529163713
8.52255490804238,8.90625608703773,9.06567914532192
8.54501197730304,8.86933387671356,9.04578190010097
8.53736570467879,8.86570768635151,9.04035769536883
8.59331720944677,8.88452436385067,8.94480918421515
8.7211409551108,8.918045420072,8.95704518875386
8.94360331108704,8.95646496987606,8.97253244644075
9.07255120400113,8.99632753025075,8.9862088463412
9.21183867242773,9.04267762533734,8.99518892430618
9.19342379018294,9.07340994732216,8.99439887448979
9.0631434859725,9.07889104475253,8.98053914339039
8.8554568157179,9.05967620774439,8.95351466564509
8.81576223436722,9.00354311320141,8.90591445625592
8.77282018674791,8.91329048065905,8.83719298823846
8.67376604995869,8.78918854065787,8.74455274356645
8.54663724373267,8.63408686966654,8.62063456621837
8.53513694904504,8.47419920927929,8.47961049175543
8.50951743120585,8.33011203304668,8.33479985601572
8.42722712540791,8.1679171930961,8.16590520929999
8.28615276712591,8.01972943743076,8.011717276272
7.92054485286417,7.91284994789219,7.89398743385388
7.59963645623408,7.84155028686174,7.80734221231766
7.2945455357608,7.81235407483693,7.75603314147652
7.32599790945219,7.82167766373078,7.74278363429991
9.42500332332246,9.7029994271813,9.75538004222668
9.46722501960986,9.68234070328565,9.71075020468403
9.65671850391155,9.6693516257268,9.67481447441905
9.76538548872287,9.75624490464434,9.78748380904692
9.81750393831787,9.84789332482114,9.93049314025868
9.86510812171663,9.87656003132852,10.0262501580227
9.95014393146005,9.84845752223207,10.0678174057905
10.0240379155815,9.77082727051251,10.0508122026197
10.0100929464539,9.67576040005855,9.99516418724177
9.98018375140779,9.57327450101922,9.90104856473269
9.93716932167554,9.47265229067809,9.7785799828401
9.76643682257098,9.38601559463182,9.63445236291283
9.62751463468369,9.30909525580193,9.4857969518136
9.41166951182478,9.24578375488331,9.333921483747
9.18770140501234,9.17004954255377,9.20975422996922
8.90495859389508,9.06462570276616,9.11813478477635
8.60220556076928,8.96095482031976,9.06027278873024
8.55610500325677,8.88063348583092,9.02413702187295
8.55407817778424,8.83854275621723,9.00730121197009
8.53539598370552,8.83454299861003,9.00686149258205
8.56956175178392,8.85885704798995,8.91867212136378
8.64630614588721,8.89801008316998,8.93754634628554
8.79027085282218,8.94413673783063,8.96131499571349
8.92010755181807,8.99518788478008,8.98447770979569
9.10174439396089,9.04552842299977,8.99886677231825
9.09359474439952,9.08169598312734,9.00294803394713
8.97188691908224,9.09414376858801,8.99439271149917
8.81514642753496,9.07405991529043,8.96706783032216
8.81232492852854,9.01914371547996,8.91928087737197
8.79865938643207,8.92933378706165,8.84969481446333
8.72167304697535,8.81354620484964,8.76595077859554
8.60453530300323,8.66877148122293,8.65523089197518
8.5435553901398,8.47115511401253,8.47496659261967
8.41327010641811,8.24314908313741,8.24709309097498
8.30599925637072,8.03789015761062,8.03953517140599
8.17247123143282,7.8559552277708,7.85677733508602
7.81174707609833,7.72279211550334,7.72298207552232
7.49584680437225,7.65439855491153,7.63975148900316
7.24226033322555,7.64917928994107,7.60634999420215
7.3140272967308,7.68028510788583,7.61211923931951
9.37933672357457,9.660156566861,9.73889929742474
9.46668983943672,9.68068883600647,9.7277423359843
9.69814155403656,9.72487769419607,9.7438198555504
9.80634150940678,9.84814164974694,9.86497090034207
9.90066135918328,9.96062384295837,10.0111630530697
9.99059479742661,9.99065551130358,10.1056204421413
10.0844971199574,9.94913751139284,10.1398312482197
10.1427933894341,9.86745358906579,10.1240833940098
10.1452639883878,9.76353408444277,10.060569150273
10.1096757280607,9.64848067533014,9.95507977064769
9.99841842670907,9.53584935985394,9.82465752976768
9.72988370377575,9.43523258634291,9.668898865285
9.57618240562968,9.34014848850323,9.50184264202056
9.33696291352787,9.26026205008533,9.33491017013988
9.0814985949356,9.16754068857901,9.19033198245523
8.79500393883215,9.0492980761585,9.09012207434723
8.53740518096518,8.93275215062333,9.02664545155633
8.50398460114175,8.84693837739485,8.98757167094602
8.5149029543687,8.80650865703515,8.97323434212934
8.5389902792241,8.80530672806516,8.97601111817865
8.60164085319742,8.83645684641444,8.89409309295079
8.62566460098112,8.88239990170418,8.91936773218025
8.69688073625395,8.93825293875017,8.94997497750245
8.84183438268339,8.99825666837562,8.9803404395765
9.06744127353669,9.05462739743147,9.00394623661926
9.07487409154789,9.09344315104126,9.01491502440025
8.98577281611297,9.10180823730073,9.00552337241442
8.89949240564925,9.0818551412485,8.97774712704457
8.91051007258106,9.02190770025612,8.92281110943959
8.90088179514077,8.9231728031046,8.84110352946936
8.85641151409613,8.79068479398869,8.73358318656185
8.73415414132441,8.63143010868201,8.60494947281097
8.57550428421649,8.40366261218794,8.39475359798736
8.27343882818221,8.13496321346732,8.12989699736389
8.11240153846045,7.88076431256583,7.87930356219977
7.95889560979419,7.66840222134103,7.66973295702997
7.5927332395227,7.52325570409112,7.52390031963843
7.31677675291395,7.46591344828386,7.45326239791646
7.16628318851801,7.47620008088291,7.44139156730262
7.27599135109165,7.53342888487709,7.47419889726718
9.53550888692118,9.68088488904851,9.79162555477354
9.65993920414244,9.752037699639,9.82531761693531
9.90257467748037,9.86926209789145,9.90349956566861
10.0078048554859,10.021377979189,10.0313556788294
10.1250777678734,10.1543996637592,10.1704089738003
10.2153649538539,10.1592719678553,10.2396208033855
10.2778329872026,10.0965613116844,10.2558093090909
10.286473978869,9.9977203802384,10.2249285837161
10.2741052605148,9.87864861849523,10.1479347336019
10.1778874802158,9.75326527755185,10.0355763017606
9.99363711871092,9.61934055622545,9.88781421431546
9.64700672592502,9.48881201883406,9.71614571030324
9.4705332730222,9.3642077215746,9.53433195329274
9.19616991385629,9.2538103975238,9.35695748799472
8.93281892762157,9.13042173646557,9.1959223622768
8.67074252543676,8.99954969332628,9.07705713857259
8.46079930461147,8.88439407514798,9.0012027170513
8.43598358558417,8.8018563876735,8.95498603699422
8.47846200457087,8.76557735960187,8.9388405510336
8.55138237308674,8.77212535210668,8.94542891787278
8.64508135808257,8.81101745817485,8.86913305835205
8.64394850294643,8.86686914949014,8.90170935902868
8.6851310177618,8.93167907834713,8.94026379379877
8.82921148785709,8.99801259758325,8.97751786938306
9.04453371778638,9.05958167958697,9.01096601654592
9.05325330901287,9.09784111265078,9.02512180989953
8.98782981340937,9.10673821991138,9.01818465698022
8.92545975554664,9.07277714844929,8.97905761853083
8.91646689262514,9.00284688697706,8.91188640966489
8.88853850754859,8.88887227560475,8.80689524817886
8.86151370072566,8.72928228696864,8.66434005529162
8.72495504279485,8.52679999837109,8.48249014669631
8.50692906005647,8.26323233821009,8.2358004900091
8.11891255504833,7.97694684072737,7.96056352508311
7.92754660203236,7.69360729316754,7.68676628690858
7.75643361823816,7.4621779454104,7.46144207129925
7.4132175803709,7.31561541996566,7.31404895184829
7.20495830459973,7.2634971603838,7.25252432632801
7.16132285154387,7.30509271545688,7.27431534581588
7.30184705855064,7.4109029161629,7.35833667183063
9.7008883125812,9.72868412361943,9.87513914917789
9.85542299154097,9.84564606843555,9.95305547467635
10.0956066523433,9.99794120526482,10.0609359531556
10.2025365732326,10.1701854641937,10.1950972124352
10.3446348702286,10.3180304527915,10.331956387148
10.4233069275218,10.3198976128927,10.3847168594775
10.4458676501197,10.2472448394076,10.3844424120296
10.4082387765033,10.1417002454229,10.3376801378062
10.3774039778858,10.0177887464627,10.2535917772059
10.2087415353032,9.87909212883489,10.1288085984891
9.95991039027628,9.72507278969973,9.96600517178049
9.55965966825262,9.56475472201523,9.77841675249183
9.36430548962852,9.39797637699115,9.5757159778554
9.06265505730259,9.24091021582883,9.37951034671063
8.81437998171734,9.08287969124424,9.20099637272691
8.60082245921797,8.94026274020854,9.06647491053523
8.45016344689141,8.82422499399719,8.9739652827253
8.43743383993951,8.74593603679202,8.91969786574111
8.52617356949816,8.72025791238024,8.90317120641777
8.64960678637534,8.73850831919151,8.91515071350714
8.76656826869231,8.78998851570171,8.84761712634757
8.74545147232438,8.85453320521309,8.88826296381147
8.76045322474846,8.92525778080944,8.93410670175725
8.8814867357111,9.00014745540104,8.98233219680401
9.04159935869861,9.06480279918456,9.02194973043771
9.03655548898096,9.10296369062716,9.04124570736219
8.98298053197117,9.10150684435193,9.02960595023375
8.90830472929896,9.05806117948619,8.98178143949166
8.85427203088631,8.96598816192819,8.88971759139363
8.78572467960887,8.8251974188022,8.75160088081757
8.75927622908768,8.64373694356989,8.57886342138567
8.58709645830907,8.4054372493208,8.35242239607875
8.31762698674122,8.11855298461968,8.08023996846346
7.86931509128628,7.80161350117974,7.77814334947709
7.64930607320935,7.49540406233737,7.48556159755865
7.45770477807179,7.24800683461889,7.2472450096489
7.16160623030214,7.09198944665707,7.09225112784873
7.0486382620919,7.07285529419726,7.06467714180817
7.13666538573138,7.17137335825952,7.14561069517871
7.32015912118476,7.30821919357517,7.26188374612615
9.87737851192623,9.77110997860582,9.9569089224329
10.03344579882,9.91354970186125,10.0631300294924
10.2325502580478,10.0827046183178,10.1884748411148
10.3442051691047,10.254827969362,10.3219794812228
10.5097179885092,10.3828702808357,10.4388716526749
10.5553902169416,10.4197312446586,10.4985034334921
10.5247995597537,10.3757882039676,10.4998616331692
10.4473441594238,10.2853797927119,10.454537095835
10.3882721141006,10.1681153997989,10.3652392134995
10.1176467308286,10.0225568593059,10.2285339300475
9.81106268223326,9.84973749250118,10.049761471973
9.38453851177872,9.65595153088446,9.84416929615013
9.16781930790825,9.44801848009815,9.61841996216891
8.84800746884899,9.23926050815989,9.39288869756247
8.65756079547227,9.04563446030216,9.19866759355308
8.53928214909066,8.88363581110168,9.04259065835824
8.47855238899802,8.76214931320608,8.93503305381479
8.49382837716217,8.69054109772453,8.87616036898306
8.67087029428944,8.67927996858413,8.86591590284233
8.85853682165194,8.70954799242974,8.88518717091384
9.00276020360696,8.77528610400281,8.8304310589315
8.98242028237333,8.8523650046556,8.88376478933657
8.99260206181873,8.93107606887966,8.93918534445515
9.06287388118385,9.0115301845951,8.99688206401738
9.11637263903411,9.07571556507925,9.04087257218518
9.09540043109883,9.10726233310853,9.06008753848141
9.05779110615821,9.09358227324521,9.04343463504425
8.94095526692007,9.03454172437449,8.98473785681247
8.81620572092611,8.91524464089167,8.86142844352569
8.68399373649081,8.75572025723513,8.69707034547147
8.63024565191564,8.54675402352106,8.48657862045146
8.37483798237396,8.28735205693542,8.23394037244657
8.05124577322142,7.98020915594403,7.93965931213885
7.54782856760051,7.64495723808032,7.62047494234504
7.27308983640573,7.31622214855253,7.30703591943687
7.03368978679254,7.06841085403061,7.06955826696377
6.81242501666034,6.9182615386294,6.92238511086133
6.84191447934635,6.90495781706009,6.90032113851951
7.1059632118144,7.06957014564574,7.04968231587978
7.35109720801837,7.26262768954023,7.22310009242255
9.95723592298189,9.80011651496662,10.0245738254674
10.0968360429441,9.95733428231435,10.1486214114119
10.2747209519092,10.1376051489495,10.2878477404205
10.403939179291,10.3137365203312,10.424745418346
10.5892589812529,10.442212554817,10.5337805605088
10.620947524376,10.5009370706756,10.5957285646908
10.5792087315296,10.4872655631202,10.6036543012011
10.505611928134,10.4203417195315,10.5580990633025
10.4284267680684,10.3174174034472,10.4674557562658
10.1013730737454,10.1734180582897,10.3230894857827
9.77861575035875,9.99428864354975,10.1409293166606
9.34382706038172,9.76710685191837,9.90894943383302
9.09954780736201,9.49962156003055,9.64618215867514
8.75563537436702,9.24908288580125,9.399088511092
8.59480249583922,9.01676056584057,9.17434794160228
8.51554108007076,8.83507682030197,9.00224346761216
8.4722841670713,8.70559016280973,8.88201598791913
8.49329682247742,8.63891247763553,8.82470413917937
8.70380088781446,8.63817125342913,8.82110354901329
8.90317147109234,8.68428185120292,8.85461045144424
9.04777171028667,8.7689297350506,8.81763029711238
9.04626591370326,8.86207924894984,8.88794421452928
9.07617566800005,8.9567845917725,8.96145784050748
9.11667292810145,9.03834533766969,9.02446828213683
9.12194960859167,9.1003196994764,9.07128927940533
9.11195564781492,9.11597159912792,9.08241413156973
9.09780240276322,9.08644847623201,9.05656735510726
8.97567263622287,9.00268618901148,8.98108523089409
8.83539532332174,8.86392757620347,8.83618110220149
8.69285171774234,8.68373721005109,8.64237446012884
8.6175781308223,8.45136005585608,8.40115758669125
8.31520975254767,8.17837398716332,8.1293168363057
7.98434880100526,7.86974037464485,7.83217090228627
7.47415008640266,7.53718513236958,7.51562578426263
7.16336488392391,7.20890714430634,7.20163725874688
6.89182982747145,6.95196733467844,6.95536377651599
6.71713254300252,6.85303616995167,6.85942683213167
6.8219850558061,6.90143877061683,6.90173453837428
7.17145482184798,7.0818809873934,7.0682081664238
7.45278497455027,7.28914902044488,7.25735798669491
9.89158711616587,9.81044034588655,10.0693353741582
10.012223591281,9.97857888724176,10.2058913428528
10.2226800914766,10.169718262059,10.3554355213538
10.4197561996148,10.3523746223899,10.4947146495675
10.6757843619494,10.4975140604793,10.608950568012
10.7365066590148,10.5786263912811,10.676165899254
10.7460397592365,10.5876539087356,10.6851062340297
10.7462921749445,10.5383298937269,10.6418250263482
10.6630311171112,10.4491376667627,10.5476605200598
10.306467472202,10.3203504259803,10.4093002205877
9.99820596509965,10.1305681499398,10.2107751687387
9.55625541227122,9.8667273491241,9.9535863114761
9.25782870581009,9.55959603034264,9.6635389059642
8.86360986184623,9.25139657182459,9.37539570066378
8.71171425298651,8.99027342805635,9.12856986720105
8.62900133229342,8.78484264224395,8.93503418140165
8.53678811461632,8.65232232560068,8.81158465718069
8.54022397433242,8.59509731992144,8.75803455682935
8.73264614500738,8.60654635272874,8.76836825901181
8.88941464208362,8.67047848731263,8.82255247978829
9.00019597836771,8.77384336325679,8.80978795527809
9.03608536924561,8.88393221353061,8.90243237026576
9.10087706824255,8.98937488461232,8.99033905076249
9.10641122387102,9.07620550270851,9.06234150891622
9.08145047864535,9.12873726429279,9.10403824558444
9.10189272531383,9.12704362589282,9.10035603585346
9.11873368077713,9.07161490851927,9.05308685360128
9.01169093162419,8.96772514149037,8.96027240710608
8.88896501691172,8.80893902748856,8.79377412171383
8.74897252234151,8.59746945447906,8.56464428019147
8.62138717809312,8.35551120010086,8.3103287815642
8.24791534436398,8.08110250782373,8.0367099017233
7.92549028566911,7.78889304569693,7.75709864202355
7.41289454207549,7.48641554650742,7.47195431886145
7.04939793683698,7.19336054758628,7.19097016282936
6.7384224276713,6.95996210432406,6.96589002470926
6.61295321465175,6.89040039426385,6.89705315522597
6.78323395207935,6.96793552525069,6.96969055142545
7.21783114346358,7.15152915984,7.14403047919192
7.55994667938748,7.35570242838338,7.33326346512432
9.75738220880705,9.7983292199266,10.0838287967197
9.8651307424472,9.97652149876895,10.2292740441417
10.1210829235443,10.1812717893228,10.3880642137436
10.3671537565638,10.3818553258575,10.5384399846917
10.6696775668789,10.5479921799337,10.6601543588712
10.7684516028492,10.6491083070838,10.7342631210743
10.8361002362984,10.6737568482575,10.7469050312896
10.8973521920231,10.6251706226312,10.6933776863314
10.8150830234713,10.5391336581447,10.5953525973845
10.4687174204521,10.4219350016424,10.4569852407351
10.1849029008384,10.2450328628646,10.2607991206615
9.73720651830288,9.93451901849564,9.9675790624075
9.4077387585496,9.57803738307758,9.63986582696456
8.99105604998021,9.24273810256659,9.32791485786906
8.83047803708314,8.95479295859748,9.05702207042948
8.72071735627934,8.73686782123327,8.85031006745281
8.58606763383474,8.60930624831952,8.73037332449836
8.58329685679125,8.55582001010292,8.6823145559395
8.74849011222106,8.58999376750983,8.71834782695971
8.86441736045714,8.67911349852138,8.80563213241697
8.96439576871915,8.78917395221161,8.80780698302894
9.03831383873181,8.91378670107512,8.92320583106749
9.13953786065539,9.03008202865322,9.02795451244529
9.1435046530478,9.11917395446092,9.1053806234496
9.13659469646392,9.16487375553863,9.141875891094
9.17844018970986,9.14249967083118,9.11639431916378
9.20410398998008,9.06623687019318,9.04230224241284
9.11244098351575,8.93104324636616,8.91041409832178
9.01373125221813,8.73357377522361,8.7071086383256
8.85975941768233,8.50454292570425,8.46751467100346
8.67411592050547,8.24594672088967,8.20236561661007
8.23481948474929,7.96924778266559,7.92847562499851
7.90576921966383,7.68764502362779,7.66035057091905
7.3646308389464,7.43069477682768,7.42337886150023
6.96033467330831,7.17246231856282,7.17573999475864
6.62272956067298,6.96535808833685,6.97125990620307
6.4921590990247,6.90474418630933,6.91042697347538
6.65941529769218,6.99916054414252,7.00240316644871
7.11046806213489,7.20587542361282,7.20577151118674
7.48703270652457,7.42498064686303,7.4159210687586
9.65186016545779,9.75810561510617,10.0608192781521
9.74696461401569,9.94775648788859,10.215433516584
10.0729685317769,10.1605511890487,10.3768879987872
10.3597241773807,10.3891241294581,10.5444546968022
10.6839589913907,10.5817107594272,10.6789988673161
10.8274538405055,10.7105335397121,10.7635072315463
10.9611160101039,10.7263971171519,10.7663355228176
11.0559818834414,10.656593372988,10.6954332772855
10.9549932188334,10.5480072665231,10.5796913112706
10.6220108067111,10.4067704373226,10.4197779710788
10.3573332624534,10.2122401707653,10.210254307312
9.87276486885052,9.91127586417639,9.91847016172434
9.50765434372951,9.55932572001001,9.58725171127608
9.07068864180526,9.21489886490273,9.26045094653952
8.87552584153419,8.91058545743897,8.96879455780948
8.70579286629619,8.69847001489457,8.76398756122816
8.52673434481564,8.57380657628166,8.64219290150616
8.53133285786578,8.54207853068914,8.61526530144641
8.65377466134939,8.59436148024099,8.67640406565779
8.71824047241984,8.69476826541609,8.78570838299763
8.83571165172037,8.82491171943395,8.81994191254305
8.97209575551712,8.95714102917988,8.95628783731925
9.13897259525395,9.08148609420885,9.07521297718108
9.17927468497257,9.17477425290584,9.16143329248846
9.24632799930231,9.20734399872292,9.18564110870268
9.30935368608797,9.160872601667,9.13070133219821
9.32944640020551,9.0504287732182,9.01570030890911
9.27032661601614,8.88177725668466,8.84343878496877
9.21601395129908,8.65586114321806,8.61382748187403
9.02500827748432,8.40183449827192,8.35536706848518
8.74980909673791,8.12299334595548,8.07552703325414
8.22365544729594,7.83525230371027,7.7960301421453
7.87600376619012,7.55554068073183,7.53137904259629
7.28709295364068,7.29696754401593,7.28872001819133
6.85317557805116,7.06526909622026,7.06685887790856
6.5071759097567,6.88983383733874,6.89544156953082
6.34344797731934,6.84846697195475,6.85327356005977
6.46208417708932,6.94776340144383,6.94945214436556
6.90307389038417,7.14885552822756,7.14635427910053
7.31563295409025,7.35852445821089,7.34423502776175
9.60004373705045,9.69055653533359,10.00139763497
9.70095119269708,9.87455269435508,10.1489004915675
10.0707702143212,10.0957580195169,10.3140377697301
10.362753653433,10.3425204561201,10.4910250809048
10.6802636807129,10.575313396033,10.6494487305354
10.8453089631028,10.7328296951333,10.7520688837842
11.0035401181583,10.7183091754666,10.7327563957987
11.0903434515949,10.6145722462577,10.6392607870646
10.9787782035074,10.4849561384476,10.5100566892808
10.6659123043608,10.3273136625084,10.3419503569623
10.4083233943366,10.1117513106966,10.1161419266334
9.90531681622398,9.8261451076423,9.83038960621056
9.54124360331164,9.50376397523214,9.51368783578616
9.11335398370523,9.17140248259799,9.18564921220813
8.89299177924446,8.88102675968531,8.89914320977811
8.68775432294366,8.68034879805068,8.70329767301055
8.50285621989357,8.57065733824462,8.59022381952686
8.51712631933314,8.55023135281713,8.56553199419045
8.60580878649073,8.62780643355678,8.66368333003733
8.641582534057,8.74438695392857,8.80028670761014
8.76648166028635,8.88019796362421,8.85173026878597
8.91843979847454,9.0188239527257,9.00052695090749
9.0989464651711,9.14953943379919,9.13720298658803
9.16371987089712,9.23646304766518,9.22446326280277
9.26368910845959,9.24796830152849,9.22923161432307
9.30877815279635,9.17976213975892,9.14825483345422
9.2973395613687,9.03329780168274,8.9884333358846
9.23946125044105,8.82720877784665,8.77515328695737
9.19927609074744,8.5742153379191,8.51830460522468
8.967913303789,8.28967548491539,8.23512523473294
8.64544361963361,7.98276610547558,7.93540690048353
8.08586807028251,7.67340054013439,7.63783823323057
7.72943243104408,7.38097681506855,7.36042924342463
7.13652939709966,7.11908936775209,7.112015227761
6.72861855945926,6.8991649736458,6.90160560750817
6.41825720972112,6.7432510188034,6.74992210643475
6.25154992039448,6.69894557755808,6.70437283519398
6.34027956637132,6.7759858412806,6.77570073569169
6.78357961351355,6.97459114381697,6.96316776636146
7.21747410519334,7.20496986176641,7.17474024811418
9.41703788727464,9.59805530714875,9.905549494208
9.52556594449934,9.76715861502541,10.03958320374
9.91079705336122,9.97783055920341,10.195889152888
10.1677588462178,10.2156696998519,10.3648546451545
10.445487875376,10.4476546668545,10.5234613897635
10.6213297827144,10.6197497514761,10.6370609604222
10.7814878295936,10.5858586418744,10.6052545462832
10.839489381511,10.4867993018961,10.5180476267754
10.7424475360591,10.3587099083674,10.3945024732875
10.5013409355522,10.1881174626164,10.218154519624
10.2704223311008,9.98731894480574,10.0060297724605
9.8070284204194,9.738992546178,9.74686463808396
9.51033211530874,9.45116205238325,9.45151774785921
9.16202073779254,9.15406396090027,9.15723766815111
8.93845369190001,8.88369189508727,8.88553794782178
8.72952181760042,8.69901792963024,8.70418129604763
8.60271958165385,8.61427608220168,8.61717443772991
8.64687390754251,8.63119105914299,8.63249867258147
8.7104511262029,8.70817201727382,8.71911446081794
8.73183708822905,8.81192582881058,8.84450033039694
8.85721885427502,8.93921884322207,8.89202317379079
8.98581468065496,9.07539019038898,9.04446918746718
9.13778784238966,9.19851701755004,9.17972077224904
9.223334899917,9.28196186070252,9.27409037809801
9.31434155124629,9.29383612380678,9.28381971918369
9.28142806324495,9.18553242039324,9.15152478944535
9.18569010762301,9.00597974011517,8.95233819938389
9.07768948791668,8.7682613606731,8.70462927416779
9.01321764946715,8.48977168286801,8.42435238873358
8.69833217525325,8.17500671555572,8.11751931331896
8.33284303836214,7.84479044111159,7.80061966539532
7.7521268985913,7.51399148903915,7.48608486271332
7.38226588608713,7.20760779748515,7.19467480319048
6.82495456973333,6.94333894752986,6.9419675527012
6.50995201048846,6.73134293282929,6.73817158333139
6.2909927355778,6.5742364708151,6.58491666110937
6.13801844164318,6.51793534539926,6.52545922289463
6.19090181534864,6.58274709766969,6.58074942836541
6.62607352394374,6.78958269841925,6.76974294326305
7.05795413042842,7.04212777033373,6.99919549768441
9.30341847810164,9.4742594939782,9.77448908755672
9.40974492748261,9.61187742733477,9.87982569457663
9.76112888785966,9.79295984324905,10.0134022970143
9.97006229061278,10.0076482533875,10.1665077723413
10.2034039385909,10.1905731309174,10.294904299149
10.3643940941485,10.3241318549075,10.3880305496476
10.4981986060159,10.3441316810237,10.3982091058462
10.5292664856401,10.2760296277884,10.3345898746522
10.4564136261128,10.1805312758824,10.2381188573172
10.269587773884,10.0342507095403,10.0854847107552
10.0582349916674,9.85827410073586,9.8941945908452
9.6516137157332,9.64929904427632,9.6673300644102
9.4216548181418,9.41752022951581,9.41851881955114
9.13882482004772,9.15456469815091,9.16063579093143
8.92783364310616,8.92486814290801,8.93696456270964
8.74156421592075,8.76917896628423,8.78406923717988
8.6730536257431,8.69763318271255,8.7105002747349
8.73520348951316,8.71874145838213,8.72334077967042
8.80035619170828,8.78758267633669,8.78946874992075
8.83247882653536,8.87734002177231,8.89987220249963
8.95173543081347,8.98857962089276,8.93315244475812
9.0452981657725,9.10582150356085,9.06638376846066
9.16932351392975,9.21451484185342,9.18889869699445
9.26617003597383,9.28642042164771,9.2731935976968
9.33268903003134,9.26721008724296,9.2488727814679
9.24342775257559,9.15211008226328,9.1103131236082
9.09759866245852,8.95805980282852,8.89407085685464
8.95010451128137,8.70357820452491,8.62997409187007
8.85707704995913,8.40802007541536,8.33603550411997
8.50838567351108,8.0735169239786,8.01584937858268
8.15170405730464,7.72452811368022,7.68747249926602
7.59191743371642,7.3942938689193,7.37720395539792
7.22530031977824,7.09462122400311,7.09083509597514
6.72844723835498,6.83967554874281,6.84404589863539
6.49948664141308,6.63866631816274,6.65016182138429
6.35072971492693,6.4614595863636,6.47671482267279
6.21202576942301,6.36335085724865,6.37438979209692
6.24416836432595,6.4231762419995,6.41775786855277
6.6414904611769,6.6568904826012,6.62963835390612
7.02984216497657,6.95530547919442,6.8999201928396
9.2119442020519,9.33263457752662,9.61536119278588
9.32035023645416,9.44008236764105,9.69301953180226
9.62624487379725,9.58205344902876,9.79496930072891
9.79062132826792,9.74464515633876,9.91354328535142
9.99129281776917,9.89882034945686,10.0298685747392
10.1322906653717,10.0197007932992,10.1220831176594
10.2339539074786,10.06188583224,10.1543349706866
10.2538980740853,10.0510684329611,10.1377612136524
10.2182972923429,9.98443436877777,10.0666672916165
10.0840305665557,9.87717620440543,9.94763800061403
9.89144995480844,9.73227499000294,9.78467433761422
9.549852241898,9.56859990297985,9.60032078500379
9.38037567708638,9.37540221912282,9.39558155900836
9.14074309040742,9.16134145723384,9.18453400838019
8.93875265627704,8.9725429204215,9.00421575642828
8.7756076919341,8.84177285456785,8.87896162165044
8.7434417201382,8.77448812230491,8.81258185097115
8.80373202077038,8.78447363729134,8.81598912046164
8.86657224752609,8.83044627995971,8.85938452715764
8.91041870804833,8.90933723240178,8.94775546298134
9.00249091639844,9.00779168564839,8.95966668131605
9.04669172879971,9.10596423514777,9.06582427370607
9.13610319491794,9.19407167501803,9.16307388548244
9.23579558802921,9.23489893180526,9.20553148887333
9.26536681490359,9.19572709529021,9.15578173974804
9.12905561086346,9.07857795636813,9.01927793976427
8.9488018149688,8.88836410213119,8.81216913034067
8.76416038505301,8.64067164151462,8.5562937387385
8.64098529323241,8.34159923550545,8.26300272654904
8.29071897810051,8.00630253641832,7.94645082709915
7.97514275273876,7.65176851853564,7.62057147322106
7.46763489842035,7.31798040558884,7.31213534373325
7.12310911963673,7.05035857526961,7.05409044279465
6.72065920575236,6.83376474185514,6.8400899539195
6.58873666831463,6.64987962648087,6.66026800481424
6.51228975298959,6.50009747915895,6.51416385797444
6.40271224683369,6.41468174716742,6.42616561065103
6.42582155363256,6.46669477538925,6.45699787966322
6.76734633694708,6.69153829619149,6.65293906917495
7.08834490637875,6.96693320253926,6.89551361249762
9.01224305047111,9.19417327396451,9.44756377028017
9.12136284336765,9.25882300630809,9.48541737909048
9.35224556063753,9.36251287559926,9.55579154427933
9.47568742777998,9.48329159451807,9.64588960658484
9.66502594657943,9.61615973581626,9.75485098947347
9.7831033695863,9.72736260657628,9.85021820011574
9.85554146462351,9.7964723187906,9.91251359754839
9.92214084184729,9.81891244820032,9.92761973866668
9.96989821223587,9.79753613540482,9.89606794268967
9.92283143532121,9.7365713933567,9.81855937405495
9.77374437936964,9.63329029507629,9.69430210600343
9.5461415916467,9.50998716772646,9.54888033007611
9.44417642373749,9.35231824057517,9.38068268002854
9.23092268354828,9.17696942702379,9.21163504386826
9.04384870115828,9.01726095953331,9.06411629587229
8.9140839208012,8.90307416189322,8.96185228934595
8.89205773575785,8.83748245657947,8.90295660315102
8.92540669907492,8.82891933435852,8.89442381747654
8.99255483628982,8.86156811153981,8.9253515133759
9.05410935256511,8.92573431433649,8.99131989297745
9.08254816037831,9.00284203813175,8.97065580786932
9.05111340934157,9.08168467016546,9.05059241051611
9.08905334197723,9.14128748223922,9.10834830026091
9.16959202083932,9.15911542283461,9.11879348103215
9.12332088273327,9.11461504279911,9.05794902241275
8.93858243372574,9.0039623314342,8.92840205524631
8.72711597789653,8.82502500998564,8.73408953284784
8.46643137344331,8.59307713821899,8.49610234816051
8.28351530564414,8.30770500749416,8.21890930109629
7.95338334572453,7.99274659569046,7.92509757998461
7.714173213582,7.65873312905313,7.62106452685396
7.2874378021745,7.33110438188689,7.32435743696551
6.98731929118581,7.10854441811249,7.10543925851415
6.73275081701062,6.9290148232459,6.92434188098542
6.71774402783085,6.77702183197097,6.77474805290774
6.71945005155087,6.66871916653139,6.6701888453899
6.66271758975178,6.62834718134044,6.63034604320911
6.68691147939596,6.69825662063564,6.67378300122334
6.91782991579065,6.87632245144752,6.8167580372052
7.1189349708332,7.1026818019741,7.00865167163425
8.90203023721172,9.07018824155477,9.28505428695679
8.99107060401047,9.09345125038734,9.27783955258441
9.15401893401096,9.15283447729835,9.30620846723996
9.25506460999828,9.2528380200206,9.38548412735166
9.43301944986036,9.37551291468071,9.4961892832269
9.52914099263232,9.49206099456303,9.60828543945331
9.58956330323022,9.57425264461703,9.69131624452666
9.70784729272775,9.63210789678062,9.74321645051773
9.80705242498074,9.65197239620993,9.7525000066862
9.80489056768429,9.63394942272645,9.71533224152119
9.6881401975925,9.57369338262498,9.63028223626083
9.52602408619822,9.47725159027317,9.51001073691935
9.44191538314415,9.35158495670905,9.37111714229755
9.22275409273712,9.20929383453578,9.24152811148666
9.04923782306607,9.07517136047545,9.1288724498736
8.93990826443638,8.96556126282851,9.03651654509764
8.90753644067445,8.89346348698447,8.97780598116606
8.92667183274718,8.86771330407283,8.95951298552076
9.02286623226471,8.88496581612925,8.97563924323255
9.10622647964281,8.92825399496936,9.0191860088468
9.11194029341324,8.98307290444826,8.96970665652071
9.05890430463296,9.03798698850992,9.01930851235161
9.09072853768672,9.07473779796505,9.04670997424174
9.157061583029,9.07678167625698,9.03193214803109
9.0763342026265,9.0288734820296,8.9635115729287
8.88877858063084,8.92631982277956,8.84016355409872
8.67628295286886,8.7668268094945,8.66494473567689
8.36349849045828,8.55949351481716,8.45154968974453
8.14178731207702,8.31664498998805,8.21405817504295
7.83231067336082,8.0421450461923,7.9564658956187
7.63523270323624,7.75115993807626,7.69017670324384
7.24671672548913,7.47882370164318,7.44049129606952
6.97572282741802,7.28273511950482,7.25108778000248
6.79365754405175,7.1285160272995,7.09553846793788
6.81356203603805,7.0070772063049,6.97488735950358
6.83114632263678,6.94177446137394,6.90919428704029
6.79691569969985,6.92319279366585,6.88681142522419
6.81722820286175,6.99102501169092,6.93248381390523
6.95164438751262,7.1225923024859,7.03192163035166
7.06764186470065,7.30050473230911,7.17899051645972
8.88323424166941,8.98553056355428,9.15694619771065
8.92323208663518,8.97890753375886,9.11380809138344
8.9881678865034,8.99503427770547,9.09357722022359
9.06461596248835,9.07370995984953,9.15562082090915
9.20916346766422,9.1923053701333,9.27668279702535
9.26880388787953,9.31574211781692,9.41003505215662
9.32744401542918,9.41860401045886,9.51914115118278
9.52591422317382,9.4999588037337,9.59800122171398
9.67039009410892,9.54932853791698,9.63513849492381
9.69834444974992,9.56732765795007,9.63426701248836
9.61912267299582,9.54640584796895,9.59034270827613
9.49738798929232,9.49188895807301,9.5103806618156
9.38299526688552,9.390253024039,9.39233784851545
9.11028625655806,9.2636253560878,9.28771498980326
8.94207693758839,9.13314986462362,9.18253279515124
8.83453200079154,9.02432724039485,9.09708856681943
8.74833372296795,8.94618370786843,9.0364070075668
8.749701920311,8.90976852936961,9.01090221208342
8.89590554861035,8.90229556083133,9.00739618349184
9.0035789326466,8.92072003630737,9.02602923403852
9.00200222721236,8.95597233692265,8.95732622427947
8.9598931311975,8.98800791242804,8.98428631120515
9.0089108472161,9.00531501833068,8.98643816619634
9.05097040439068,8.99602460911225,8.95330002565314
8.9554394370173,8.94821804368703,8.87973162118148
8.80493059577295,8.85788777305433,8.76643412623165
8.61639639755922,8.72301060010862,8.61417949523656
8.25233559740788,8.55699204446106,8.43931070460273
8.00270222364734,8.34755289518072,8.2319471001693
7.74545519336924,8.12449008272354,8.01870070287872
7.59953494247791,7.89984696567147,7.80880303129905
7.27504939220642,7.68505896307469,7.60911549406204
7.06877513426353,7.52247672070393,7.45318059700685
6.97269786464903,7.39505099181996,7.32606622625787
6.99992715341041,7.3082482449772,7.23759994413811
7.01551255234835,7.26210649361222,7.18769983607737
7.02262931168751,7.26189540372836,7.17793994437848
7.04259473146938,7.3193776925436,7.21640079030706
7.05004293712011,7.42236208075247,7.2949754543595
7.07130911765932,7.56146797107483,7.40886071641448
8.87207903381244,8.96087139788132,9.09253267640042
8.88006780619861,8.92191753011348,9.00813697636674
8.90622719350352,8.90354174703362,8.93671070875311
8.97861365582204,8.96119590353697,8.98160876495399
9.10456227150149,9.08750976717445,9.12931928088401
9.15657383395224,9.21557935330982,9.27457521026727
9.23988039397492,9.33253847289711,9.40038285710521
9.50255338140248,9.42929770097411,9.49717248356809
9.66729091956172,9.49696187327054,9.5562307285752
9.7180288472308,9.53830246490715,9.58063116081066
9.66859460977295,9.54629073261988,9.56987314382652
9.55196827001485,9.52769447537195,9.53400026945491
9.401055839017,9.44629768178984,9.44780841179855
9.09189545172079,9.32061293080638,9.33506955863049
8.92268136308948,9.19490885651305,9.23198791672666
8.80083855924074,9.08277255539377,9.14244645473715
8.66866494371319,8.99908383306904,9.07878005059196
8.66359619833447,8.94435478096603,9.03883469687297
8.82908187190894,8.91910084034314,9.02178750252785
8.93485251471497,8.91133279987201,9.01768606738956
8.9330388329973,8.92554261948958,8.92986509679742
8.90991243328722,8.93439518974438,8.93642756854544
8.95732166911253,8.93683105771042,8.92615507756616
8.96910665710745,8.92029089209838,8.88051666422362
8.86630178634045,8.87778933643,8.80934745007142
8.7424813100306,8.80395899553095,8.71119735592332
8.56496437645441,8.69710416385435,8.5853088935189
8.17486068996944,8.57052355181635,8.44666976603976
7.92161705092009,8.41127565696903,8.28371160069852
7.69145256929118,8.24048444337276,8.11645367687087
7.56082508198575,8.07293918433082,7.95737851371606
7.2795069845905,7.91725832181985,7.80831631436147
7.1247286237761,7.7991457217832,7.69450343832246
7.06535911698857,7.69654990751678,7.5917688142404
7.07642396590782,7.6346399213722,7.52711824656105
7.08446867839682,7.60773115740048,7.49429993568462
7.12570129484126,7.61414128504225,7.48919834805151
7.15196567550043,7.65993589684683,7.51813801496501
7.11468210676202,7.74072055049945,7.57963703257411
7.114459655351,7.84621583816784,7.66528587857551
8.86802926621015,9.01398559152143,9.08657310529101
8.83127359671929,8.95953776361842,8.98949437587827
8.8272176049495,8.93270984522846,8.92032992165753
8.888214668698,8.97821259868031,8.95121508767675
8.97124349232432,9.08349866984835,9.06618890435224
9.0286165831875,9.20076400422139,9.1962952676043
9.16621487116857,9.31872515194068,9.32275974666032
9.50369397723414,9.41051294371959,9.41412666334435
9.67938561442929,9.48798857542379,9.4848711192037
9.77143267915112,9.53607612077075,9.51986174646935
9.76743378234632,9.55481363649981,9.52381850094328
9.64009930489829,9.54308735357111,9.50243506758914
9.44399412953559,9.47367402092585,9.43221218755167
9.11850961740798,9.36110607634037,9.33090877709297
8.95339142351489,9.2421917627441,9.23134772619922
8.80866998984036,9.12873596764926,9.13990602346396
8.64147798437723,9.03603169848583,9.06768043259652
8.65232451152341,8.96915035260727,9.01615965272739
8.83473055938046,8.92233277433035,8.98087446115844
8.9270091960219,8.89695127311001,8.96131221828637
8.9532198623366,8.89179320278905,8.97117263927728
8.97435465151023,8.8859001530188,8.96253812981591
9.0095618576727,8.87639153273126,8.94104427752046
8.97781473093251,8.85556956260021,8.89726793777538
8.87985646813019,8.81692609387048,8.8335818859347
8.78863078747667,8.75961941227965,8.75370488194717
8.61971335387765,8.67931235551333,8.65437339498308
8.22571302350161,8.59206328559426,8.55306105327112
7.99427297559708,8.48745092325544,8.43981713137261
7.78306551142397,8.3740854784609,8.3236219984045
7.64744348024934,8.26488539853469,8.21484565258451
7.42292697321965,8.16426763251037,8.11598013282926
7.33388485863899,8.08228808966045,8.03548049782767
7.27471358309925,8.01612061052701,7.96802042397661
7.23060857879841,7.97854019937335,7.92626919360828
7.20765649344606,7.9608107588211,7.90192822973924
7.25690248274286,7.97132913416484,7.90126897799722
7.27074605614566,8.00894993363351,7.92318088873934
7.20171003664597,8.06817693929935,7.96591737446808
7.20681081009303,8.1427570621233,8.02442961090712
8.98917648771597,9.13857422168092,9.18746275897604
8.94203676152267,9.07574257681409,9.09624488222718
8.94249236255772,9.04828863753343,9.04036133571432
8.98900613661699,9.07456992552227,9.04318185386923
9.03267157153319,9.15886531375806,9.12447745578965
9.09621597791309,9.25487900907989,9.22243251346507
9.26110934590453,9.35790644185952,9.32757808763384
9.60514980188692,9.44424358937092,9.41158505426353
9.76495688503601,9.50949515796351,9.47006355502842
9.86556461096142,9.55103703573293,9.50220161479467
9.87029343798677,9.56529903329385,9.50667740762836
9.70775584084279,9.54086163710204,9.47746234627676
9.48549848263568,9.47996982066748,9.41790859939136
9.15727885163677,9.38097338664687,9.32955907107603
8.98384054799346,9.26795754959234,9.23281802873387
8.81589725382297,9.15824475853915,9.14304351858177
8.63903369950824,9.05770373649727,9.06169578690676
8.66258473369079,8.9814178722862,9.00158443165681
8.83092234669063,8.92048329064799,8.95317258224696
8.90525443084803,8.88307002713569,8.92367391861635
8.95889971423505,8.85412546690546,8.91222277350042
9.008635813458,8.83416172928308,8.89054677628229
9.03305162205037,8.81697647558837,8.86505866511888
8.98656492614033,8.7936781594807,8.82616547652228
8.90986043250679,8.76147710714557,8.77620111005574
8.83828692690892,8.72041104859913,8.71670531290596
8.6825281825264,8.67279047407718,8.65203151759523
8.33622055318123,8.6211845421604,8.58524405351409
8.1499977254498,8.57477310528017,8.52549920190883
7.96180645709523,8.51375894890735,8.45635042462042
7.82825378607997,8.46202347441356,8.40076161479002
7.65860039955203,8.40933511658553,8.34601926442156
7.61134498594831,8.36413704902993,8.30023270316798
7.53935232371987,8.33663964029023,8.26969335309464
7.46007503451708,8.31872867091467,8.24707472598321
7.4148002269597,8.31586722271303,8.23682810651062
7.4388371182706,8.32672345499429,8.23633465872044
7.43015731020451,8.3537383921827,8.24881686861044
7.36073831631256,8.3946358776291,8.27509276577765
7.38167565892681,8.44158894157151,8.30811853110047
9.27008243308515,9.30767302445111,9.33810798086732
9.25963626486413,9.26248942818514,9.27353670879697
9.31691086183072,9.21353044517753,9.20442976452154
9.34722731240232,9.23264737188378,9.19941658450118
9.35193358103636,9.28543512710656,9.23821009600776
9.43546324866873,9.35606282068559,9.30131757340001
9.6237967744287,9.43517635319702,9.37684415241558
9.9299611094046,9.50187829676305,9.4380499866402
10.05471781885,9.55280599597675,9.48261779984189
10.1518511068802,9.58305969862757,9.50493847087874
10.141730674058,9.5813254953017,9.49710136470974
9.91791680700506,9.54742265782278,9.46092061377236
9.68291117946946,9.48276004370265,9.39932737172242
9.36444476017785,9.38875719600561,9.31469554981581
9.1637768645778,9.27900691601283,9.21951346101759
8.95749685843687,9.16749713401781,9.12594968441722
8.77595073224706,9.0611231002867,9.03777968036781
8.79696914191163,8.97093117423121,8.96401218716539
8.88524339922926,8.90054167023986,8.9066014229017
8.9104142600514,8.84671542092793,8.86267883696061
8.97234392064873,8.80830360493247,8.84304326617334
9.02636138408394,8.78070281394577,8.81646712494353
9.0054654794743,8.75883742649433,8.79016780502752
8.94452986353301,8.7372086061651,8.76070909362826
8.88318483176366,8.71478670278553,8.72797645781755
8.81369646801496,8.69242935022675,8.6931170749681
8.67652245260123,8.67339468162512,8.65859621992206
8.45098106588335,8.66906295893606,8.63738071483656
8.35571080242072,8.66070100508004,8.61401045049453
8.21614048910509,8.65867349494545,8.60005697499009
8.1063778900318,8.65151952342229,8.58555306572588
8.03838612437975,8.64968636044494,8.57957828310448
8.04450212635219,8.64671058914011,8.57443249188856
7.96424243510705,8.64887449539619,8.5735345940376
7.86387789864414,8.65239485427728,8.57318309895526
7.79990594459898,8.66135743239683,8.57297131795709
7.76293351826417,8.6732121552123,8.57344039794595
7.72213055622378,8.69026015904994,8.57565983134999
7.69903254173384,8.71328464957615,8.58444905954292
7.760971021167,8.73976567506947,8.59794008977726
9.44393494112881,9.50832778452252,9.52122808868392
9.47123494921695,9.48202616202752,9.47692141263762
9.56492166207512,9.4202449012559,9.39708570668705
9.57816252818582,9.41002305569166,9.36740796059575
9.56219110038436,9.43702238132642,9.37816177836101
9.652961078635,9.4833688494229,9.41363650460677
9.83443862722416,9.53242594217602,9.45380782104453
10.0907360815327,9.57818699430419,9.49147029521353
10.1944756062288,9.61004254351204,9.5157063587386
10.2850334098496,9.6200422863452,9.51925590194723
10.2575452299085,9.60278789493778,9.49761202219686
10.0187521101852,9.55621745045021,9.45017492397327
9.80875551671134,9.48505060933581,9.3824935759602
9.52341687052442,9.38582289047009,9.29234960861696
9.31482613175762,9.2740336342752,9.19389662812853
9.10278286297802,9.15659889811273,9.09245313006854
8.94125363032106,9.04330635711692,8.9958601618986
8.95423843928664,8.94413472013519,8.91263731757339
8.97804510298604,8.86361833052439,8.84571923599501
8.97289694807439,8.79737453452272,8.79093957141302
9.02490760828197,8.75113815135115,8.76553394459285
9.06095892511659,8.72111004940094,8.73909111861122
9.00806413168837,8.69959014312167,8.71794762583741
8.94746975792692,8.68690035447262,8.70325019166909
8.88213065817962,8.67425039136031,8.68574690410769
8.79823614249866,8.66707114176888,8.67092749721529
8.67430565870413,8.68214246222815,8.67394080658428
8.54472609790448,8.72474025569734,8.69798939877598
8.51071816896463,8.76653406606759,8.72205720942592
8.40908951672316,8.80239965835496,8.74469301262593
8.32634517813247,8.84566013162959,8.77950959982578
8.31644972740604,8.88140400923563,8.81127789639994
8.3383233788752,8.91550085084618,8.84376106608745
8.25396301478844,8.95287775669437,8.87926756658126
8.15392720613183,8.97612942959403,8.89879116218048
8.07615675457796,8.99308940513027,8.9078607227926
7.97420475684495,9.0048634162256,8.90693462085485
7.90810593444405,9.014502904014,8.90000083922527
7.91983968942843,9.01856262390717,8.888352703644
8.0002883687546,9.02790378173729,8.88277947868671
9.71197004524756,9.67891155269981,9.68142923340226
9.78559673527036,9.64892509342633,9.63013785744589
9.89474188404573,9.58279759390806,9.54677878760925
9.87101284464896,9.56941862391001,9.51632659270617
9.82258164759236,9.57755004662613,9.50960381266426
9.89486689707087,9.60486988588181,9.52435782505781
10.0209731929838,9.63963721874365,9.54837201478889
10.1720195305332,9.66520253160135,9.56482516342226
10.2428030866587,9.67361204194458,9.56471536282906
10.2948789927668,9.66478808173111,9.54955740325863
10.2271384802342,9.63103143655238,9.51167919680789
9.99970149642483,9.57069102224869,9.45158850545634
9.85449148505898,9.48345997027296,9.36812244295223
9.62730679096153,9.37578857264295,9.26874412182219
9.41907095652958,9.25549142387815,9.16020112693126
9.22190272879842,9.12904263876605,9.04836004297837
9.09368130622418,9.0077088642818,8.94265300526037
9.075542724271,8.89369381525501,8.84458626733429
9.00539364074602,8.80286688428993,8.76722726959481
8.96742396884752,8.73179592756656,8.70786070253601
8.98471182040716,8.6821927357257,8.68072149815115
8.98091274842849,8.65179328549097,8.65669738245402
8.91608497346426,8.6392337174666,8.64786102608281
8.88551234414465,8.63833283836894,8.64738898006546
8.82412419202455,8.64521329438977,8.65293625591464
8.73258555367353,8.66252460052508,8.66694096613833
8.65984141056133,8.70691471928414,8.70070520398043
8.70899566383662,8.78174127775315,8.75598485865535
8.7807159550208,8.86296639073281,8.81962588439507
8.79190993461226,8.94748122118714,8.89131120983465
8.79039914280458,9.02927959140177,8.96506020116873
8.86909220315049,9.10488786814694,9.03836509077682
8.90404524551198,9.17233235281737,9.10728694544631
8.84685963171454,9.23753324362151,9.17429611419892
8.77417271738961,9.28423988249172,9.21972807327408
8.6780568617814,9.31124539835004,9.23760669440766
8.4675683493969,9.32003702909208,9.23258000998657
8.36274754477959,9.32027377259948,9.21363277572794
8.39429278987299,9.3120540093231,9.18702295855964
8.46270871609856,9.30230233060027,9.15964492516143
9.7941814729586,9.62591619244936,9.61863273370699
9.89491770836944,9.66513754392371,9.63880423692889
10.0106187732109,9.66697503050136,9.6245805299899
9.98206267886343,9.66701026228724,9.60986615953534
9.9444866831843,9.6879117946201,9.61692633346079
10.0045231498678,9.71315446416144,9.62902151867589
10.0906241921178,9.73578559961851,9.63977407804636
10.1921373001107,9.74598579891034,9.6396509270123
10.254208868948,9.73759718974492,9.62273660860217
10.2767870272254,9.70997759475614,9.58798748305898
10.1861522240851,9.6537724054793,9.5285608122562
9.99084052353312,9.58008002778008,9.45457426011961
9.8926208775083,9.47902177477917,9.35778942039418
9.69302831813036,9.35721419100816,9.24350134474075
9.48677358222972,9.22522975566657,9.12262642938937
9.30065010781113,9.08485134418809,8.99580218073626
9.16436044022108,8.94985527518833,8.87471268060685
9.10037453345758,8.82702448242748,8.76742189410516
8.95942573565531,8.72373857880471,8.67731163100909
8.89429927997293,8.64362475444279,8.60991976013242
8.8567980711381,8.59377306435593,8.58343758949986
8.81494440702021,8.57304389199514,8.56996219372865
8.75548183094994,8.57410885044815,8.57585943586292
8.75000681176196,8.59242462236705,8.59582060731738
8.69060704958115,8.63048913582928,8.63220551608242
8.60661612492247,8.68412167142602,8.68016662522154
8.58387570401777,8.75871064343554,8.74384614780729
8.75405036218333,8.86195001037187,8.83061166917972
8.89930122375529,8.9743396238828,8.92767246296272
9.02444466990387,9.09162721018429,9.03463166760551
9.10061111264937,9.20545906034739,9.14350108093647
9.23874733841389,9.31674574779474,9.25669513093988
9.28555416010162,9.41841126503019,9.36455113069482
9.27954793206641,9.5093741070992,9.46329663483123
9.24468520724148,9.57176090424088,9.52744237662124
9.14846168949431,9.60613279649982,9.55280969438198
8.89293017971144,9.60975462589272,9.53851130240626
8.77817616696557,9.60267617964371,9.50872113472601
8.81015747583103,9.57905216996406,9.46233792946754
8.85639555182435,9.55425248390912,9.41753505949597
9.6961969572558,9.50472520772985,9.49458921797432
9.8154073373802,9.59598116777279,9.56904124206016
9.94350427126784,9.66501165184993,9.62316287683471
9.93774619775305,9.71643628121655,9.66067378260645
9.94926120208508,9.76093630197955,9.69350913781503
10.0095077379235,9.79663481592013,9.71722961091007
10.0726851620289,9.81664164376463,9.72577038906886
10.1654286292084,9.81845584479732,9.71588265455681
10.2368356344472,9.79482827258326,9.68202619857257
10.2430586022836,9.74938762779903,9.62910816636479
10.1468740087547,9.67946400170408,9.55575314413005
10.0088915980167,9.58744587567046,9.4635193749488
9.95778439129925,9.46997149394333,9.3502393816014
9.78403152278146,9.33576020498756,9.22317158373594
9.58860269005775,9.18920397984283,9.08743632832434
9.41608978178768,9.03235167685266,8.94259711360602
9.25111378027101,8.8791220249962,8.80250504729256
9.1328931596339,8.737736654713,8.67571591911223
8.93096827810157,8.62116691491618,8.5724727967834
8.83900583035911,8.53615129627402,8.49925663247203
8.7345887535282,8.48926855101013,8.47543323775347
8.65762858403743,8.48305245675762,8.47681660645697
8.61614458159737,8.50454064593745,8.50307451103803
8.63397689220957,8.54959518473943,8.54904034035739
8.57656944256251,8.6171529229582,8.6124542434564
8.50960295845127,8.71137966846916,8.69748537984234
8.53802974036854,8.81926685448152,8.79323652687103
8.80315866343739,8.94265195277748,8.90253012601698
9.00928075767291,9.08381335174082,9.03167740052459
9.252078180141,9.22558467700167,9.16628703437731
9.4006335602887,9.36505090604333,9.30426193011586
9.57202230053439,9.50101882407767,9.44628956092649
9.6218931504651,9.63033770690211,9.58740323334731
9.66616793432974,9.74651194906867,9.71790062292864
9.6646481649042,9.83373898481866,9.81518883279156
9.56863716664787,9.86948902791795,9.83945182000814
9.29041147188614,9.86987534440732,9.81681243351188
9.17488534193686,9.85204465242492,9.77180521092223
9.19161407195787,9.82130789885432,9.71483368918181
9.21004756225851,9.78858583548241,9.65923276788442
9.35672687234135,9.38690781969787,9.37720803406051
9.47998986693042,9.52504355599364,9.50095897248554
9.63730520345501,9.63818913564317,9.60096255255277
9.70616739591074,9.73562645699416,9.68747683099153
9.82842409440088,9.80991462270034,9.75265914625194
9.89941710662725,9.85693878453575,9.78880832037722
9.95241266795766,9.88098470960026,9.80213895210073
10.070192452494,9.87610512679787,9.78494196118592
10.1523145340245,9.84127741357278,9.73877682011455
10.1232533569987,9.78080621786181,9.669875756819
10.0301183685396,9.69675538920382,9.58158030182832
9.97016091779708,9.58845398075428,9.4730992733586
9.957143208447,9.45772929609439,9.34597720176638
9.80067082694773,9.30841001001038,9.20375035909639
9.62923234395081,9.14313021103339,9.04820008320482
9.47102315941795,8.96778864343657,8.8844375279043
9.23607167014965,8.79254341923661,8.72130674446232
9.04868359797602,8.63384502445617,8.57556767507489
8.80743545405735,8.5059415510828,8.45999515878513
8.696573318322,8.40818744119372,8.3739620487319
8.5277996098027,8.36293474566166,8.35181535707274
8.44525301451684,8.37292533463098,8.36862197274917
8.48609092784984,8.42045259207207,8.41983200801551
8.55369668153425,8.50109853093468,8.49958239960573
8.5441740819753,8.60313267073532,8.59375567624206
8.54105182659228,8.72973230822203,8.70675764926923
8.65247900647813,8.8665352100096,8.82888128993179
9.01426499949152,9.01780526990801,8.96664935217255
9.2914232749109,9.1831724546676,9.12275321289063
9.69621988392332,9.34585071551409,9.28079632276863
9.92103973892885,9.50872718185019,9.4471124775909
10.0846279805585,9.66608280357725,9.61485224502353
10.1189970594253,9.80736305231011,9.77055576471072
10.2008085853742,9.93995884189219,9.92149998872687
10.2154701746109,10.0388915771036,10.0346763677476
10.1107925689145,10.0826800333269,10.068600439802
9.83192434698971,10.0829323710915,10.0422770485565
9.71698975531695,10.0610103524408,9.99123047327497
9.6684711794251,10.0304797401533,9.93278371389106
9.63497400371577,9.99242712768876,9.87055807623039
9.11956797039787,9.31747608869071,9.30816353421035
9.24769974902406,9.46356771677556,9.44280440293353
9.45406170459119,9.60764319831373,9.57704730563026
9.59892118739399,9.73305768244348,9.6956880021583
9.81030424023984,9.83390366687768,9.79093989376774
9.89665768749292,9.90025770192942,9.85072024124628
9.958099572384,9.92677930403843,9.86632361321318
10.0946083315275,9.9165317733202,9.84269056744933
10.1626491160705,9.87172275486513,9.78488382266104
10.0859207933619,9.80249254954752,9.70616218922976
9.98617019617123,9.70521066995085,9.60433036265813
9.93494853318891,9.58705837496874,9.48605681294761
9.90658295724435,9.44445533208384,9.34721269781213
9.72923200053395,9.27815937089836,9.18808607897684
9.56155654549052,9.09189216479805,9.01140243353573
9.39125773055534,8.89881911942582,8.82899509718386
9.08479433181534,8.70165058310987,8.6426448095808
8.85967295058003,8.51592708993073,8.46758905208898
8.61298559307203,8.36749455310973,8.33064151127418
8.49578333407171,8.26185103949336,8.23481769312605
8.31268014544468,8.21754237199614,8.21195449744492
8.25696030884771,8.24168264251114,8.24212562609283
8.37293894999295,8.32653035934432,8.32939497662513
8.47748144693054,8.44451755878049,8.44427886404017
8.53053334314875,8.58228482410704,8.56909542797887
8.58985678075439,8.74241647461279,8.71014141222351
8.75292528432482,8.90738097693141,8.85781539616446
9.15072516700125,9.08617362191872,9.02292998013134
9.46506661372172,9.26856660402495,9.19777862674192
9.95884901982635,9.4518485420391,9.38004184717989
10.211176114926,9.62823638753169,9.56324949164729
10.3527794439457,9.79918080205879,9.74721960136324
10.3784041157581,9.95333795087032,9.91873636937618
10.4695245575476,10.083924062272,10.0666379066665
10.4840156128426,10.1847065544097,10.1780621891524
10.3867418870222,10.2395934005612,10.2270564033001
10.1537359396658,10.2522548007933,10.217983414112
10.0535811746477,10.2374014788551,10.1753674582398
9.96625597657347,10.2106534364011,10.1205355269963
9.91267199383417,10.1691318252276,10.0527279008384
8.70025123203101,9.28118935038496,9.26985040293174
8.8494891127048,9.42403368767038,9.4041205426959
9.17378908309326,9.57276207929341,9.54733290504732
9.44936201918367,9.7162631552871,9.68908462520221
9.79786169653356,9.83790989103655,9.81206449640533
9.92844116806908,9.9203855940801,9.89322908406605
10.031716556898,9.94840687959747,9.9103012359539
10.194755839928,9.92976602648562,9.87585467636705
10.2215676463209,9.87971750436953,9.8117736035405
10.0766200555521,9.80422235377763,9.72593110144483
9.97040266840838,9.70382486951012,9.62042875608985
9.88975012174053,9.57811901859251,9.49516380260142
9.80954666232384,9.42463064585266,9.34712306111289
9.59699942338768,9.24426991553943,9.17469801563949
9.42879626387676,9.04333785256208,8.98269769578429
9.22298809401143,8.82561479460515,8.77386229211175
8.815587987133,8.6081654527751,8.56539677881407
8.56277345525725,8.39753454961897,8.3630505736419
8.32670867568816,8.22113569819906,8.19556294819768
8.20273954235677,8.10402277022174,8.08624050696473
8.03657492520719,8.05984280194673,8.06014176839366
8.04303430283406,8.10830142416184,8.11141019632758
8.24753911072094,8.22326509463509,8.22690670434909
8.38658200791533,8.38353755110328,8.38376373621838
8.53448594775648,8.55424804248539,8.53194372014116
8.67307161771169,8.74311253751579,8.69859664845367
8.87109433929235,8.93793265558184,8.87399451191476
9.25548357960976,9.13639118007302,9.05937172700272
9.58879786357527,9.3405897836976,9.2582064104488
10.1348606425185,9.53898351802754,9.45848154983641
10.3753636477808,9.72956460370379,9.65926930640587
10.4648399115704,9.90923766270696,9.85422629142631
10.478646905808,10.0675016553459,10.0318287411924
10.5532005041768,10.2017973227096,10.1840054695251
10.5605387859252,10.3005225319461,10.2927127314064
10.5058512743029,10.359337436741,10.346577585735
10.4111353632002,10.3859015237101,10.3550604833353
10.3630345460994,10.3810931698294,10.3242583369272
10.270875601802,10.3577488098614,10.2727228606473
10.2336206718946,10.3172547346829,10.205332973195
8.42389710466939,9.23878849115488,9.22267619030963
8.57983618228583,9.37972614315063,9.35808267704905
8.97004216400003,9.52344365671287,9.49964348548266
9.30600835920163,9.67025526868728,9.64956756331116
9.70874442038757,9.80617857095885,9.79266807704589
9.86740301542047,9.91275475578759,9.90944474306655
10.0007670476509,9.93605767883313,9.91917204857536
10.1609412478189,9.91266512925003,9.87764249476732
10.1496833628149,9.86112595161275,9.81092844608096
9.97324026070357,9.78557197161317,9.72590980845824
9.86827386168652,9.68740093409343,9.62346135518182
9.75703018993167,9.56076767336464,9.49827662626953
9.64620710475279,9.40407247599059,9.34827331435938
9.4326187235403,9.21748749296056,9.17126164186855
9.26944778115999,8.99905327715211,8.96147138681162
9.04479284130913,8.75977032670716,8.72869441592515
8.60776353878565,8.51680567903739,8.49152477067649
8.36723514196953,8.28605217075661,8.26643453100545
8.1569597163379,8.08358371042374,8.06894976064913
8.04078981616269,7.9376963183827,7.92703914264544
7.92496024485029,7.8912591910976,7.89448301528004
7.98615855368084,7.96868870805203,7.96939216068113
8.23606499730173,8.12310548068929,8.11714840002224
8.39366064259212,8.31425967344975,8.29653804706451
8.60898834952661,8.52325765346876,8.48468995804894
8.78785592069159,8.73700579329105,8.67506541926127
8.98751997101795,8.95753933734756,8.87667044207152
9.34180330274972,9.17865594324478,9.08573364376761
9.67026155060925,9.39733693222,9.30034574960981
10.1979584141565,9.60846059987196,9.51623430167956
10.4036195830135,9.81105764006589,9.73263743165391
10.4586394290551,9.99599012495362,9.9360892301107
10.4637380236752,10.1598344258172,10.1212523045403
10.5028750652902,10.2958811623149,10.2777057347534
10.4993875408251,10.3967771152389,10.391231930688
10.4818533100505,10.4619993309479,10.4535060274289
10.4873157126765,10.4955022044626,10.4685730200401
10.4741760439571,10.4980086102118,10.4449079213904
10.3972924108261,10.4797345337685,10.3979326879295
10.3813300948408,10.4446300106474,10.3356447234481
8.1598385071477,9.18824951217297,9.1664476274188
8.318490493076,9.31634111323877,9.29134590002838
8.76093501317623,9.45482031239074,9.43074871492516
9.12232387525022,9.59266274255817,9.57312432552673
9.53918866224002,9.72006242885228,9.70808978469511
9.73222846455337,9.81306344839322,9.8060125828526
9.90096669875522,9.85227829983043,9.83982596728019
10.0248079432533,9.84775285686809,9.82413872146657
9.95746680978995,9.81058042466155,9.77605140696348
9.76149394670301,9.74986345647737,9.70763629871745
9.65710688497317,9.65859636629309,9.61351950089392
9.4886221545849,9.54072475774438,9.497879249904
9.34488090862172,9.38172189687812,9.34703285827611
9.13816936102143,9.19508783442581,9.1721264391356
8.96489131515314,8.96552239391568,8.95271088147468
8.70505046672998,8.70366949477611,8.69281507963112
8.25599548371448,8.44085307521383,8.43206236626947
8.04471026662043,8.1907810564662,8.18377153384339
7.85300492706096,7.97683100572345,7.97045791368926
7.75034586320892,7.81876783765673,7.81167126880825
7.73411485250533,7.73656864910659,7.73679252225627
7.87012723617787,7.86729105092475,7.85943101848587
8.16311195999726,8.04843615329367,8.02645934402823
8.35427840206848,8.2682407972672,8.22800051897222
8.67988595896776,8.50045805023187,8.43900965390648
8.90886009104859,8.73699243664607,8.65448218352709
9.11210648582946,8.9755234492593,8.87471247384772
9.45859517272553,9.21364683252947,9.10258683203682
9.78840750528277,9.44379287896014,9.3314321200429
10.2668863516131,9.66694000805219,9.56186040217002
10.431081666577,9.87403311561309,9.78572308823569
10.4931296344745,10.0686641985586,10.0018471047545
10.5082093718441,10.2351789420104,10.193013024953
10.5054804913244,10.3743581012098,10.355023783738
10.5026160541612,10.4824511454804,10.4783799513169
10.5518272204215,10.5532987722775,10.5482419254048
10.6859710025995,10.5889425013305,10.5646697827817
10.7152695138695,10.5976481142622,10.5467558607257
10.6774310734249,10.5803312001838,10.5000568085798
10.6829248391984,10.545684735123,10.4376399135605
8.00877391975054,9.114219140778,9.08665875290315
8.17268644754926,9.23192096400912,9.20232788103133
8.62380727361809,9.35665157916141,9.32862930602779
8.96942494507756,9.48258999979125,9.45942002346796
9.38067027804602,9.59402826645893,9.57748089825108
9.60729523072922,9.68468581809687,9.67306468956458
9.80769647193249,9.73242089840838,9.71956888206739
9.92566946175464,9.75023176299302,9.7334502884951
9.85283697719562,9.73570990366015,9.7137188242767
9.6890601397454,9.69354226609039,9.66646471161216
9.59624861497347,9.62230264672763,9.593591333194
9.40956742944183,9.51497991030298,9.48921766458089
9.26464063515042,9.36653930892929,9.34763704688482
9.06380104191768,9.16804904003755,9.16128281221737
8.86807481125078,8.92785108502085,8.93109837211427
8.5796385851056,8.65438333798984,8.65781509750677
8.12944520979992,8.37790496179492,8.38085264377501
7.92501283805096,8.12591793845996,8.12698954688601
7.71180080546934,7.90854293861787,7.90744093290759
7.608769138433,7.7707738380664,7.76254345028846
7.64391805189133,7.73906316440391,7.73261697180768
7.80439530678131,7.83650649923087,7.81475539523303
8.09819782911717,8.02496317773486,7.9832607536486
8.30798770619006,8.24991373484569,8.18598258275676
8.68797837777264,8.49350912595962,8.40717540829116
8.93246782491696,8.74474966713293,8.63807929315304
9.13803673978904,8.99598885536498,8.87318247149157
9.50128220299575,9.24308810758125,9.11224135766818
9.83120869541376,9.48315514776498,9.35370658890141
10.2647178571025,9.71128648075979,9.59224708306841
10.4131193240104,9.92653636090175,9.82471194413333
10.5096890723118,10.1253923833682,10.0490628458582
10.5396850432591,10.2990173615432,10.251827642858
10.5227569312986,10.4466175175415,10.4258955555099
10.5323799697258,10.5572332791153,10.5523109839682
10.6219433923341,10.6320276520219,10.6267488502214
10.8095354370308,10.6697030867525,10.6461426338869
10.8602105409365,10.6769314764422,10.6255434695504
10.8606225359291,10.6600678067392,10.5784216817156
10.8729533633701,10.628655557771,10.518884304234
7.78656290480895,9.02562031313398,8.99287228265421
7.94244444422414,9.12807191157432,9.0940891257935
8.33593598670273,9.23554818908788,9.20352071634193
8.60751948503717,9.34443315872316,9.31728243323708
8.98932595843132,9.44867242149284,9.42778254787442
9.26817993137279,9.53829666067396,9.52293676692888
9.51858961932557,9.60020628885176,9.58775087690343
9.67497333178554,9.63679931411333,9.62544184541772
9.65440976588771,9.64676838998466,9.63452964616109
9.59908508268274,9.63809408583275,9.62409289482814
9.54162675380895,9.59079407894989,9.57518625756133
9.38004534061402,9.49923449987272,9.48553749688906
9.26957325223848,9.35222277951913,9.34414902335346
9.07889621137507,9.14754393611338,9.14818745610639
8.84268073001935,8.89244218311178,8.90050688089084
8.52657002855781,8.6097507368205,8.62070944106647
8.0993003787714,8.32799472368369,8.33798586048945
7.89652335234407,8.07820738792908,8.08424014243908
7.64649299394189,7.89042439897999,7.88874988130458
7.557851288393,7.77825255030102,7.76457882358736
7.66526461660409,7.77533886476794,7.75742144218648
7.84371439554668,7.86661041369755,7.82734569067174
8.14485212198186,8.04405178144663,7.98073717888735
8.39284224576152,8.26726953911653,8.1794558040707
8.82496691626938,8.51044257587751,8.39906353032625
9.07201162930221,8.76488523463039,8.63382126726695
9.28745779459333,9.01977331297284,8.87470524891751
9.69037282414594,9.27172454762924,9.1200425370282
10.0015150615091,9.51500131164641,9.36665974882028
10.3406166870376,9.74814878788282,9.61159627075129
10.4662012468149,9.96696674822363,9.85104310323615
10.5974206935363,10.1679091496147,10.0798200378596
10.6258010143395,10.3482683674889,10.291675068427
10.5760870831982,10.4974101658782,10.4703222306237
10.5892274194807,10.6176229393776,10.6120455973769
10.6867828828706,10.6965180222875,10.6916343674357
10.851602732639,10.731667782325,10.7055973552912
10.9003048726464,10.7357881680435,10.6789342394772
10.9341537970456,10.7225345985517,10.6354971304499
10.9271807656567,10.6899500032218,10.5742068971692
7.75369178522793,8.92175988658274,8.88530191992121
7.89153239926217,9.00502697825311,8.96792595375948
8.20036926831242,9.09839216631413,9.06363263099397
8.39707216865744,9.19414697478604,9.16428304320872
8.74048844762421,9.29149501216613,9.26797406671534
9.0375661876468,9.38325663120961,9.36623444604925
9.30719584411935,9.46382696145993,9.45253881854999
9.50472493639452,9.52299044529157,9.51600683968117
9.53915618124646,9.56289826319201,9.55852631344942
9.55420541080966,9.58347568311808,9.5786125172753
9.51152332871016,9.58165204122994,9.57441955739792
9.37426285116945,9.50221139546472,9.49601458626791
9.28604975843632,9.35599066476505,9.3539681701529
9.07545654858193,9.14265255209013,9.146626228288
8.80326177861636,8.87050264505501,8.88100349746538
8.47456962603484,8.57616423162279,8.59022206014022
8.06450612721805,8.29248198512551,8.30590697765609
7.85680791700869,8.05495960788909,8.06246403876303
7.59755388605851,7.8841934801494,7.88042656655669
7.53628401123765,7.80800048073386,7.78618102009275
7.69379409973689,7.82686362623936,7.79482671359229
7.88493473495993,7.93077681935,7.87310872707505
8.21907633037898,8.09677623228283,8.01193021260196
8.50531612002767,8.30877625226641,8.19760222212629
8.96055363188273,8.54614415519361,8.41118821012996
9.20732811537611,8.7954674401899,8.64126861002277
9.44107788925848,9.04942506238901,8.88215899312631
9.87755678799964,9.29953428877818,9.12737192000766
10.1682933393112,9.54238278142936,9.37404200072111
10.4473962887511,9.77556030961408,9.6197411651952
10.5636743551992,9.99385794020765,9.85951675474651
10.7023837516762,10.1944999708208,10.0881509378784
10.7195004882049,10.3763377790047,10.303430553268
10.6561777893224,10.5346921115931,10.497158211761
10.6646396436544,10.6618579519171,10.6546148349252
10.7347239386082,10.7388292980756,10.7287259592949
10.8301184260738,10.7697309868367,10.7326202115761
10.8614396176809,10.7740446411977,10.7058155704007
10.8982798972854,10.7625982947008,10.6646951901719
10.86312679889,10.7330011756743,10.608174617614
7.79996258287555,8.80809141021831,8.77049498544937
7.91806839501216,8.87468000107692,8.8367501586166
8.13017756199213,8.94667932465914,8.911301063789
8.25357089535722,9.02913354988219,8.99897062387079
8.55953930643112,9.12077352390396,9.09736983011759
8.86360870998874,9.22162049548807,9.20498854424857
9.14613302624339,9.32574143764113,9.31547437802684
9.40347643295367,9.42009319173993,9.41516290552029
9.50323267437068,9.49425581787447,9.49284394176917
9.57643771822131,9.56282143857059,9.56200043461661
9.54065536783009,9.58133573998906,9.57838302889632
9.4269571154795,9.53557573087491,9.53281755689027
9.35007152598101,9.38794913094116,9.38866250762096
9.09430865219504,9.15705059946718,9.16267633605344
8.78286175456416,8.86954269838567,8.88089581293637
8.4442901703604,8.55678156470976,8.57238429204823
8.04144030936241,8.26222367578102,8.27755005691548
7.82288070656756,8.02727117727822,8.03527360244548
7.56796361201635,7.89150768283814,7.88341406590221
7.53967371713456,7.85866461254604,7.82674397015523
7.73231484276446,7.8916546047736,7.8458634151093
7.93102825658637,7.99623469822052,7.92069751977847
8.30501984818902,8.16143197624519,8.05630544064593
8.62132495523133,8.36688481860233,8.2343148830179
9.06968637000292,8.5944187379294,8.43779319524109
9.3050900433868,8.8366055918012,8.66068541760816
9.55113738192174,9.08244739943644,8.89449886445971
9.99961443384907,9.32706231095561,9.13475898909022
10.2572054546054,9.56340829906874,9.37514870300982
10.4807955476382,9.79188734749619,9.61568491183306
10.5894078398066,10.0078048092696,9.85264249897996
10.7216457227401,10.2053556527924,10.0767201669912
10.7293424769303,10.3849147571369,10.2874908612122
10.6776378393707,10.5409112626673,10.4765611767583
10.6870493892411,10.6662692274779,10.6279784541442
10.7214933265141,10.7434487184705,10.7034389816816
10.742771060689,10.7783102416809,10.7173392600838
10.7635500094331,10.7900117940711,10.7024496834038
10.8091260350811,10.7790124748049,10.664082011773
10.7555409929247,10.7565155969654,10.6177873358378
7.88848190901157,8.68820109730972,8.65106237234978
7.95785964258345,8.73592871637109,8.69939125551236
8.01229909816224,8.79004104988492,8.75691703491603
8.04199551264038,8.85579026420909,8.82813378007961
8.28973171460393,8.94244281779851,8.92147415553313
8.57990500162102,9.05369466816231,9.03938289555346
8.87573952851383,9.18073536629384,9.17221847166996
9.25813775619405,9.32831599133515,9.32380053225379
9.4660954162477,9.46314705399032,9.46112234337516
9.61410892865081,9.57060354521939,9.56888967613714
9.59688347361843,9.60967005310613,9.60681218984109
9.53945896317765,9.57067463690978,9.56841547468355
9.47438971974874,9.42612488140041,9.42718698179634
9.1594898212082,9.18258168542694,9.18793375288881
8.82525043048164,8.88245969472,8.89273344126766
8.50478901764858,8.56178036627311,8.575524724202
8.12969242308644,8.25257348764603,8.26613538220304
7.91780880516553,8.02209996175302,8.02623633935908
7.7306221573752,7.91098251425113,7.89700426626619
7.76610504444728,7.91672416739249,7.87444442683671
7.99107338427063,7.96942945008005,7.90948002918875
8.19833143854466,8.08202611588971,7.98992709868044
8.62454943468514,8.24450439594435,8.12148021541748
8.94618658011461,8.43782495154339,8.28675258246892
9.30941861954293,8.65439812904541,8.47935201234888
9.49197498161065,8.88458119217229,8.69091849379452
9.71322993054287,9.11755556008247,8.91173845507648
10.0892446764651,9.35294631235607,9.1421904461032
10.2587016150788,9.58139136244993,9.37415358426514
10.3868083650295,9.80168010550831,9.60537875010353
10.4625470614909,10.0091976366827,9.83171549740115
10.5358386198274,10.2019404167447,10.0469723382599
10.5282085485143,10.3759725299955,10.248231458598
10.5212347763544,10.5235319494131,10.421829909393
10.5307656272301,10.637104737766,10.5518425541134
10.5030402440379,10.721268015558,10.6390565475868
10.4255169741915,10.7630945230243,10.6672956028055
10.4391633243075,10.7801081299863,10.6642103310138
10.4964945325007,10.7773114354095,10.6410299903239
10.4418322937907,10.7608737351733,10.6058189123068
8.02841726368756,8.5696397926433,8.53550194784331
8.04168732974356,8.59927900646136,8.5663362005753
7.98109679845511,8.63357497177181,8.60469966335603
7.95389282153618,8.6825902989748,8.65995071262422
8.13925463662349,8.75564093263627,8.73983575133504
8.39160124347509,8.8723709892091,8.86247202629059
8.68101812159391,9.0322068836593,9.02655102434497
9.13757939393479,9.22232101922572,9.21879601121019
9.39953521928658,9.41782144136019,9.4149770814575
9.57356560039426,9.57464515206683,9.5718631548769
9.57027956649369,9.63191569907538,9.62821604152032
9.54920311859232,9.59450004329877,9.59044873566485
9.48451860553514,9.46320485703639,9.46354121747594
9.15104357956629,9.2064961989009,9.20937492980722
8.83437676424805,8.90749582438104,8.91306023447829
8.549865115705,8.59377463702533,8.6013289596123
8.21473193100847,8.29535554249381,8.30109609868208
8.03622579125163,8.07194859775551,8.06673369768185
7.9430456167969,7.99078356415156,7.96530095221213
8.03118825977183,8.00349760636377,7.94847924369704
8.27975730119109,8.06483458665783,7.99050450055691
8.5027843100245,8.1778787628861,8.07065470090202
8.96198996371762,8.33189279007365,8.19320522972237
9.26641068260235,8.51281823801343,8.34612765083559
9.55011004628569,8.71586875454569,8.52511780750722
9.68834182210199,8.93293307789109,8.72463254608171
9.87075799060957,9.15437844012094,8.93355428037239
10.1547247865117,9.37569048567316,9.14892012011951
10.259198488927,9.59423695603541,9.36957912882585
10.3341213217109,9.80334078067431,9.58755605379906
10.3800994135552,10.0011521757198,9.80003812533506
10.3994495290578,10.183871478793,10.0022340837094
10.389590440817,10.347669244017,10.1871468153748
10.4229400589977,10.4883976653597,10.3468393622006
10.4271263319853,10.5988077345604,10.470895273688
10.3567341296689,10.6809070063465,10.555683364362
10.2213412697468,10.730163522309,10.5984200702922
10.219387715395,10.7563853474709,10.6118835262359
10.2551865216908,10.760590307934,10.6011867864692
10.2022939359915,10.7503229986831,10.5765029833134
8.43678707192913,8.46276326420386,8.43312252361629
8.35897432735167,8.47631455197097,8.44899197792123
8.16406490108174,8.49077990797976,8.46844423556112
8.07942676512947,8.51674519982297,8.50083242441457
8.15613046164934,8.57803496764745,8.56865727704438
8.329847920237,8.68318641167268,8.67884216764553
8.59730144794691,8.86918928764501,8.86740636639498
9.12651196741763,9.10234027756648,9.10062559391969
9.42471075987573,9.34635968265411,9.34389114631347
9.60293418472748,9.54310583261937,9.54114410860519
9.61735684985172,9.62862512831794,9.62435187501463
9.61883464932512,9.57430196383685,9.56669528405015
9.53288313948389,9.43430164438183,9.42754854059904
9.19546079211542,9.20619966057885,9.20219677328422
8.93073151742564,8.93201621386891,8.92902728037811
8.70312049525141,8.64899457956688,8.64563595295893
8.42580930078627,8.39823414592125,8.38967823391893
8.31621604664592,8.21094613009221,8.19046372796004
8.3718568515698,8.11786597823321,8.07654712976047
8.51475468880981,8.12327832168336,8.05337621096382
8.77405908471551,8.17837711193853,8.0896985393403
9.01475267167017,8.28593906855371,8.16532037757797
9.47868698266166,8.42599738305889,8.27442495405769
9.71993983055273,8.59427388314402,8.41588205130948
9.87160648998453,8.78145436289534,8.57969894761325
9.93822770247812,8.98157167926364,8.76177076532083
10.0358711307696,9.18815249809369,8.95566434871031
10.1539848547296,9.39523666784779,9.15645810776566
10.1832532512985,9.60140334390617,9.36297047498843
10.2208376933111,9.79708387480227,9.56522657052344
10.2324828974252,9.98290189179187,9.76120010114206
10.2038226215368,10.1584746549654,9.95130077394851
10.2261050769496,10.3106815774594,10.1201625718664
10.3432932356029,10.4429589173608,10.2663842469456
10.3486190210336,10.551099872088,10.3855548701221
10.2432738642388,10.6305136260144,10.4674915741584
10.0607917980574,10.6851038123837,10.5195082936161
10.0207658934522,10.7162148605262,10.5427531494634
9.98908597472591,10.7304993354669,10.5484536269867
9.94434382416458,10.7292482993,10.5378928406218
8.74784143560205,8.36756360093386,8.34370811361316
8.61488444759689,8.36675424308617,8.34616683605318
8.37053033013602,8.37156956771812,8.35615139573245
8.26923273936043,8.38035632117707,8.37159970021267
8.28008388243706,8.41718876320627,8.41395774584335
8.40667317598549,8.5004254830828,8.49949701620157
8.66389709056034,8.71600358594865,8.71773228541396
9.21988791158158,8.97684780508996,8.9770328064542
9.52299250832395,9.22782644917466,9.22443555068533
9.70979357438884,9.42995891124387,9.42418816046828
9.74706716948213,9.52979354627652,9.51992236661878
9.75885366078864,9.49930395864114,9.48532017630509
9.66269238320721,9.36948707706776,9.3546061693294
9.35868129984362,9.18283629653292,9.16834432401174
9.14560950315296,8.95074755091037,8.93583053939358
8.95730400735296,8.7153338744697,8.69736260160773
8.72363805044522,8.50422861734949,8.47936421914704
8.66792164097577,8.34634410173105,8.30812190521288
8.80419494805856,8.27016398474823,8.21085425698243
8.95783064945267,8.25907792591934,8.17339689195631
9.20291856540393,8.30601395091728,8.20377260834013
9.43969264266029,8.4008032092752,8.26871125603596
9.85658089776523,8.52651125245906,8.36555731443206
10.0285754872775,8.6749981329309,8.48800939983678
10.082074095849,8.84691306943766,8.63755539992357
10.0883966557312,9.02892375928635,8.80205479879027
10.1046589836558,9.22006751679883,8.98067028284866
10.093121498625,9.41459803640028,9.16748879472682
10.0793122882203,9.60316156054758,9.35463191634551
10.0937618601125,9.78691568864134,9.54169906300918
10.0786112567328,9.9619096904074,9.72434956895524
10.0320426504705,10.1229503125084,9.89572081523564
10.0837211051083,10.267066183466,10.0510755132914
10.2435742801306,10.3917723560303,10.186097870268
10.2487483522437,10.4952661213633,10.2981693389523
10.1379643314403,10.5751692988938,10.3811123589099
9.94204900454702,10.6328611045325,10.438420733463
9.86431053746427,10.6722380367264,10.4745843555755
9.77361999723752,10.6923929118342,10.4896906035238
9.73959998767846,10.700578906495,10.4930288475568
