"truesurface","",""
10.2128739884744,9.96738909665711,10.1622572866054
10.4384686045996,9.97251302067344,10.1790401948893
10.3210642865575,9.99393771859932,10.2087796114791
12.8284454806912,10.0546029074728,10.27448966116
8.62725923106868,10.1811435540626,10.398595359086
7.77154391490096,10.4275626561035,10.6274415910246
13.3776312189001,10.8175557564776,10.9718244829017
8.90706081114492,10.9276153720444,11.0602839243311
8.53190832171466,10.4411538768916,10.6375278452808
8.9810931524218,10.2007789647946,10.4138302890889
8.73719436424742,10.0375578301127,10.2569910097657
8.5769275320616,9.96137016044857,10.1791108955405
8.69424992203383,9.90580671239798,10.1162937081702
9.58433056040233,9.84589872120599,10.0409982999463
8.83685206321322,9.76423148601208,9.93801665651118
9.41961718890174,9.64944017717502,9.79461979618832
10.6406921472274,9.68511984902255,9.83164196649992
11.0492034309511,9.84185409200883,10.0199470690528
10.1340160396315,10.0468731309694,10.2736402467435
13.4447566777967,10.1176317018603,10.3962125262175
11.1327499238694,10.0450424569634,9.70762577938059
12.6508601695416,9.95688213731919,9.64893912205395
12.1561050693548,9.81970383004572,9.55510907910628
12.3869395519701,9.64837579076089,9.46825413977422
10.2465818156295,9.58238518144961,9.44802832216118
8.57252019011205,9.69674910839035,9.52635601558147
8.97003546191541,9.89561737266524,9.69007627247737
10.5422106338589,10.0563305552332,9.82552900286436
10.9714120678312,10.1360748488499,9.90695473841528
9.81066153424347,10.1026425426372,9.88715868935659
10.1559576356587,10.1955152715352,10.0565548115677
10.016937619611,10.6914174369061,10.6604064154912
12.8480067711514,11.4062789166312,11.3964437419341
11.3238272638779,10.8677154371434,10.8078460923075
11.9087288028051,10.9045883465633,10.8562584191467
9.67203706100756,10.5412312008932,10.3926098563784
12.0710453653293,10.0867109045739,9.79575394441911
9.64241502952386,9.89620183482012,9.53545809641058
9.02045770189279,9.81045577141692,9.40326403260132
6.41707709613033,9.78165463288425,9.34498182872524
6.63800423354224,9.96353052848342,10.1661123842435
8.56680698915936,9.96575513098806,10.186087799459
12.8765858892312,9.98960405884155,10.221152350802
11.7758884023612,10.040188887821,10.2774667523093
9.15665081633871,10.1191539348844,10.3580537704439
8.93816392357903,10.2341447866441,10.4691996777568
12.0461989455472,10.3275244063723,10.5527790245568
11.3787026095148,10.3529549503574,10.5694139519249
11.8312652056271,10.2230799757519,10.4467720676729
7.8963159984406,10.0682675599456,10.3010861654508
7.61026177821652,9.97968655052632,10.2145746875835
6.59617666368515,9.92449154831702,10.155172515863
7.9078638535567,9.86988175276393,10.0908467003121
9.18570368873418,9.78624767967543,9.98626609601239
9.2400487529055,9.61921796538861,9.77869082248906
8.6710066184952,9.26164460107556,9.35631667676099
9.2067684072729,9.31014954964678,9.40105617766396
9.36477859032937,9.82587818407405,9.98384378706801
10.7506677965106,10.3295777527419,10.5656161160082
10.6540818993654,10.5047498372858,10.8055720361446
12.5128676765609,10.3581808844967,10.041459492685
10.4106247537583,10.1135145081532,9.83224534024295
11.1590649506156,9.91127202598995,9.65745834626576
11.084412246236,9.78936968813372,9.564485307092
12.3684474493409,9.77357808771785,9.56218236886595
10.5181740775846,9.84375551672314,9.64630002064045
9.93602610700127,10.0224605267065,9.85224864928245
10.5602210707305,10.2932971589977,10.1695612503407
9.47397266604105,10.3557619616609,10.2477419852567
8.63319795117873,10.136478821321,9.99099205168164
10.7450659511435,10.0525812502926,9.94825072287075
11.0013686578499,10.1635403257144,10.1179549697764
9.27609083176693,10.5087988309241,10.4482913044917
8.37803733279668,10.5556564315094,10.4796877488979
8.04863697094257,10.5359876531793,10.4424998309654
8.93349624145723,10.2525460970327,10.0741284823084
8.57442641776484,9.92916121756372,9.65255490066763
9.61396621093319,9.70327237228208,9.36618068241502
10.8655431918357,9.55388679160837,9.16906854379453
8.34805950614421,9.52767164926227,9.10782090601553
6.13564727022123,9.96855338995359,10.1744764750553
8.44562425533716,9.98044695243831,10.2059466348311
9.75042476072644,10.0193677744234,10.2589046745338
8.39109169814069,10.067408786792,10.3161775136241
9.7873434715793,10.1179600356812,10.3714100755298
9.45329589054601,10.1636028162286,10.4142893393104
9.94882736647949,10.1582688968426,10.4014251616106
9.58575119984679,10.116103263833,10.3530744920855
10.6239670524207,10.0380739993354,10.2756174350727
7.52605052175481,9.96797451967607,10.2071386582787
7.07352636422569,9.93282042200361,10.1744127955629
7.18813451069417,9.9013369035441,10.1392330247325
6.6253404280031,9.85428573454136,10.0814348096852
8.71240276551894,9.76711867947373,9.97102796338229
11.5526258399968,9.57383443750174,9.72999543992425
9.4684510968988,9.01963285516132,9.09422138689594
10.300191158907,8.69670932770259,8.72734290647599
11.5701661827994,10.1635079908105,10.3113435115054
7.34282692705204,11.2642919057952,11.4935335663912
11.44475828702,11.4824850596162,11.7762835497382
11.3826787483553,10.8738516503364,10.5618363182211
10.5892891257368,10.3021514757673,10.0279529930324
10.1048988723631,10.022687264984,9.76767565918649
8.14307753890018,9.87516272113874,9.62769827840482
10.1995547972463,9.85040350724759,9.60449651729592
11.4817460794197,9.91114250449288,9.6894896510344
9.42437073499303,10.0921795434836,9.92907187569518
9.16557469318919,10.4532889499304,10.3852776684348
11.3641073680379,10.4178435583604,10.3449142020789
9.75525355681155,10.1586042347227,10.0388627344858
5.69818439471485,10.0011972856228,9.85962671825648
11.6508519051692,10.000275556711,9.85275123646488
9.46254718998162,10.1024806666934,9.9455299050639
10.2155865446715,10.1423055857457,9.97317055887598
8.9215766377249,10.0818466248725,9.88470210143121
9.34004727254316,9.92605087139587,9.67908342785966
9.17067346020446,9.68753815211821,9.40249868536612
7.00471780189379,9.36390027040893,9.0343057370958
7.12805374200573,9.09171916555125,8.72679047539329
8.11799769285799,8.94061557135944,8.5418724305423
8.41489952705803,9.98032706647339,10.1863234497868
9.7757720649133,10.0117784500615,10.2389947631327
7.51839902373505,10.1018126819694,10.3445133966426
6.20238166741853,10.2148512658297,10.4680009353717
8.53806867894926,10.3053600193266,10.5611599466227
10.0720380314106,10.2718625546984,10.5241378592747
11.3769248326903,10.1554861221772,10.3950881463796
11.7553516025659,10.0262496325459,10.2552860610686
11.0805752260077,9.9318680965727,10.1586277788214
7.57136339962393,9.89969640548667,10.1332837104422
9.02980309797846,9.89411460486184,10.1353266292251
10.7646484969826,9.89053468555007,10.1304087226673
11.2512577318347,9.87075015906781,10.1021369666836
8.6222856904827,9.8101158606434,10.0219496015232
10.5603055573525,9.66593569774685,9.83918423706296
8.00564211914473,9.47761204076897,9.60417915585462
10.1150386572796,9.71074182103815,9.83405269942237
10.5555035023932,10.7255529935406,10.9024772855866
11.9977803655409,12.7570503507853,12.9133573098746
12.6695849488853,13.3621001674682,13.5272202168068
8.44115839200131,11.5297972490082,11.178685762235
8.38624455746491,10.5099303195278,10.2388522172251
6.3700760042869,10.072694650272,9.81649699511947
8.27788157917599,9.93260547617937,9.67425682521971
9.34309092629425,9.88939835836322,9.634294981657
8.64074871555165,9.92597320668848,9.68996899410924
10.1474073000845,10.032677401668,9.84230706781251
8.40043213740753,10.1492549374286,10.010327028689
10.5426387947657,10.154368709994,10.0305461553894
9.60615310188724,10.0180661823492,9.87006727866441
5.23234017387014,9.93124271635196,9.75632628292253
10.1258581257332,9.91770194894698,9.71806666378798
9.29086024594787,9.93817163177421,9.71382825140813
10.2529934159741,9.93373474919949,9.69847181330677
11.4011589335618,9.86561913623208,9.61142314255412
12.1328650097352,9.72467933820691,9.45013147510821
10.5926775323439,9.4254433187001,9.12273250590577
5.77413798433939,8.86416102012249,8.54462411964257
5.94518939835272,8.08119107729051,7.77434774031183
6.22863841683047,7.77967032056006,7.45763642153362
9.19284495128323,9.99863440680902,10.2027658555373
8.09056253981448,10.0623667507601,10.2860869143788
9.42074506522513,10.2227093863748,10.4583704383589
7.91592435127471,10.5055309114678,10.7477141055976
10.2175781599378,10.7627228399735,11.0016583494615
10.8797591566196,10.6684255412134,10.901708691985
11.9829150882987,10.3102150753196,10.5260890677266
13.7261157148751,9.98567635147942,10.1798531161006
12.3860181589199,9.82985040133831,10.0219608036218
11.1887589923208,9.82869208908587,10.0396433732623
10.835283897955,9.88028853378203,10.1139370122124
13.8749034354506,9.90334895827255,10.1434711791042
11.5036485915396,9.91751800413438,10.154369447874
10.1738056313804,9.89763097266817,10.1201014780794
8.92599124758701,9.85547756902731,10.0603457375871
10.4854571581283,9.88086226332131,10.0697657671922
6.19422990637691,10.1756270582902,10.370268214751
4.50241957364756,10.9269252008305,11.1444896021175
13.7299699048585,12.0951898018604,12.3044703446135
15.4630682468854,12.7165819387287,12.9403519511698
6.16150013729662,11.3563078540888,11.0166258472725
8.1337563395614,10.5021880924029,10.228762777959
7.24272645314897,10.0842445427929,9.82421370118863
9.76073686404282,9.92674545292943,9.66940876143789
8.69887279367607,9.88335473226976,9.63127899850948
5.73566548432201,9.90664481476065,9.65935567639535
5.10757087918265,9.96166028791315,9.73669494865954
9.67349002648443,9.99807232564758,9.80964349638917
8.67859875666218,10.0117497142209,9.85973767909691
9.88839808707774,9.95368704788737,9.80112736155988
8.39672813545821,9.89902214493756,9.72101894329041
9.28186572072435,9.85872075518254,9.64012281154879
9.04237261619709,9.8472640318061,9.59452044297573
13.1999120779897,9.8197309025256,9.54484215265577
11.5003568801338,9.74761724396303,9.46025481151092
11.7483784688884,9.58815579649595,9.28612481277534
8.06956996118436,9.24559993735722,8.92690845705455
8.3027725989597,8.54788593596544,8.22613644485311
3.982448713794,7.06038253205143,6.8361940424775
6.10946820278073,5.90327732259213,5.80276119518881
10.1997624993106,10.0068950150275,10.2018005314902
10.0151150279385,10.0974269225899,10.3055717239118
12.5831552742056,10.360885650654,10.5721987508085
12.1553794278473,10.9640099957636,11.1634741601383
9.92788298233507,11.960287235685,12.0948992017407
10.5875964318445,11.424561099836,11.6076740732972
11.0953982692666,10.760643693572,10.932050299378
8.93344708239224,9.86929431181083,9.98953350954089
10.5366602792798,9.61450306152038,9.74139986627062
10.5929509261326,9.78460512335594,9.96830433361063
10.7939432457765,9.89738838353467,10.1177964804303
13.6518030923826,9.95874088006248,10.1937777827922
11.4198126806655,10.0067883164835,10.2411491287887
8.45952630841726,10.0284964147874,10.2548839534142
8.08411455325829,10.0119490423115,10.231283969764
8.28225818602117,10.0542169442972,10.2653341622452
9.67655315294761,10.2377157500232,10.4456566299988
7.01371237659494,10.6135825305509,10.8344977233762
11.9845092903458,11.0199734072273,11.2728465262181
17.7076123468907,11.1500471186461,11.4448588790554
11.4095808294494,10.698875380987,10.3728930025259
8.33803418728717,10.2449681026441,9.96774409625905
7.31187988751215,10.0172805448975,9.75205820286637
8.0839911651256,9.9086496707381,9.65106412911651
7.70316695811097,9.888389976745,9.64261774470781
7.57009347225493,9.91699036242786,9.67814198204577
8.92327166793511,9.96601075871859,9.74346377412371
8.68069876674024,10.000720507509,9.81370288600922
9.13539243782053,10.0131423077572,9.87806846321037
13.270637799903,9.99165763079676,9.88888655009638
10.8625001995811,9.90367140339098,9.75132734535743
9.61532386431546,9.82505744395187,9.60742119295885
7.9877458437362,9.79173686253795,9.52981853398881
11.2794306139362,9.76459121911251,9.47252115057662
10.4151398986244,9.69251744011794,9.38525874739564
11.4654139334909,9.53290044026237,9.21041202755331
12.5404285881646,9.19482343654462,8.86257001125665
10.8187434498322,8.63141207729313,8.29148063577987
7.77259339979997,7.72868087743102,7.41910940150097
9.18770801920303,7.56926166243723,7.25123696887784
9.8131671424734,9.99576640237754,10.172733408544
9.18009127561564,10.0685709086545,10.2440571023799
8.89809511682813,10.3842315477026,10.5445876551488
10.8858298489185,11.0349186482028,11.1789480892236
13.1159104356332,12.4336376064929,12.4782345172298
14.6041678660874,12.0165862416572,12.1519977242095
11.7723875912599,11.5062889483409,11.627905832746
10.5026863627603,9.769405731201,9.79622636253398
8.67554538320335,9.58943550519707,9.67385331307626
10.6148126680845,9.90382404061236,10.0776947154929
8.87664677004966,9.98929859397347,10.2001642213322
10.0005128619933,10.0657689149647,10.2845442695761
9.2364424516685,10.1873227038887,10.3960217540069
10.6549744210992,10.2666088308457,10.4602919346854
10.3152619717017,10.2062962956888,10.4041583072469
8.64021634224063,10.1434082425032,10.3377315246965
11.0396647943937,10.2621837375681,10.4245020348007
7.3377521727645,10.4646896359856,10.6150935975943
9.35625939551401,10.5225776955034,10.7260731823857
11.2273710488361,10.4370449658878,10.7166786284165
10.779207981291,10.269054945563,9.9398297559869
10.302090567186,10.0732274192877,9.78439179750785
10.0615186623236,9.94966613138949,9.67938329547076
9.94183811007749,9.89949991957135,9.64341497130355
7.4681174183251,9.910887643004,9.6768434002765
11.6516624322787,9.98077532315344,9.76384069410712
14.0727074998188,10.0764257227079,9.88091863824843
9.40248627662689,10.1273877079238,9.96536132568375
7.97726837910854,10.1302600779275,10.0308425306054
10.11235350661,10.0990417666694,10.0666051796302
10.7184175056878,9.89056263544411,9.75175216229175
11.1949056003257,9.77358902608699,9.55762642526939
9.54945169805817,9.73852300465574,9.4722318133166
9.72046530073515,9.72037750420655,9.42286426737063
8.24302287081425,9.65700794758375,9.34409060061595
11.2787279140417,9.4805679386097,9.15358173230498
12.9850577582178,9.09850621959227,8.76490063055278
5.99996686977623,8.61203833032273,8.28057274874376
7.96693751829281,8.26887166646088,7.92133501872269
10.1454752810776,8.53269270480888,8.13658465651777
8.99720989284931,9.98190476880424,10.1386518703734
8.1511689668291,9.99642230594754,10.1289298601323
8.89141439160232,10.00206046975,10.0644030580502
7.08260959942822,10.5008353176283,10.5819295057221
8.39362996565209,11.0626486749285,11.2007486591223
10.72591643676,11.4836743834624,11.6559790933442
14.3823291036124,12.2451176374414,12.3501187752711
14.3561810581265,11.5787338454146,11.6637084850583
11.3365263272167,10.445795223158,10.5815892680659
10.5266719411602,10.3071310281959,10.4972041758955
9.08188256010015,10.1894296147508,10.394082833723
10.1870485107905,10.1843320422786,10.3735351572504
10.4534915486741,10.3631615772114,10.5124155695495
10.3768034744762,10.6430229925393,10.7479554477706
12.1379519678934,10.3074636890461,10.4610648405253
10.2502000320265,10.1688882656915,10.335423041247
10.6862060207336,10.2520481664188,10.3726318792117
10.5535167461532,10.5301826931909,10.5417704284669
11.2747449477218,10.3053809487648,10.4741673580326
8.28464663113104,10.1887530908125,10.4484097658402
10.0397257524499,10.0544017355139,9.7127913315649
8.97752835846615,9.96905838491809,9.66119694386071
6.41726377687114,9.91190798683404,9.63141464544474
6.98373094384881,9.90398273339038,9.65067297396329
8.30921585259199,9.97378924618982,9.75418717595903
9.89485915397003,10.1395008790077,9.95696428961937
13.6416371856131,10.3756672002896,10.2292285685233
12.0642783569362,10.5083231324915,10.3920783278629
6.9494164121661,10.3625490405701,10.2595659456619
9.05194540248091,10.045218337302,9.92067773505865
10.8428932359015,9.78752155929033,9.61979664738501
8.89238589098832,9.64771763336908,9.42590248896402
9.31379785788535,9.6527907407881,9.38786152123768
10.674475651175,9.67647510853059,9.38233814897622
12.8093493112817,9.63925836002246,9.33583269043479
12.3625834336694,9.42457859251249,9.11301020040977
10.385218278332,8.9576332380872,8.65669440683282
5.96570967220506,8.01226646161828,7.78365771223839
6.84288456327624,7.69493394622394,7.47548580517378
9.96254058386471,8.54902589950994,8.19652040423892
8.09384661964464,9.99673647490225,10.1321759595279
11.0004037582272,9.91458107858769,10.0220378903698
11.1576372109282,9.8425526833805,9.89761692694928
8.05702558185564,9.90447569805244,9.96460508588628
8.45868118561992,10.2078478813016,10.323766374012
10.9346739182824,10.709941194207,10.8780003349164
11.6257573823532,11.3381953337782,11.5399652578959
12.8789239900549,11.6849471646117,11.8672304930454
11.4467530631272,11.5783489704262,11.7470467145089
9.74854770821501,10.9559066127645,11.1550138081736
9.12336147738537,10.4155808026302,10.5998115181254
9.62574083236511,10.15802702028,10.2972979011068
10.6800442524679,10.0841255920759,10.1670606033085
10.0510853601039,10.3953715198801,10.4160360150793
8.42906966286861,10.0402112428828,10.1501129364812
10.1614223975769,10.0236402577745,10.1714271886363
12.2454742625344,10.1000518796096,10.2454775036911
11.4429030420558,10.1910702665899,10.3214417435194
6.81572521862353,10.1257773862549,10.3171933251281
8.53344135098968,10.0294312977081,10.2922411783038
12.8171844534763,9.95917378904405,9.6229409980548
13.2037061760795,9.91483318270016,9.60618481501294
9.20541289535746,9.90290666617867,9.61450864171452
8.11168119198857,9.92267058545418,9.66238476441958
7.94878432826597,10.0402376466661,9.82284054112253
10.5507947952109,10.3773867799101,10.2157129467119
9.96942061634319,11.0431308048406,10.9507993507519
12.4241560569394,11.3163519471215,11.2520381094303
10.706217841466,10.756761982318,10.6676436855247
6.95189399307835,10.0430970133795,9.91511497715295
9.7616812254288,9.54188612105867,9.38656286262446
7.61185996455889,9.30139040806205,9.11892731380326
7.20493508660853,9.53072082614418,9.28660730474454
9.33423754673371,9.68122159816981,9.40861379061813
9.54415452922127,9.67878043119403,9.39445636260089
8.77513767832988,9.48862980462122,9.20459735201614
11.9772219761157,9.00540844482133,8.74669526561345
4.80589781610727,7.8513693139196,7.71597977193048
8.41961421710365,7.32627574224339,7.25775257082166
11.8972863774001,8.56009357343038,8.2678675964389
14.4120548799119,10.103375957118,10.2088183053438
9.94605636147583,9.91265104132666,10.0128376615926
7.70524073969817,9.68109175758038,9.74629741979677
9.27696995999812,9.30637515257638,9.34445577543795
9.57245250979272,9.25981522258558,9.32003459137346
10.8373755059535,9.91636415888424,10.0428201449631
9.96545526070669,10.7738969660378,10.9657046656051
8.38018867559761,11.8214820812983,12.0000599875657
13.8143581766701,13.2179831367671,13.2701276364156
9.39106176719489,11.6605147962539,11.8250118700338
10.8920526679416,10.6322453176858,10.7732471883217
10.0696934159515,9.9950490555146,10.0683560550726
10.3564402626201,9.36465058913602,9.39158260668665
7.28601161168037,8.85895495923027,8.88729827903483
7.16298350619143,9.52793352225523,9.61252429141874
8.52158738739509,9.76790057802967,9.90782208237146
10.9949351331344,9.9324483822714,10.1055407542525
9.91657375498509,10.0031082138691,10.1946003194276
11.5907885230219,9.99523328499803,10.2279851776752
10.1434027112599,9.9530032187216,10.2387881400624
9.47960703480319,9.90993269860796,9.58504366940765
8.18837823548775,9.89249693084513,9.59280933406611
9.91695915685132,9.89135543795547,9.61201528957456
7.99940447362576,9.92707689232243,9.67346248477673
9.96913510007376,10.0842637503873,9.86609450844216
7.94370276416295,10.5197401720527,10.3610106622456
6.01444283372564,11.381819057312,11.297629560691
13.2037952672135,13.0562229767734,13.0492660129083
8.31441035511311,11.3081174287507,11.251647468111
10.0751463207798,10.2322592327062,10.145863906254
7.46939854719253,9.32477289142146,9.26034542359054
9.25158595479729,8.96168236611097,8.89068494471661
11.1054824836658,9.49789120566342,9.30733684095201
6.90501613081836,9.7516365257038,9.51977079927197
9.3681206717665,9.83990933155121,9.60118970895093
10.5066870232756,9.74301124062581,9.50383109154116
11.637897469079,9.36777610693137,9.14454973566624
10.1911715591618,8.84828696340597,8.65631561215576
10.0149435637164,8.56760202720529,8.39884186907603
8.39097641675867,9.04103078461186,8.74807520433277
12.0000899107773,10.2973740317363,10.3481832404756
7.17084436603609,10.0044190354774,10.0817665665782
6.37884401601471,9.59133349390837,9.65790774705322
7.54583200839859,8.92712532058576,8.9504211931496
7.71243904443502,8.30771008186742,8.30954284502226
9.04863733765007,9.34906913991641,9.42684741532369
9.219267922394,10.3190361673725,10.4886012534284
9.9158342744753,11.3008423395052,11.5014687452129
11.686241795444,12.0377833771061,12.2024834542804
8.15398620504717,11.3612783199169,11.5374869464654
10.2799328976404,10.5790524416022,10.7042804262405
9.57304087891849,10.0078318121145,10.0224399084304
10.1771182166308,8.71098194852395,8.71717126502909
6.47599943581231,7.93503444630533,7.95874833580597
6.20735299305489,9.22451441846221,9.30762726399088
7.85628740997285,9.651158619461,9.79737490077601
10.5822233009582,9.82613273133091,10.0160636595065
10.4606368663698,9.90519211602802,10.1288535806244
12.8143908582548,9.9277323863337,10.189920011916
10.1744646088173,9.92649774484502,10.2348229499325
10.3866322201826,9.91114546683734,9.610641801837
9.09226994430007,9.90415213348322,9.62520225993733
7.47135740885533,9.89780201693285,9.63049639237835
9.6460190133083,9.92463411915219,9.67320416020632
9.13684997237816,10.0452743715308,9.82046766320551
7.10545248289799,10.3626969742062,10.1835892086515
5.5037505389526,10.984900587769,10.8731644611211
8.22545813872363,11.2377675306602,11.1693337938707
5.71669436141446,11.1035715600152,11.0480333595113
8.67860801887148,10.4262797514572,10.3558866199523
8.52280360679648,9.96121815402492,9.91781860845481
7.7397942993322,9.77409364244878,9.69943425475997
9.10936108134079,9.85016452054597,9.70116234680962
12.9495275734065,9.95364490653926,9.77294062778674
13.2536957870654,10.1185523962908,9.94348610986669
10.853736296925,10.1648946902685,9.9952342559815
12.0330109550394,9.92286677855052,9.73772070933377
11.2649954324126,9.54847016419505,9.33472330889972
10.4905703214632,9.38453728285299,9.13498959488605
7.94976646868104,9.45181433466942,9.14409516381527
14.7004896381536,10.4285271298967,10.4477214184352
14.4350497773465,10.0549215885967,10.1340984437451
12.4609207398814,9.63225305870779,9.71618760705709
8.24615877172397,9.14716224555321,9.19896681190725
9.64820344641319,8.78346168140376,8.81691195272918
9.26088509722219,9.32243675151639,9.407580852331
11.9638601933267,10.0202522270142,10.1913137233488
9.99017240569931,10.6277124431138,10.8429182732953
10.1189949612686,10.8784020786944,11.1044089551277
11.1038936246134,10.763556229332,10.9647479084202
10.2616095929354,10.473012794309,10.6003215358415
8.77454680495611,10.0622994383266,10.0995159262573
9.23863939352883,9.51477585059529,9.5558841785779
7.55511337734276,9.10236377397077,9.16768790850155
9.76791383749736,9.3919803848742,9.50446416445348
11.1238873532829,9.64276832319116,9.80179617229681
11.4358303395742,9.79267374532315,9.99210645691295
11.707220802171,9.86456317965035,10.1007256582458
7.63179315074883,9.91242804628316,10.1912511566037
9.07092333347562,9.95510985814769,10.2902089727001
7.07255199032585,9.97745032295008,9.71392754404939
6.1631442620331,9.95780092354613,9.7143054501265
9.53779592063608,9.93252585516394,9.68590705762127
12.9059725627766,9.92511333747943,9.67564314874467
11.3488012228319,9.98823099651253,9.75055750103408
10.8590148551087,10.1467035554812,9.9342815909815
8.43921567074531,10.3903520245836,10.222221292212
6.19319206836638,10.6202381823076,10.4982589921497
4.68897119114469,10.7592654577499,10.6762505965678
10.4962625612925,10.8922939481877,10.8490351580815
14.3623261582508,10.9387597623501,10.9244723167084
10.8537621230082,10.6038871319039,10.5650344789
12.2482152214863,10.1924242744814,10.0874679427706
12.9357827657712,10.2131383270278,10.0854556629776
12.0894902038514,10.5194853311035,10.4188591710435
12.6321579165821,10.9962437878634,10.9349240474338
12.5068156740249,10.3783251178584,10.2422156054512
11.4334033509064,9.95689048030105,9.7510047614296
12.0594137824493,9.77211136921162,9.51388592864784
8.5803834637721,9.72879358836347,9.41616277467001
12.5616086834994,10.1781049009274,10.2737147131339
12.5399468673402,10.0070729250729,10.1208333224821
11.7644638349959,9.75624786071937,9.87748102442789
9.88715182995894,9.49731347070252,9.59921584225748
8.13954220044585,9.37931991823128,9.47700487739812
10.7045202766265,9.57913104353892,9.71066864397797
12.8329610678961,9.93107459930043,10.1195816087592
9.52801636134645,10.2629906710777,10.4914420393401
9.34147916157342,10.5029385593773,10.7414857486143
8.82870520028779,10.6736166577631,10.8824973140864
12.82610488517,10.6519999784342,10.7904738688296
11.7241125943555,10.3620936956934,10.4011377642079
9.40448825980435,9.93660648791009,10.031254872383
7.47019347582931,9.65511917444452,9.77702819834842
8.72062029486831,9.63025052615549,9.77384566176745
12.2866002048117,9.71133847940961,9.87928767986669
12.9477968411208,9.78159601520779,9.97808223481607
11.1911457151267,9.83998233583952,10.0713406750372
11.3897472983061,9.92057699010115,10.2081765587592
10.9213983539138,10.0444913390627,10.4186338004622
11.5503335047929,10.1850729656474,9.99448967007351
8.04507349172187,10.1253703066379,9.95066859277987
9.01395506199294,9.99831528024352,9.78880823829877
10.6207558089741,9.91025102400532,9.66432152683644
6.97278810220483,9.90643629814825,9.65627319863465
11.9045288149779,9.97459103511622,9.73817894562277
9.45146421580172,10.1066170590904,9.89869915495257
4.93879387961085,10.3009134835674,10.1337483647039
9.51031039495343,10.6288129288254,10.519743708138
11.4687010897,11.5352310536388,11.5091519545097
11.9398083788782,11.0096409222652,11.0125018919924
10.6235214153051,10.4522990997533,10.4052758555063
12.1748982758245,10.247761318869,10.1509664794645
10.5167455485508,10.2916481249896,10.1890629169429
10.646732739902,10.6148680925748,10.5469491564432
12.1468010675374,11.0770521184119,11.0483830179107
11.3531933432706,10.4793573843527,10.3743807286455
10.9776784724368,10.1031309579107,9.9288703480455
13.1622869335505,9.93804016805533,9.70490898195187
10.311313106826,9.85748303836451,9.56247814939426
12.6556076766642,10.0392381611893,10.1731341315141
10.2628634271485,9.92885210200878,10.0771888079012
9.55858044120508,9.81970892313074,9.96987466470422
7.90550999029148,9.71255039910953,9.85672002571117
11.4459852857134,9.68887932253545,9.83803139560479
10.316448371156,9.75755414702747,9.92844955729273
9.1822434072911,9.93572635553571,10.1423020596339
9.98255026187041,10.1589040241266,10.3934814638694
8.92993666619413,10.4841268865166,10.7260263726567
8.84964889020407,10.9839896109223,11.1925212371881
11.0412392921015,11.4874488408411,11.6189927099364
13.3665169979868,10.8901025899754,11.0365356652077
10.6599391664404,10.2862982960574,10.4477080815325
8.63473424563681,9.93797905807067,10.108447361168
10.8570475300953,9.79255542988981,9.95969081900622
13.8537495690129,9.73457576860251,9.89797161661876
12.2954661199329,9.69752925561733,9.86249213996336
13.2976829749774,9.74468592330271,9.9422507394833
12.7131730973834,9.88390942439847,10.1569249135228
12.3129885915074,10.1063578315762,10.5078227758417
10.7225907623016,10.4485813049261,10.3371881470061
12.4228897394924,10.4651898642334,10.393517915222
13.5843671152553,10.0550284492325,9.88187091515614
10.6017789239201,9.88127510668701,9.65145916248281
8.57877378018009,9.82058438690695,9.56723436557033
9.71733703393051,9.82882014325221,9.57476090734912
10.7815185880513,9.90311560277946,9.66480180868608
8.26691896178309,10.0934766214963,9.89592519593565
10.4780492873182,10.3549051553296,10.2106261546451
11.5229373226641,10.5230585777882,10.4521821412795
9.68644895493718,10.0107057537919,10.008294699245
8.37997110316271,10.1381018179849,10.0801744681652
8.4861650988422,10.3183917021316,10.235283778438
11.4957935446347,10.3772419969931,10.2987059239775
12.8315339741474,10.53638529438,10.4801875371138
13.359029394508,10.5558513294932,10.4957130823391
12.7390732691491,10.3309854367296,10.2346896199133
11.3021511249228,10.1891270448032,10.0702503443214
9.05918306034535,10.0483213672916,9.88197832254703
10.1149731910365,9.93649975544061,9.67840647221287
10.1962656614369,9.95620538302608,10.1041597879444
13.0146882911616,9.89165983914208,10.0507787473729
7.93885234984355,9.81512558532848,9.97367357685387
6.5848442082779,9.76800636592393,9.92791840141375
11.7516301067664,9.75102176706787,9.91784088077739
10.7727389801218,9.8138476491725,10.0027976187477
11.1299341056843,9.93422965650891,10.1481966346196
10.8398263996385,10.1453394836481,10.3801514609486
8.2794770707663,10.5218453924749,10.7623888232808
10.7039949388092,11.3125700237368,11.5121221076966
13.3805770785626,13.1126448764765,13.1339038077637
13.1811394753258,11.5808876532812,11.7176872633794
11.3842354957867,10.5162320470136,10.7143712844915
8.12180869230229,10.0561269235703,10.2497182573156
8.97492454004499,9.83984035749766,10.0111570666287
12.8378934102022,9.64094935531102,9.77418118390468
11.2409007883785,9.47853387787965,9.58691491075869
7.8241513590972,9.60233296208222,9.75568150622524
10.4841505336628,9.79678448309576,10.0415964174816
11.024246435622,10.0075642140244,10.3711322125195
8.05950650578824,10.2426873288909,10.0789688298703
10.8715880336183,10.2257511200613,10.0994449373604
10.7168806389223,9.94101420124816,9.75557341821686
10.3546639649565,9.73616222500998,9.50207066587212
9.04205073183536,9.64091402529057,9.38544124788596
8.45469782504286,9.64202320541708,9.38752962627745
11.3177020068215,9.68286031613262,9.44408947330622
8.1560544621879,9.76086964732987,9.54075652262349
9.98357821153942,9.90333850799981,9.71847930979664
9.59924284281264,10.0568066561324,9.92365240875093
10.8175581349236,10.0617749952911,9.97266104525016
6.64234159304415,10.3729734179143,10.3104265185047
10.0853633421291,10.6686093353791,10.6175777726026
11.1528360305354,10.6751427657702,10.6383812008812
14.1259013627867,10.7210400764577,10.6999845631555
13.5820617307474,10.4536047038354,10.393902334165
8.34865097822249,10.2500951413265,10.1608619629972
11.2808812541287,10.2373521872764,10.1814411839136
10.0149856131875,10.1635773390766,10.0847963393885
11.2255260519087,9.96386847631127,9.73932387004217
10.4876356994354,9.9080926092841,10.0525130665315
13.1478490581181,9.8414634653763,9.99068438263459
8.57415572405262,9.76372180978441,9.9119481102829
9.58307105079051,9.70000897577373,9.84873386940783
9.29504596070934,9.69903691545397,9.85998559714547
10.1705619125632,9.77099471451766,9.95430593350291
12.8899416687264,9.89784793528738,10.1049739567054
8.96515787110567,10.0921060497872,10.3169875697231
7.65097025518736,10.3965297981765,10.6312402652571
11.706747114149,11.0226808505295,11.2366304109418
12.1525245675151,11.5852113271337,11.7532985676757
10.784219960482,11.0443301110278,11.2387216117426
13.089344443845,10.423999355971,10.6316117226343
11.0829827715461,10.0878295113515,10.2843896345386
10.0906324769851,9.85211487831025,10.0162271687696
14.1566253205415,9.56295013033458,9.66968057768613
10.3779586664182,9.02383459247428,9.04781156294013
8.06457239355987,9.33282574468045,9.42977560043501
7.46250040344079,9.70155050727113,9.90883273450226
7.24602659277873,9.87566296175223,10.1915489795645
8.22079792992617,9.93422976837978,9.68112191949723
7.53552817613773,9.87510768021367,9.65465822927821
10.1728221839802,9.67579106419565,9.44180016432921
10.3191998758501,9.43809570577876,9.19310278912277
6.25489408268735,9.29605942942063,9.05356256998035
8.71158706523936,9.33428557436152,9.11943575891761
9.12412762938231,9.34767000890014,9.15055195267387
9.55446794085404,9.38693333983533,9.18626748985064
11.5817998868832,9.50859352483177,9.3082241002096
10.8909671723727,9.78789803230962,9.61967741984995
11.7667747315183,10.4111729269852,10.3083579966041
12.1877199986888,11.5144278125737,11.4888170785171
11.3946517661217,11.7344355555454,11.7375185152588
9.55715547060437,11.1140805356094,11.1017313756053
8.83802935839447,10.7362984505132,10.6984369491215
12.7787996726985,10.3638390150091,10.2719376544612
6.49497486111067,10.1433525079433,10.0168607777421
10.0669435134618,10.0726236347005,9.94371285559304
13.0537711071459,10.0264456027404,9.87790249022494
13.7014037266596,9.92691158559764,9.68778293249625
10.9714934461754,9.86946474959204,9.99558186236902
11.1582544767778,9.78477181481358,9.91034113866665
10.6914167448033,9.64343799638089,9.75833871367362
14.5277299406978,9.47854122980272,9.58762890371072
9.15927274503561,9.44155328706967,9.56120881609833
8.86781289919211,9.64057542036912,9.79543671421073
9.92494033215628,9.8360335816316,10.0195462617405
9.44011733355284,10.0244046400024,10.2269930616854
11.5918293281205,10.2175881417786,10.4321679825999
8.99088361263449,10.4645673474281,10.6788126664728
8.88783994325964,10.6419225182612,10.8458074727036
9.60751636155527,10.499903562878,10.7049318235494
9.86618625942728,10.2588787906237,10.45551189478
11.5173919266746,10.057315282752,10.2416724241943
11.1612836750277,9.90849169059678,10.0672555532351
9.92569246964976,9.73092903543005,9.84969587280211
9.72256281546432,9.48406202011954,9.56442299233633
8.75877016637868,9.58687826807667,9.70880983161559
8.69659020435527,9.69736657687918,9.89585723839613
8.90272236969275,9.78082425056238,10.0636469729311
9.53483477840661,9.74944130223185,9.4484830844832
6.72375377121274,9.62708300011723,9.35743808465977
9.22956990865989,9.36288928760229,9.10919860376915
8.43729724627595,8.94991161522467,8.72087204113209
8.2410867010585,8.65286841354637,8.46838951443648
10.9293314232175,8.8567509664847,8.69079272436643
10.2474365483897,8.83876741364654,8.78458771029822
12.2448489424821,8.73890905480541,8.60006519716333
14.2037409549172,8.89884682420101,8.71658488180073
11.1998952243492,9.51642278764142,9.33773790990679
12.3239547530628,10.5008474649308,10.392943604299
13.6016086932438,12.3631076635347,12.3290946246659
11.6547081503614,12.9653253777032,12.950829722154
10.3051339831309,11.126386821024,11.0835005630243
8.94352200361679,10.4787439323371,10.3699837164617
12.0268930255184,10.1720725675416,10.0184765435916
8.11101084804724,9.99512113247244,9.81006136980392
9.38528553179129,9.92494310072612,9.72436644828764
9.4062243545683,9.89076420669405,9.6725075597369
12.8219909023943,9.86494402421624,9.59162086653654
12.6758013681212,9.82970495482062,9.91765970558751
9.79881689232632,9.72825465831019,9.80670411433538
10.4717438692604,9.47648196282702,9.52989767587262
11.1872539954116,8.93747438284569,8.97191526320429
10.0312971023209,8.98537431037169,9.04520842093492
7.88239690279825,9.48061278147819,9.59667121187488
9.10863360806632,9.84659298329875,9.99690056655379
8.99872397816346,10.0338160865981,10.1968933591263
9.86935081805994,10.1259972843987,10.2901526856985
6.84345355842324,10.2001277501964,10.3622312725946
7.13756440816173,10.2406305108322,10.4006550807483
6.73584748187052,10.2102556130833,10.3669384411888
9.79169478873026,10.1335602027465,10.2855236903697
12.9458225577611,10.0733993260642,10.2156028886673
10.2693684963213,10.0237404589916,10.1496044344115
8.80984549878043,9.96226289086415,10.0750537078491
11.4826249276113,9.85719907940984,9.96396076179833
9.6805054815063,9.78938263302343,9.93173045648943
7.6489166514285,9.76168599889225,9.96997996221558
8.60936849104406,9.71273595095284,9.99519096735346
6.96324560716136,9.62247296145401,9.31978998789845
4.92439073127044,9.47228016810284,9.1988279364179
8.31909040823565,9.11350964549519,8.86455327471336
9.29606149902498,8.31209770438616,8.15519564997752
8.6707193678192,7.60661950887505,7.55938198124392
11.5608260130095,8.49880192561006,8.3508959848928
11.5941995245305,8.51308704086799,8.3864448605928
10.6320733055267,7.90881254979093,7.78629791648466
10.433859056614,7.82804648331597,7.70421819992433
9.29079876274483,8.88295920039123,8.70715282214504
13.4669853689935,9.92425385212263,9.7933893379406
14.324716671253,10.949395253073,10.8903877041488
12.9920245220594,11.1893830669655,11.1284008889231
13.2725972252643,10.5983762575099,10.4868811008657
9.84729312757276,10.2351291537246,10.0678206051732
9.21633744881278,9.99217141898898,9.78620475871559
11.1476114335896,9.87620469851302,9.64747143313283
9.92791811953172,9.81435497040765,9.57021337897461
10.0006444043572,9.79160175879355,9.52867740607072
11.5071213712589,9.80043027752033,9.5018409692343
9.67882061790926,9.77584062873582,9.79671025682691
10.2792858468236,9.70434526186846,9.70351593670229
11.1128915684635,9.44810269277838,9.42084060974502
10.8084528685869,8.94363948385291,8.90076754434536
10.5057713595175,8.55298949562685,8.56641545464765
12.0012129318918,9.64230421419778,9.72183888533384
9.81539727269971,10.1783109610619,10.2797165657489
7.10180896887757,10.1636215211429,10.2492931231188
7.87779789437776,10.1523358766144,10.2253084181673
12.4605549388832,10.1449263817443,10.2043663642981
10.4444149335274,10.1222179593183,10.1736429561187
7.77031890101536,10.123471035606,10.1696473594631
7.13898582271751,10.1296943249745,10.1860137298104
9.08676301436785,10.1831603592529,10.2331990940192
8.53704455784814,10.2866238737767,10.3212860864156
6.53809784417694,10.2746716983406,10.3219597490762
10.9751660832059,10.2016691194504,10.2619765037259
8.89788718760222,10.0146703253881,10.1284354516583
6.53433785311355,9.78556544222763,10.0021357670539
9.96066587721185,9.59426513715575,9.91725077554783
8.50064769786155,9.45387818179251,9.21003888321573
8.11728617086368,9.3666144729614,9.13069943883502
9.91387112833302,9.12313872646347,8.89506942181649
11.159324380121,8.65296193966884,8.48131269945239
11.0214163895669,8.40388709478976,8.25714097027541
9.42291588982314,8.61080216490973,8.412301998427
15.0999432594581,8.58522320656729,8.3567024918638
8.38671362617223,7.97735569746748,7.77552706431326
6.87839733582833,7.82537143159405,7.64200964886137
6.78264072369463,8.78990216153686,8.56627669608585
9.09314186000909,9.29849511258721,9.1548809446089
11.0112564907017,9.6878353943612,9.58883010507694
9.94827473133743,10.0240465316997,9.90550970179752
8.62726511212565,10.1069424332983,9.92123329271307
9.24102959170316,9.96420970945844,9.73725166476125
9.37046247996226,9.83772843258063,9.59599589020025
7.25955943926949,9.72943448611641,9.4884839077796
5.38358736545682,9.68486705166138,9.43333769312727
9.00046363193065,9.68588316183192,9.41566909229919
12.5907290081578,9.72760041217506,9.42002016729136
10.0827514396025,9.66292946412466,9.56094553191006
9.15521328853219,9.7383480494516,9.59413470402247
10.372728007006,9.79815499387746,9.62203006488757
11.3957395573479,9.72304603525855,9.54302695348817
11.7751134293629,10.3074861407612,10.1472644149203
11.0110888900379,11.0884315212025,11.0850566114634
10.9965354972958,10.7306654192748,10.6788256019015
12.1702896785171,10.484454830434,10.411932443182
10.713101192774,10.3037205269591,10.2076786905661
11.5169191873557,10.2245366148297,10.0957170004309
9.62128945066816,10.1421911565961,10.001813086571
9.1592658130707,10.116062678345,9.96057187488467
10.2678034102596,10.2190636343623,10.0851417154786
9.98907944347477,10.3942649642617,10.2785302279235
6.93652552356661,10.6727565581333,10.5357690173431
7.91308929545636,10.8932055858745,10.7366564545443
9.43873613177472,10.6828259798919,10.5858557028292
8.810969064563,10.2628578753375,10.2669434761506
8.10520869165935,9.82211764394224,9.99593344788478
8.11347675456493,9.26433061375448,9.720889194862
10.5900746584436,9.13056420378898,9.02624726901441
8.33603738298232,9.23052932752021,9.06938495777404
5.81100278442108,9.1705897358532,9.00679614006905
6.81887848189841,8.90572640218285,8.81745376304886
9.7015309146539,8.7428655941557,8.68379933431155
7.06722907553402,8.97241594330224,8.76674975060094
10.0633501947998,9.03238329840403,8.73342694536134
6.52893984266044,8.83954638535132,8.51433158158775
8.84003579428085,8.77208798100906,8.44993872167828
10.4349249621626,9.05379518302139,8.76135875683029
8.93780351124091,9.15916685831789,8.94049643208093
7.06368899219599,9.08240404744144,8.99863596571305
4.6564505779341,9.64978722614158,9.44166691064149
9.26947701903716,9.85469386609346,9.58270021613765
9.57547153533421,9.80733401315699,9.51982970911859
6.20106820679656,9.69429964374231,9.42441533950704
5.67108609296234,9.53147770859618,9.30740190194624
9.50722085583583,9.44803459632869,9.24394185537073
9.62817271349024,9.48453938056178,9.25151365545492
12.6087860107544,9.61399477905356,9.3148404880018
8.59831669021366,9.25952429791324,9.46414690690381
9.36878504500497,9.63100017490265,9.80045105690126
11.9339429883881,9.95104346027036,10.1122305890539
12.4393204787657,10.3469226602538,10.5066726251952
11.7028949831855,11.2113174540661,11.3288096171546
13.755024444658,12.0836925500998,12.1139883846983
13.9292475347267,11.2556251031244,11.4590553493443
12.1487232782279,10.6861938536906,10.9510687536439
11.9139117162182,10.4693810586744,10.7111988008247
11.0658544449215,10.3352564416932,10.5341608429497
8.85036767258783,10.1944890569689,10.3301176865572
9.87849481639515,10.1006235439237,10.2103423703743
9.90331683757706,10.3492740664877,10.5115304396667
9.47533748330293,10.6086077833573,10.8131960067884
10.0773255041246,11.0165114060169,11.2187281701495
11.1887100574503,11.9633932873095,11.9970616243673
8.54304143183313,11.2169522845052,11.4298839070129
8.02679913677564,10.557539935921,10.9162944775039
8.9905399467351,9.94365964064052,10.5169700584077
7.76857929485598,8.93707759444555,10.0301552969687
10.2823448297838,8.39998170051287,8.23292876420255
9.26959730743325,9.08415060007557,8.56092074776367
7.36270972728156,9.18913213384216,8.62280410119261
11.0852269215332,8.88471465538751,8.51197187882337
8.43243094167808,8.66415450611386,8.42390173209064
6.96929004377641,9.21154546827908,8.58325335503026
7.20598101845627,9.3682955655693,8.60074364554252
4.68708524390562,9.37864669683221,8.55735939062004
6.64858540371028,9.41086452252331,8.58322943833486
10.9525597402245,9.42058281581377,8.61860802385617
12.8056443688929,9.45571360546358,8.69991562705355
10.3281748248199,9.470776983534,8.74832305042593
4.40102492912246,9.67306135184375,8.90686391278564
8.13260957479496,9.78346414957521,8.98509585337667
9.12793692035283,9.75155443482777,8.95963170702352
8.37562921036174,9.56481031450804,8.84064495944686
9.03731541388651,9.18296743936344,8.62127973154981
7.93043837088514,8.89440167829541,8.4521785047921
6.15232323533349,9.06138229326876,8.52938961199693
8.94376282775167,9.43283547460751,8.72272225537697
9.26406418478387,8.3783833496923,8.39719529612275
9.19759201998288,9.40431766203238,9.41404334464043
7.99623705795928,9.93898530189169,9.96251603336695
7.77094256580354,10.2525127751216,10.2866917715495
10.2221023492293,10.6193771500207,10.6270460272007
16.0727711053827,10.898749558707,10.9210465217308
12.2363788794319,10.8245170773721,10.9200119288736
10.5382318898496,10.6197567979576,10.7564632313366
12.6082608525097,10.5041331900889,10.622130154713
9.18622101630796,10.4077759177545,10.4674416848735
8.91118845089248,10.2860075555458,10.2836306149023
9.50003976039999,10.2446945233631,10.2208839277227
7.9615229915487,10.4350796498921,10.458801019072
8.06653817368875,10.6502572853634,10.7377361289508
9.92004345327455,10.9776425891101,11.0863292363178
12.2835330973227,11.2824276796664,11.3670112125076
10.7902628472629,11.0708927136657,11.2088231895586
10.5366576220821,10.6614307308775,10.8844329048277
12.1288104332255,10.2104108149127,10.5914175190874
10.3026397555785,9.59226481504816,10.2917073226471
11.5846053347805,9.16828227660566,8.54670877898071
11.4639186476377,9.32784416781713,8.66836932261411
7.86696694339979,9.36599798216657,8.72384882363963
8.36419948152487,9.16251806331823,8.6713715379612
8.25223016810694,9.13849084200466,8.66183183810786
9.33771929279547,9.3973437181083,8.73801017212045
8.06955611696955,9.60867756608666,8.79935886940891
8.12617342756848,9.67683905038873,8.82568681169815
11.0344398080428,9.70150305838026,8.85484193907192
10.2567492100213,9.71642169986775,8.89427108939123
10.3910996550571,9.72978915502323,8.91769912523303
8.39005156797464,9.74435954876903,8.93093215329733
8.07070442997649,9.80078791132166,8.96023885302706
7.1939553238415,9.81801736767263,8.95884273199579
7.65214817552644,9.73908800141922,8.9055742175777
10.1687868009227,9.48770972085634,8.75116384871482
9.04460391581312,8.90690374886296,8.42481576179099
7.87955081272863,7.98661486451952,7.9303083607503
6.43114645524201,8.66153830546907,8.25822346019164
5.60424172637267,9.1909466068819,8.52832024055441
7.3765350798904,8.31429627683098,8.29981199365566
8.03070122173255,9.3099361262804,9.24276882178491
7.92008879327075,9.80128070925856,9.73736476672503
6.37793342538894,9.80057729603407,9.75061866080545
10.0915717705974,9.60185547956683,9.56040512745151
10.2406272894038,10.0068299468434,9.97822848283778
8.80792812087087,10.3868319875195,10.3992815738552
6.50070574531398,10.4795966537551,10.5297369608646
9.89717475392631,10.4778111955235,10.5151095187024
8.60426850974499,10.4329542511488,10.4346455581161
12.502787485618,10.3728186880308,10.3437347957618
8.09307813795918,10.3428911031725,10.3233020323513
10.4402196192623,10.4419310067224,10.446620977615
11.6405419573942,10.599688854124,10.6404012066693
12.431884153976,10.7860617174059,10.863391349874
11.7737407615557,10.924973167788,11.0143321411198
10.1675188859004,10.8677549833745,10.9815103566583
11.8997111503815,10.6860231750335,10.8403750765486
11.5116207920773,10.4143684761716,10.6620726908796
12.5783453991096,10.0921812948441,10.5192095412064
12.6631624130141,9.77368321533034,8.81580812159553
15.2973336693454,9.70545727360198,8.83600195270676
8.80638580699536,9.64974930255748,8.84613079631054
10.7190608910962,9.57560555717671,8.83468788271892
10.0938846166454,9.56105576266162,8.83135990468277
9.79236250940308,9.68223289859092,8.87287727907476
11.5544901995746,9.76807401498124,8.91657693493609
10.7949778596329,9.82522298281589,8.97049920986266
11.0793952908492,9.84247274859162,9.04077171122595
7.31537134880133,9.85963075078254,9.10494974405048
8.00629855138124,9.87045338395446,9.10816231342565
8.96523389788525,9.87364301033973,9.06689735176546
9.58177720839176,9.87801495104208,9.01705306683905
6.1025436444706,9.85151042076006,8.96762434006542
7.00503080278311,9.75131783995877,8.88663630540685
8.77819656961956,9.52500821174562,8.74165869187286
8.56307025703066,9.11302930162799,8.49400470225655
9.11718445199156,8.82721014823668,8.30873792655249
7.82606203001176,8.70280392522236,8.20122200271024
8.94283008125872,8.86034202284844,8.26138421082417
7.98282673046955,9.32439873164349,9.3873403119541
9.38224371076504,9.73712002969575,9.69645266647951
7.86424210849152,9.86091401350881,9.78836760667238
5.5353130502252,9.44644601705343,9.36277525629866
8.12372409099813,8.40928443237934,8.39065344947719
10.6136172447631,9.47351724423918,9.4278053758437
9.23858299454697,10.1701799354401,10.1540887295064
7.40034358016927,10.3837932906857,10.3886169912192
9.81457619484896,10.392796725884,10.3916657169234
7.62730834199896,10.3468226627756,10.3215620392671
10.0080823444736,10.2790421432567,10.2497897979788
9.25370180939254,10.2384244723372,10.2212336749918
8.99506504692243,10.2999490878881,10.3082126727714
11.8113318256448,10.4970975066592,10.5367528916279
14.5584111498505,10.6977269642825,10.7672977824453
13.5580541463906,10.8353830257517,10.917537989712
9.53685068431282,10.8524683257667,10.953140045775
9.88646593577175,10.766019622027,10.8925169409643
10.9387026954682,10.5828479634161,10.7661804465326
13.1846260248516,10.3415184157107,10.6507877650063
15.8467902360719,10.0618083992028,8.95079333238498
15.9955926836607,9.90779353705354,8.92922635232297
9.53697604588398,9.8323739481814,8.92198194608247
10.8028164211864,9.78400928567895,8.90859609015849
11.4422067789705,9.76921466614626,8.90133240605644
13.074913288037,9.79977079677212,8.91718644861437
13.591004821164,9.83760586818196,8.95236035892272
11.2555308605018,9.87640151613935,9.04082123359539
10.854959493005,9.90349750649612,9.19443870083962
7.23929264169715,9.92248836392698,9.38240356557893
10.4306014288588,9.92758463594914,9.38240561948633
9.82420901168371,9.92976771359315,9.2023493421477
6.69052550661146,9.9142757208309,9.06975431161219
4.87075667945155,9.86716030281774,8.97728343410746
7.04294650813044,9.75677508620307,8.87770662008376
6.27597486622223,9.54304937059095,8.72777843225094
8.09180639454986,9.21799776839501,8.5142825856566
7.139423891322,8.92429473462363,8.31059080247821
5.90514319674991,8.52796121172997,8.02891074939936
6.17615492433331,8.0875337300013,7.72725087352409
8.30731074091909,10.0255799344023,10.1664394265585
6.48560418734534,10.1384672855299,10.1453126360578
10.0775505711612,10.0880012489154,10.0355644894836
7.84559517188163,9.82460271946235,9.73936982765467
6.78610924300827,9.38504496134312,9.31593645088926
8.0313008718873,9.79767060541076,9.75052743406143
10.2756942786453,10.2571652229143,10.2532790192753
11.8262758405594,10.3312622552921,10.3298991341528
11.8373407221473,10.2086761776061,10.2034161827574
10.9866478265076,10.1339956095935,10.1082403090294
10.9157884892776,10.066439248648,10.032828802655
9.61739426815906,9.95722668899245,9.93753455195491
9.1989343334034,10.0496531737142,10.0588943803235
11.3841033432905,10.4223479614264,10.4544871663408
13.4773077375255,10.7105028122523,10.7667695369723
12.946515417787,10.9484762862674,11.0238310300288
8.98834796202977,11.0891739931348,11.1791652964346
8.81543727979571,10.9792798374282,11.0965263882976
10.4622715058394,10.7043298960588,10.8914798584912
11.8149210884502,10.4387982888911,10.7426349027278
14.796426720536,10.1734344706569,9.02511872696453
11.6758623223054,9.99746241198509,8.98397330479931
11.6795876183471,9.89706544564621,8.9500551235871
12.9207344198312,9.84890846850604,8.92126461646435
10.2554622187216,9.81122374737179,8.89104361491748
9.21615429748623,9.80444127256082,8.88907493966695
8.81223528143148,9.81342969206432,8.91948901999888
11.4300458302882,9.85577001724573,9.02890556931691
8.11342297083577,9.89612069127591,9.24069416432042
8.95138299033032,9.9391126017403,9.69710576605375
11.6564069524457,9.95004097979372,9.60006220926322
8.84551855591779,9.94879948514783,9.27378448792015
9.81343869936619,9.93024051384368,9.09927798214639
6.98241887866404,9.87253072312212,8.97953494828333
7.89233016887135,9.72445539117296,8.85008567356079
9.75084387240678,9.4235839328112,8.64061554453195
5.55919690481431,8.99485530045538,8.35811638530569
9.61617574224237,8.70012342248659,8.15242219181507
4.82231617410481,8.42699786505352,7.94642974520777
5.12274293267226,7.66791988619807,7.45041240713545
7.8914708163601,10.5521522497073,10.7328333169333
9.36581352095189,10.5351401286238,10.5917207772776
11.148328895839,10.3616237411402,10.3491714000275
13.6919727492136,10.1385528144192,10.0832553291089
10.589094161794,10.0091815523479,9.95263204204616
10.1494354991214,10.1068450867345,10.0688995505654
11.0675420537319,10.292948492364,10.2661994162994
11.8145173319085,10.276458070877,10.2689958187697
11.089651541853,10.0868397893169,10.0879341847141
13.6449022232727,9.84130548429169,9.82957292066344
11.4072519670336,9.7095921873802,9.68472908290092
9.79817379097857,9.90735700283233,9.87906476718592
7.18059516943816,10.118653659088,10.1127965288175
8.55916526383968,10.421478824682,10.4444187137379
10.4216530267172,10.7653592505227,10.8212589542329
11.5686750423504,11.2256630331203,11.3034566759092
11.9724814337129,11.712236769841,11.7726742028332
12.5514963694128,11.3502856556795,11.4629361132985
9.96726323008452,10.813163933883,11.0236308993391
7.96987541752365,10.4606222108835,10.81149516998
10.1614700014354,10.1713053705828,9.07046576501712
11.7262046766968,9.99470710416076,9.01011134349615
12.3141352022876,9.87715223583667,8.94936620616507
11.8963640465527,9.78617857785687,8.87779614395522
13.0693782255379,9.6771429690185,8.7762771878208
8.65057641549764,9.61707292315369,8.71734096490197
6.70447876264074,9.66919501377138,8.77689346988419
13.1578566151298,9.74755806126604,8.92305845957638
9.41552511722101,9.84757096695349,9.15626559390742
9.34910276931825,9.91330614306692,9.37950633957627
12.5658094751116,9.94619252170038,9.39630565281247
10.3554201266359,9.95621847832973,9.22256361987011
11.7683671474722,9.93614909957195,9.07892182395713
10.1794082679185,9.86726970969768,8.96656913197898
9.03414188343225,9.67200130281874,8.81214728127912
8.39907233614614,9.2899815429858,8.55365663436764
9.75406117727406,8.44487777942196,8.02727578998559
8.47671745386169,8.05981926815261,7.77712688784751
4.05326587943769,8.58771371708078,8.06553659997102
3.16585087672377,8.81056003979312,8.19182305692638
7.52324199738539,11.2898517445724,11.4784972227297
9.73754463319,11.004022820832,11.0667359998368
10.4524303347988,10.5081996677839,10.518640782701
11.8900501363218,10.1927982689571,10.161492711275
10.1518406429494,10.0393874128698,10.0188001008743
10.0145163673517,10.1304079638425,10.1093760005838
12.259030900645,10.2666192172418,10.2288684149181
12.6788766934767,10.2600487714399,10.2332334462632
15.1544204605272,10.1015605501817,10.0830446249654
10.182805914293,9.71957211061487,9.6908725151508
9.12900742996569,9.36323843753199,9.35455830230921
10.5817741084855,9.88630802424925,9.8574339063743
9.82942364959191,10.1290936128041,10.1022390728859
9.60689980072877,10.3552558575583,10.3653669087994
10.421856201275,10.6915669409911,10.7509585346563
11.8524618794507,11.3280200086464,11.4187507838712
12.5378827217173,12.2083475164328,12.2373181955151
11.8014243153694,11.375506839924,11.5259907012902
9.28803894261333,10.838871499124,11.1047175621324
4.88773953632985,10.4412440256004,10.8774808427736
8.57360332202914,10.0937479830901,9.11258434136633
10.7025717947856,9.89964910789193,9.03924131245884
16.3998725191231,9.78175094502804,8.94966660309298
12.6661425928144,9.61564997623369,8.78720621845845
12.9021559848294,9.3320975042436,8.51844464018484
8.4062390668378,9.14072369033048,8.32088272649522
7.06685224014377,9.21136008814063,8.37269582355477
12.2276890764607,9.51708284714475,8.65959087967703
9.99771245244523,9.75179881820784,8.92961600967757
6.00769292762108,9.8724488006852,9.11083193854304
10.9697954422379,9.93300840596383,9.15968573208393
7.34095388260321,9.9538206106452,9.11518732565392
11.7269759900663,9.94056402272252,9.04241862547607
9.2063414391339,9.88157439529729,8.96304451756185
9.05138161687596,9.7167211559062,8.83408805302053
7.99669661659942,9.35791369577625,8.59621919656524
8.99377689346497,8.74620326122372,8.21425688318766
8.35980444933836,8.53361852119309,8.07941473226337
9.79573858788717,9.04798972776623,8.38025179708565
7.45119498362963,9.33250880433229,8.55614237108651
13.4364452936382,12.5215593262085,12.6042576901446
10.7329390368999,11.4046823204052,11.4344994315827
11.3612788100043,10.3582113490125,10.3642216277622
9.87435293980436,9.91450514916743,9.88580913677447
7.84203326361141,9.83789170378122,9.82812045196045
9.22989615910189,9.89314203368645,9.88365986877679
11.6210678308735,10.1891285272109,10.1545521582009
12.0609285771823,10.2569896790485,10.2141106328308
13.1534288368785,10.1762558134919,10.1338697296068
9.42436878801366,10.0005136539186,9.9578637000841
10.1997376529474,9.85336747008317,9.82534472030915
12.4001769160298,9.89474390700038,9.85834376384556
11.5147693495426,9.98197331875853,9.93221817209458
11.552902359934,10.0965098601782,10.0749239380434
10.1810190533986,10.4064176790843,10.4405809160603
9.68375348084248,10.8060179267225,10.8912263641284
12.8677899452048,11.1154530929992,11.250013036962
14.5230230194159,11.0363911351142,11.2339805053984
9.30242351847259,10.7439187120698,11.0651374972522
12.3850049436125,10.4062892837163,10.9916519866477
10.0127667927452,10.0029329381947,9.26078272974506
11.0136636391357,9.73520295130527,9.13033393299613
11.8467922434304,9.70279437813145,9.05886523592215
8.86859395991928,9.43391409957249,8.78231835908809
11.1968232269794,8.73463193641534,8.14284855908272
7.04780693635367,7.98782317088787,7.41977111865041
8.05186848811574,8.44370761086863,7.7149836309779
5.59823466123393,9.14129331928521,8.29564112695892
10.7901951923008,9.61621866375517,8.73340265322998
11.5013211202553,9.82506509135644,8.9426303527945
9.18469923379109,9.91538718550249,9.02465230877163
7.41268646148838,9.94831322532495,9.03221739592387
8.82120320485427,9.94573780431236,9.00679313350614
10.6154418606902,9.90626912182872,8.96355804543095
11.0992635148384,9.82059341437615,8.8958108971764
11.6454015462247,9.63147226523328,8.76943762544907
10.0082223125524,9.40543206035739,8.62536523131421
12.2092262939812,9.36451563964146,8.60242983900319
11.0139009434747,9.52936276902769,8.70842932396991
10.4906294136173,9.67159875677433,8.80753534584809
13.1296826616752,11.6217099345814,11.741821412661
11.6570700943812,11.0753522846363,11.0769738588718
9.0972496197533,9.89395798658779,9.8860798798759
9.6382953423647,9.68195259865747,9.65414557978536
10.0390359976955,9.7403678934122,9.70209243822628
12.4567562646827,9.79757562935077,9.78582856339246
10.5317745972865,10.0759083594556,10.0572731419897
11.7054964608715,10.1466432160213,10.1223327866842
7.76585186436776,10.1307516032916,10.0961145179152
11.491361769671,10.1458303148456,10.1189802389344
12.6891348533061,10.1552361257113,10.1408846062922
12.6822072536863,9.94879818780901,9.91428062837983
9.80794528104087,9.62719025496201,9.56774588928964
9.35514105531503,9.36756689389803,9.31196539142641
11.0224629757071,9.90093431405579,9.87825552454025
13.6324057001468,10.4315183397287,10.4694738046292
12.7486108720433,10.6963181708402,10.8005438416972
13.0638295865786,10.766711635788,10.9656095578995
13.3334051084559,10.7236934556752,11.0928959598721
15.154846668125,10.5255903971648,11.3181652823542
8.78917616988173,9.97352546532636,9.64543654631779
10.9060921999326,9.72208425603973,9.53399077327377
9.63887918610761,9.78159337678365,9.35461834838089
9.36931457206263,9.30479254366573,8.89817051722321
8.86299770787235,8.22396620795499,8.03794109375448
6.15044770929577,5.91653426861425,5.85164030585768
7.40390456345331,7.61269720117901,7.03947932105595
7.36911778333387,8.84706794296586,8.02534525533367
10.2705023045271,9.51150122007856,8.60294218785956
10.12195841854,9.77623318361517,8.84746138641244
10.465333466242,9.89068592634833,8.95153273923747
6.52272090145755,9.93611188417305,8.9829376984614
8.71486467091064,9.95246265864914,8.98871322575197
7.84932992114465,9.93492998865972,8.97094691177759
9.35274830028895,9.89296457803411,8.93991221808978
7.42107113692251,9.83208085993288,8.90178745543998
9.84313351153786,9.75519916200592,8.85755623084109
11.1908848380721,9.74502083027741,8.86514008881375
9.58468950845077,9.81177688472894,8.92774363336743
7.05220124910183,9.8957846420578,8.99796388494534
8.60324418094538,10.2730972092687,10.3981268666443
9.12413845107235,10.130847593204,10.1362202333865
10.4188214994032,9.96375607695413,9.9256931211447
13.196119909686,9.93768901940693,9.88825614969142
13.0908430677283,10.0428270726331,9.98883227113107
15.2446431868589,10.0808871139424,10.0363080795657
9.75374363239417,10.0069765380468,9.9954183311222
12.402282456474,9.78735428012328,9.75193802760376
8.3374181506915,9.83894824204451,9.80425277729606
10.4733305228684,10.2052596318995,10.2046089245136
11.790414768776,10.4920187765841,10.4971521530816
10.6504993172844,10.3283561461384,10.3178008807063
9.84205590586912,8.92603778553343,8.90841198909722
8.71153914744505,8.22326616271511,8.20348009401969
11.0191338753365,9.48440628934082,9.44399652066988
13.3991452289267,10.2586611567855,10.2547393869977
13.4996165816177,10.5783969178683,10.6322263938601
10.3854948529328,10.7007538460341,10.846377859176
9.37843180464697,10.7601118108601,11.1043137890235
10.2369212796974,10.8154114955336,11.6119655690532
13.2461573953277,10.9707442300813,10.6972625506058
11.8915500464411,10.5136145787332,10.4444615641524
8.83090991658974,10.2146737642093,9.99924439720427
10.3240839694399,9.83939846754632,9.53342724425425
9.69444551635147,8.86799329414099,8.64507585746299
5.12931112732387,7.5804462498253,7.27044673266152
5.97490680467173,8.16678874985409,7.54443354442907
9.26335396674975,9.00806659857179,8.1780797005631
10.8268256165062,9.52175391008807,8.60747213990805
9.04477416873422,9.74866754918569,8.80922067127211
9.0191802917512,9.84887034716743,8.89683960388166
9.01495759748789,9.90623729639124,8.94362285036155
8.16978685643423,9.93685853455559,8.96616113039052
9.19962180499612,9.94664642147066,8.97228789942585
9.59882707875448,9.94367909588609,8.97274682501657
7.67872078162198,9.92921337315618,8.97012865269183
8.77879842563419,9.92034566022853,8.97920035009869
11.9586237899796,9.94994574338874,9.03156129419484
7.25280937546439,10.0059545270349,9.11393673144701
9.92921986501101,10.0807065440433,9.20803069178161
8.82452221003257,9.39094475336224,9.48367596768294
8.54793384598822,9.21407773965167,9.20077246655033
11.6309944163098,10.0503195233636,10.0210137014954
11.2187539749581,10.2579252185248,10.2261186927753
13.0715361985966,10.2898774635308,10.2545664887823
15.933254222913,10.2122809190662,10.1805532379731
11.8639509551308,9.90461011490181,9.84297773901385
9.59389437041699,9.07437355075235,9.03642194685495
7.32846254932713,9.25318553746406,9.23559592226672
8.96573604801239,10.0825623099239,10.0883224673723
10.8587727667496,10.6327358412716,10.6618212718652
9.62230587487371,10.5827475881849,10.5852803639575
10.6662194516966,9.59799472493735,9.5563939659151
11.855380380992,9.20933298335909,9.15002102510309
10.1486073418017,9.80851855932569,9.76658708270557
9.70257917704887,10.2826914640314,10.2882374151139
12.0485785389972,10.5333604064542,10.5697837286312
9.301859988135,10.7254886351135,10.8157408997773
8.11102203696403,10.8926615977505,11.1279945863615
10.1311280232321,11.0163691488636,11.5923454678442
9.99872692328879,10.9819205217478,10.3799404404039
12.3278317028257,10.8364085045704,10.7503161865417
11.5756364810318,10.7165433915973,10.6724789555836
9.78409974303744,11.0949045768347,10.8620097910731
10.671789910421,9.8725280003698,9.51591850030521
7.70110312713789,9.0991709336429,8.55369957783487
7.67835498681541,9.04788506141665,8.32689927239035
12.1373794377351,9.32571599988493,8.4793177975615
11.1028934562145,9.54700891273363,8.65482988686624
7.90746317407847,9.66972271181919,8.76241050051332
6.87995467864286,9.75977502745539,8.83370037523505
7.50659074266949,9.83368137466567,8.88883798893394
7.41572234270986,9.89338984394139,8.93254759473713
9.4238557654882,9.94266945443034,8.96734698068496
10.5730281222164,9.96035509684278,8.9829922354191
8.84349213963747,9.97030870488698,9.00208479830114
9.19466822784269,9.99086823291746,9.04558304036012
11.3891365052112,10.0551974936034,9.15195164881717
9.42520382297716,10.1627995250418,9.31547242528047
7.76526250559297,10.3470681670046,9.57559389541161
12.2325441894515,9.97943907835271,10.0863994627271
11.6726088932251,10.381601939581,10.3807549624998
6.59975080894293,10.7353911494731,10.7417371426954
7.2603368836126,10.4898355424564,10.5038084036856
9.26247577359999,10.4305645037319,10.4421910669451
12.7449469171556,10.3531127916804,10.3507435737968
13.0058228956148,10.0598475734115,10.0165049715442
9.60143970122881,9.6101834421686,9.56534808286204
8.29020094891558,9.63349595925702,9.61385965599779
10.4241546551335,10.1075068435092,10.1174420567485
10.6165833405809,10.4349683561732,10.4643608266015
8.65057037104335,10.4462652143263,10.4503395173408
8.11257911820461,10.2387029081828,10.195267247219
9.05118712328616,10.1014037277434,10.0327040821332
9.48871775920872,10.1870921552794,10.1472401699715
10.5706508365749,10.4083961733823,10.4069274900098
15.0138378936213,10.5669245842498,10.5924583664727
9.0270869393418,10.7412485190418,10.7915645030502
7.4324034887849,11.0221358110405,11.0960605775452
9.29733802667832,11.4149748426515,11.5927413187653
10.4614308677365,11.0125776894427,10.1195056702496
10.5529687576604,10.9857859909474,10.6836996370317
9.59297762023225,12.8889475848242,12.735718402139
7.29162910221429,12.5994533897287,12.4228590062119
11.9258706229951,10.2475582480154,9.9229993580298
9.44319760973969,9.58911670670504,9.00309356304708
10.724728076106,9.51768803308508,8.75822393896614
13.8484124460647,9.54807671801714,8.70647185729948
13.0557838644261,9.52246403601581,8.68145315592117
7.67312171647667,9.44220584630917,8.63480473330258
9.56365345551168,9.5236467914262,8.69063424539918
8.69591199761325,9.66503770276988,8.78294579612183
8.07420664801238,9.80742561448784,8.87519812424562
9.45066553090236,9.91540372658469,8.9468443043736
10.6264593685808,9.95658480451902,8.97964210620391
11.730245500816,9.97804056946556,9.01139256700705
11.3887669853657,10.0030853975877,9.06856842559814
11.6834125734522,10.0895669408461,9.21971815629823
9.37039339262523,10.3371322064686,9.58094802805958
10.5326566637884,10.7305171851576,10.1188250734525
12.1286488178639,10.3664785619664,10.4645470162945
12.5341894416946,10.9856175727454,10.9964708549324
8.20533766044029,10.870329469199,10.8958282878359
6.01051042699307,10.562855754564,10.6019171528039
10.8245835849586,10.5269251864634,10.5646836258909
13.2654009493197,10.5398180761689,10.5591931271017
9.94037437789694,10.496835937255,10.497391407724
9.22394641535086,10.2372246917751,10.2217728696077
11.3609876781253,10.1850234435356,10.1827091374907
13.116616520795,10.3137489548682,10.3167605267378
11.9274070945846,10.4577254381735,10.4707880637826
8.04503809332285,10.524047707973,10.518180387283
6.65210922601781,10.4938608895136,10.4482447875888
7.18785445074155,10.4708370561678,10.403670434718
8.1802458838883,10.4856542206891,10.4405742996345
9.03006022450796,10.5212889085468,10.508102159988
10.2440389082779,10.5636721683937,10.5857167211438
8.25154907286421,10.6860664720442,10.7116031874883
10.7698849611555,10.937555023105,10.9561247204766
13.5107329805882,11.3409221310855,11.4076465749942
9.80371116531276,10.5730930273638,9.6274784573154
9.18455172707908,9.71479156882247,9.66035925749167
9.16318300600093,10.7754282743713,10.7104092406279
8.34680377279933,10.398912343676,10.3284026944502
12.095415070469,9.68630423867036,9.43543868842108
8.26941569232706,9.59292998652127,9.01235385601808
10.8988906475282,9.56747519118405,8.82380117710556
13.4969517943642,9.53704807966031,8.74576022419556
14.7553236301914,9.27694097301732,8.56316755174679
8.67081131873141,8.95098034014183,8.35591282983594
8.21590079556562,8.93722281637332,8.3455080338065
8.20089462253937,9.4139843448102,8.63039452496364
8.96579222896136,9.72981421511394,8.82508228817067
11.0977394363975,9.87447654706177,8.91763738231856
7.53046894059077,9.93555509559852,8.96167173153472
7.53239753839316,9.94785269508978,8.98704209326032
9.56817781556424,9.94926180955924,9.02932382142961
9.64869784279527,10.0173651223316,9.18892231174386
11.2087410916634,10.3769634653508,9.71953322031703
14.9771784318226,11.2877053022175,10.91459307814
10.782824433095,10.3437838756099,10.3664421426659
10.6865452853262,10.2820595358821,10.2552927150353
8.71166266855071,10.1995766056213,10.1931798351113
8.59194995266066,10.3875437783137,10.4066524091958
9.70166958223841,10.525774831409,10.546736301371
8.79286789765348,10.7324088797178,10.7489635980786
8.13286981513339,10.9367186748733,10.9398239352186
7.51190960761304,10.6414009339302,10.6543140305627
10.7250297521069,10.3510994109713,10.3637255172622
12.3207992096688,10.3844745776479,10.3881010339875
10.666472824078,10.4991831553668,10.5139151208479
9.54039673438435,10.584096362929,10.6063629697617
8.95376250705143,10.6432225316548,10.6304233512416
9.02968692304454,10.6504517269963,10.6147071682984
6.01719608721326,10.6282276949204,10.5942231245701
9.77147934610146,10.579364569731,10.5713127783454
8.71262098587976,10.5305037506457,10.556346569771
8.20920199347415,10.5322236389071,10.5640116566471
9.51978566344324,10.6259896184165,10.7071063773605
9.86731805391526,10.5692311911902,10.8790283388418
9.94900738704735,10.088200509855,9.18673215540045
8.61226182576808,9.26284602040236,8.96412701266332
10.470686860793,9.46051985042644,9.22432608920953
12.543682161781,9.58376072982808,9.25596849518557
13.1318383230588,9.24242239445655,8.81610841905896
12.888664782131,9.2940631046619,8.73790940098046
11.0071703911317,9.51702632421147,8.84427082795221
8.03262257250275,9.48804567063021,8.77174852879611
10.956922255499,9.16389263032246,8.54146805564045
9.1564151565424,8.32300789286697,8.01477563941181
9.68499571539147,8.29897891122014,7.98280952776191
11.4727511995948,9.21955270056326,8.51812573270549
11.5738433132006,9.68543698021065,8.79735231469867
8.80341047343541,9.86333826109015,8.90696951346089
8.09277622084086,9.90633080549684,8.93435520645087
7.82029174655985,9.89169784043641,8.93147891467587
7.29098060003681,9.81274647297974,8.90180148034117
8.74146681705979,9.71348328007443,8.91738938681661
13.0794365803093,9.80279294931205,9.21509712575856
9.5300021786805,10.8433343813524,10.5113860466087
12.9023526996777,10.0891220047372,10.1289688565005
10.5285182428418,9.22577985959655,9.21585907338964
9.93641835679471,9.27708562100269,9.26596514773015
8.71433701711781,10.1078452155079,10.0891508134642
6.24129937639536,10.4648296094558,10.461831899616
8.62019598493817,10.6773997805678,10.6881587706044
11.1517487839652,10.828864978474,10.8315295640484
8.34093977584786,10.5149066670579,10.5155340987832
8.89367757322119,10.2280805999164,10.2191005565075
12.3152219703986,10.2675147308782,10.2544603279053
12.8408234365159,10.5362692588187,10.5610333151824
11.403565583919,10.7349864756651,10.7703647241194
8.50831679445904,10.8131107512564,10.8295794368045
8.44789106528725,10.8000981968668,10.8020786439909
8.22264145667427,10.742187009478,10.743131355796
5.69525995668589,10.6063443941636,10.6249397769423
9.35818293647247,10.4685229657403,10.4916212228715
6.4177137833719,10.3186903059817,10.3390914933037
8.6065068293645,10.4441018957943,10.5588345663146
9.67228742888461,10.4329510337076,10.7760250123572
8.27620363038304,10.1494812259957,9.17709786709111
10.4986470793375,9.80519728914602,9.08478316346697
7.89637322575768,9.58839202615393,9.03541323443055
11.0569538127301,9.31779001163954,8.87456717425571
10.4230387175861,8.4965716763915,8.21731367874392
9.08273148287637,8.73714028305625,8.38137724920471
11.3461071788769,9.51222947551134,8.99862254478351
10.1536922436019,9.61447598769603,8.96283193662607
11.0304078041188,9.44511211792218,8.76982140610138
12.0484109796865,9.09370212872136,8.49469812905864
11.5493791491077,8.96050768672324,8.38320190276903
8.43580078212912,9.44489595003787,8.65819433898009
7.31452265574395,9.75291297496677,8.83941382675989
7.26831541386254,9.86961651737412,8.90856920632096
10.8894773723594,9.89384617999869,8.91805420818541
8.93933102704376,9.8198118697447,8.85766625078599
10.1492029448557,9.60281646101765,8.69697634075119
10.8748857071443,9.20134814799153,8.43008140583998
10.0831644313557,8.53436500085566,8.03500300476923
7.36262308977801,9.0553046405596,8.70878189187031
9.88604528912741,9.95899691677957,10.0950875972892
7.73752589743915,9.52937449440988,9.54942517490703
11.2685449582965,9.63952070883474,9.61975085254804
9.99490205937725,10.0808952985177,10.056919008983
8.03432809707991,10.383306245363,10.3697983402401
11.0296504748234,10.4810255398895,10.4819393215245
8.08680996332703,10.2941490471745,10.2903220110388
9.95819971669998,9.75741206873732,9.75130884036355
9.98894166264914,9.2567451002452,9.23017120084218
10.7778807709789,9.9248752573339,9.88900881146821
9.97444606339431,10.5906921286938,10.5986514602055
9.89799936971212,11.0462769908611,11.0933369978851
6.82432745739578,11.1099719807546,11.1466645288336
11.326246457863,11.0916381212164,11.1081822782517
11.1484236953573,10.9051077937564,10.9208647225354
9.29869497325789,10.6703663074251,10.7056300740139
7.66456823972793,10.5096475731036,10.5386733748482
9.06245919255963,10.300871100983,10.3069431164715
8.84542474031669,10.5754484343023,10.6834920051907
10.8977294500316,10.8624494699423,11.1722800152991
10.34664937341,10.6461410115605,9.53820025787675
10.9354574125123,10.2127823382312,9.33285133732944
10.7954872258822,9.92500198890054,9.23591115175014
10.5578362247286,9.55349694633804,9.10434951321072
8.9043285435227,9.36787651101634,9.27175913622216
9.26366786298254,9.51067155316247,9.41694288759635
10.6412866132311,9.80720574599571,9.5521602130034
10.0197177402371,9.8750906939483,9.34204568753283
10.7347088641741,9.72068858044709,9.02049669388447
13.1149458430382,9.58273784262532,8.82526545466242
10.9961218693522,9.54800106031836,8.74938416947304
9.30708581077015,9.67877824862641,8.80677632530682
3.45393975822437,9.82734602374788,8.88777894560342
8.87747825171728,9.89564832436447,8.9245807453642
10.5168020742673,9.88879287295232,8.90792297135266
9.25906790394937,9.79124098649639,8.81952956730923
8.22817966531907,9.45853580982717,8.54675592862802
8.81728414894125,8.76724860804805,7.99438959178228
7.06577435908421,7.14168697435496,6.76422751566853
6.03505992470099,7.24038755181638,6.98205597477493
9.10111131858618,10.1058875087918,10.2829158713008
9.39536845949761,10.068266534789,10.1283369086462
11.305607874212,10.1013496333873,10.0960026982483
8.24481782796412,10.2828313375223,10.2713679299765
7.40270277061363,10.38339760355,10.3781574863871
8.46879660349917,10.3817101897692,10.3755439900895
8.32434304284527,10.1269345430988,10.1110661759813
9.55930301685763,9.34349548224282,9.32334616148222
7.61340154639114,7.94452569575518,7.93243295382718
10.4343740178498,9.57184192253268,9.52157675679484
10.300016734147,10.8963291769962,10.880010378706
12.8384156494557,11.7260375563373,11.7503842835392
12.480609393469,11.348068528227,11.4232542652839
11.4884233333997,11.4431239229653,11.4554453898303
12.8920651494398,10.9966392745887,11.0376982533446
11.0505089435124,10.7307666366034,10.7821439664898
10.9959228323414,10.6298998806573,10.6770074726561
11.7570479703794,10.7129491708268,10.7494492842522
8.58414943391962,11.2456060180739,11.3369507284691
11.2040736114532,11.9571092731722,12.1738621777331
7.82992668170444,11.5429693015106,10.2915558848424
10.9890791214072,10.6162840490311,9.66506949117179
10.8563737127562,10.1681682034075,9.42874916449228
10.6454850382865,10.2546219786402,9.744870748802
12.2019950598351,10.7675034221754,10.5339620032218
11.7697285602886,10.232093814194,10.0718279132258
10.5427140062944,10.3674719522503,10.2744934840428
9.53804871780737,10.1103159186257,9.61597799047514
9.36210046079096,9.92292983381518,9.17757975225613
8.93887280252529,9.85887737143275,9.01427554057661
10.6366435213766,9.81425204025932,8.91948448921397
8.67838371936087,9.8687587323765,8.92966586369469
9.82972304521851,9.91394130616822,8.94549363019624
9.23179596773887,9.92835637236304,8.94696137335936
8.99737461580814,9.90732348006277,8.9200789361638
7.05633658489056,9.8099987696007,8.82960804202007
7.07069266115605,9.5354987920714,8.59276683699688
10.093678957018,8.89807531123941,8.07019984154409
9.15445240276656,7.98611621141162,7.35128337228482
7.29253799362972,8.12074990726513,7.49766744440535
10.7535222293776,10.2432107809957,10.4452855025621
12.6925324276574,10.2910763915967,10.3797055654349
11.2581345179686,10.3508402170135,10.3862038457321
7.92058827882578,10.4062416113161,10.4297901034398
9.61171325062302,10.424623131845,10.4434196027324
10.6781106355899,10.3409231722903,10.3564964819294
11.7275891531143,10.111491905126,10.1036276145618
8.40316554745579,9.61083673235136,9.58381679593328
7.40115168389618,9.17903941297604,9.1241717046161
13.190944274551,9.42154795357954,9.37125156433982
12.1706744055998,10.3791367493065,10.3736707408751
13.8964961921727,11.1294769905522,11.1870723878684
13.6277107628097,11.1497902486358,11.2525458749264
11.0829889948716,11.0030868276622,11.0997117790992
13.4586531744396,10.848279585137,10.9359128152416
10.4126543666114,10.7145930030881,10.7939573510485
9.46994323437044,10.7603056711293,10.8132789726311
10.7929028423417,10.9834031598876,11.0155498055853
10.4803774668804,11.8177339404025,11.8621164133185
12.8579189921743,13.6286346304659,13.6522836184172
12.8285849918219,12.3460241510212,10.9518694172145
11.8147070826388,10.4828376740084,9.57101270433904
11.1036328025306,9.97381615551533,9.23618277632963
11.2009376713975,10.0081665721954,9.40490078924455
11.1981567921298,10.2947899330404,9.81249321237952
8.78140982198571,10.2896662890706,9.82965531368069
6.63553250443076,10.2349788248781,9.74275288088748
7.8415060045594,10.1054712398139,9.44117167546584
8.98624614438054,10.0154683875393,9.21244090116914
9.9303135923637,9.95359603148651,9.05906048258599
12.0247879654218,9.94045381106019,8.9996339022385
10.4705000908193,9.94732570185014,8.98015729962776
8.62831634353473,9.95744034539543,8.97493080437831
9.92312511823901,9.95714390274117,8.96693615040689
10.1295735822022,9.93083369677531,8.93886716556301
9.51837103531323,9.85730006077678,8.86971549679684
5.71569293210426,9.69038863584409,8.72227807011123
9.74289757892532,9.41141456497827,8.48660366565905
11.8486953499905,9.14561408654301,8.27079029415906
8.78486367123121,9.16287600778421,8.30591044720052
11.0796579029527,10.2890376958074,10.5376330564912
13.3082806416507,10.3652722051739,10.5161015843976
10.4191523980395,10.396531768604,10.5104209521782
7.07967342587093,10.4142673225019,10.5118390195971
10.0004507141821,10.4170096557983,10.4966456250398
11.6158310205109,10.3673987216656,10.4263312750168
12.5157747251328,10.2435109092718,10.2824827368902
9.56559055974308,10.0184713914504,10.0230368523587
6.29784266098592,9.74560899087959,9.73167069828145
7.82514031155661,9.5309993350526,9.53135479900255
9.00611363747003,9.38789150141667,9.40135566130719
13.494427914371,10.3060930179351,10.3788533353387
12.8165996025981,10.6477148112727,10.7607190609931
12.6544026334733,10.7010717626568,10.824981550378
12.0748174258333,10.6694247784742,10.780217210358
11.9619696784445,10.6549518942308,10.7420446548978
10.2067431726041,10.7263470143864,10.7688844884929
9.87638158936493,10.9809810170031,10.9797308552629
12.7240488885388,11.5016815568434,11.4948597108132
11.484446528431,11.970004844478,12.1481486800056
12.5409456201958,11.2199374778397,10.0425498171041
12.9893192442942,9.72531313900535,8.97825998253186
14.2263919424684,9.15178432405162,8.58260807926005
10.8265872660405,9.35846198525338,8.76784925347588
11.9463092944723,9.8205130602779,9.1483364608352
9.75878213885775,10.0022534486225,9.30333011080522
7.08986970425132,10.0611314568442,9.31573811264435
7.38449684799614,10.0477232328404,9.23354607499901
8.25272589435802,10.0172413018277,9.13743966002221
4.26074970959071,9.99038703628084,9.05782074695242
7.61228236789036,9.98085595721005,9.01913835065833
9.09587169433262,9.98037544616345,9.00032614344006
9.89296395673063,9.97958227976955,8.99131021082652
13.8477852577453,9.97504716906766,8.98159656853289
12.681999490564,9.95646100496469,8.96212085902143
12.532127727711,9.91440543208831,8.92222342648334
9.45163236551722,9.83221525830895,8.84835759694573
6.95656204308665,9.7161904243436,8.74893342239853
11.2023176476215,9.63362387385024,8.67982207020098
12.6696002795031,9.63373828246965,8.68980944191137
11.5055620323441,10.2629227332844,10.5765595117161
12.814883811378,10.3252495036169,10.5682228425118
9.66328820267567,10.3475654117031,10.5625289570987
9.31766047965518,10.3548884377805,10.5571152371065
11.529150509437,10.3599727627409,10.5411683454086
9.78243425774122,10.3272187743162,10.4965659996515
11.8845630397878,10.2698169333403,10.4125091315761
9.77265140637972,10.1700264321275,10.2718490088292
8.5055229926017,9.98335459501914,10.0701689926928
10.3300962268526,9.78452910337821,9.89236768505924
10.2143391434832,9.78452240452109,9.90438524429072
12.1960223692607,10.1279372833345,10.2711083219046
11.0922919375162,10.4098433069111,10.5758022150289
12.1576473341294,10.5093355254132,10.6707732597847
13.1417106631348,10.5329580474777,10.6786885271732
13.5045446871562,10.5655337766819,10.6746705395624
11.9913247048985,10.6249532729974,10.6772241014759
11.7938503513398,10.7488476093726,10.7186350289489
12.1275304904576,10.8376213870814,10.8330911031874
11.5098322485788,10.5810870210756,10.8756868804399
10.0756224954069,9.65202751764402,8.75758311729847
10.1557458383083,8.19403795098485,7.83496561741512
12.0653783660145,7.72742847753737,7.53604082327591
13.4775437595223,8.80645909729697,8.26253867582131
12.3780727735699,9.50753925201972,8.76694317610312
9.94786776178441,9.83017265643442,9.01522485840614
8.86676493572769,9.96421395540901,9.10468402370758
5.68019310169074,9.99392685643963,9.09143585274355
7.73105283374806,10.0010668306517,9.06893330297997
8.33433294378406,9.99502392554013,9.03549161069048
7.98148625378929,9.99232783017591,9.01730445668382
9.08649729556134,9.99163561955544,9.00596749017486
10.4341130580599,9.98977350469884,8.99940780211509
11.9899601656131,9.98511258542842,8.99177414179066
12.6514554696042,9.97477054782705,8.97988608742134
9.64753396843987,9.95218971997637,8.95875165735621
7.89556617953304,9.91752242279397,8.92803221863496
7.58241527961996,9.87554219181223,8.89197718536496
13.4168701764152,9.85190306956202,8.87352072690781
12.2771589299235,9.84321638197807,8.87000621217889
