"truesurface","",""
9.95094358701824,9.87864107885165,9.88561553415072
8.82556430001693,9.73377394274464,9.81264496847451
9.03431822319288,9.668484634788,9.76364933711538
9.09445505635937,9.84820593220606,9.87376666776671
11.3653293993045,9.94666466044117,9.89906684947834
9.19279866045315,9.98667550991439,9.9170807355191
8.0748973679746,10.0067407763304,9.93160744985352
8.77941499727589,10.0201975116051,9.94140796492331
10.0237408914453,10.0334321577451,9.94463573130197
11.0079329039389,10.0472784444573,9.94085976978427
9.66451118810564,10.0425875376483,9.92787721095105
10.3007711622628,10.0107918120558,9.90554431189129
10.000287809346,9.95662486687162,9.87982352462941
9.58296257455794,9.87830382293549,9.84824493084138
9.34848230474258,9.82220122329774,9.83367963930975
10.2960759419697,9.70590808298611,9.78270941769179
10.2380030136215,9.67489704989564,9.76240106774831
9.58181057706434,9.81684158287293,9.82992467087033
10.1860427772056,9.91518103959206,9.86260788556314
10.7529703001991,9.94293937174504,9.87877970783452
9.73836764985351,9.93851850827719,9.63701644831502
8.48389837220677,9.93702908066459,9.63969413894199
10.5610357454372,9.93267676934648,9.63489464847053
10.5757408695355,9.92229639061581,9.62439057115065
10.5217357814894,9.90124140604278,9.60771865719057
8.02013321587171,9.88302741320757,9.58966719845913
9.46520134685309,9.89965741303116,9.57175357412077
11.0578598096495,9.91947860629221,9.55357115799086
10.2823290430544,9.93435259214129,9.5322450180899
10.8569534710833,9.93882025678845,9.50467226111501
9.73377728148336,9.92844625082929,9.47125332336122
10.5210665228861,9.89294262951522,9.4321911484437
9.04212426560964,9.80505722356454,9.38593105561652
9.57853169252194,9.57926222035683,9.33280379054958
9.15805541955515,9.03303641632182,9.01664501876341
8.03231199353636,8.27127012854025,8.28207099172739
8.1505210604424,9.2195053894137,9.27390384505871
8.52895581973977,9.6804597996967,9.39206468725249
9.05462664593973,9.85001872797462,9.45843914840166
9.1893956824899,9.91824123597554,9.51844390095249
10.2463914571845,9.87138076262839,9.88852521154581
9.75712376361293,9.68331859389455,9.82168901359873
10.0868110487078,9.58429777687472,9.63169906543641
9.26873986283639,9.83651482897548,9.87482237811885
11.1411254310684,9.94261858902606,9.90349774065521
9.82280360487333,9.99295775339736,9.92316859828243
10.0800902654493,10.0169353592262,9.9386452309701
10.2168618639713,10.0341717199902,9.94954812532591
9.78914202093128,10.0578533793275,9.953973757812
10.5218526996905,10.100508810657,9.95850253126376
10.225112945029,10.1188029344147,9.95056818074632
10.7959224836645,10.039874847513,9.91168393061237
9.53749978535786,9.9556747502266,9.87808730766216
10.5648692753216,9.8496167234934,9.82620809434997
10.2108989319483,9.84406908187048,9.83021237064433
10.7283459383665,9.85607766294641,9.84032388070792
9.98476074323894,9.87042264723984,9.84986435144931
10.3409671021442,9.9072167260668,9.86800897764686
10.3678904133678,9.93273499853139,9.88742368649468
9.98297906967251,9.93453721109661,9.90171116680001
11.4996027550412,9.92035360213248,9.6606320431837
10.0361155348686,9.91713298929591,9.66100752660805
10.3764022997062,9.90894368234764,9.65548259130486
10.7831197534593,9.88240757514644,9.64003193119193
9.33964605487975,9.8113561209669,9.61418193645301
8.82986446212833,9.76312338665172,9.58989190511875
9.12452218513382,9.79008392515025,9.57261570981799
10.9443250389522,9.87161059664665,9.56185860238618
10.2052761987619,9.90748496026423,9.54266327556334
10.997713930844,9.92473685125649,9.51947336233928
10.4770463585816,9.92087478250693,9.48829485540481
9.58123680421276,9.89248356401888,9.45167932453034
8.46757180902089,9.81116026152084,9.40829409803792
8.95747349464711,9.62714150926756,9.36047578045012
8.14205290862745,9.21851668055664,9.26668090882663
7.65658345682269,9.0777694111406,9.26378437091128
8.18413258584158,9.44813684504376,9.35648876933144
8.9735199816935,9.71645183629993,9.42275159848847
9.07143409541679,9.85542578576508,9.48671280885091
10.2856333857752,9.91535882589776,9.54520087205296
10.7415928514698,9.92621905542953,9.90493489001786
11.5175843247872,9.8578456111579,9.88954759148253
9.47184546279709,9.83086574466597,9.87824121914188
9.39835883508989,9.9112094469662,9.89997380406012
9.79183827321633,9.96796904837368,9.91740853665868
9.92554814213837,10.005913819614,9.93516752864303
11.2873980751623,10.0279956435121,9.94943562121522
9.99013444791847,10.04854883287,9.95893146276687
9.51871068970078,10.07528413752,9.962988477768
9.8962394320621,10.1523235030647,10.0364797614798
10.2993668141408,10.2664394820035,10.23989986334
10.3654048379664,10.0203999243607,9.93552667004557
10.0415323276302,9.91459333522685,9.87188328735584
9.96902146701078,9.89317059598743,9.8560536355614
11.2303852162164,9.90739577093573,9.85317510149154
11.0425360709414,9.9384223273316,9.86404834944487
9.43245776641319,9.96519216999195,9.88127010673206
9.18090494084333,9.98478721287338,9.90226057166639
8.82931437098835,9.93283371026858,9.91915957114968
11.1073347974315,9.89023739498339,9.93301894242713
9.93753065069059,9.88475212884698,9.69060940523116
9.82553020440084,9.8997275652742,9.69239507326571
10.3384156661883,9.90108497189679,9.68500192933677
11.586554291318,9.85015498780852,9.6622047159962
10.5696415321497,9.74690234394702,9.63014247385784
9.34956535863687,9.48004214651022,9.43872000789062
9.76234203024372,9.68151198496145,9.54403052318972
9.4476911406117,9.83192456390957,9.57645094126973
10.4738805774865,9.8978771972867,9.56235634871991
9.27504044198058,9.91645385409869,9.54073331561538
7.28959305797977,9.91590701855982,9.51425485805468
7.62448647194494,9.89932980905378,9.48375394444457
8.55932586239941,9.85590402970688,9.45089318384897
10.8600922054678,9.74477846388075,9.41528224980935
10.0461742560386,9.61438922557982,9.39129424132835
11.0578062891031,9.59239849711735,9.39221081952317
9.24523681379273,9.68122262656494,9.42557027780133
9.45783722464095,9.79785919454706,9.47510009192848
9.54635194445442,9.87920420757666,9.53210626941029
10.7309754384493,9.92160763660882,9.58601447358688
10.5004843331076,9.96784172554352,9.92714292738512
10.0650247174638,9.94749978678627,9.91803779902335
9.56771384668292,9.94690804945959,9.91661409466369
9.76492164588594,9.96863884731799,9.92481057987021
9.91791122404557,9.9942793025532,9.93634099599356
9.70536572187034,10.019474478091,9.95019239559877
9.70544756037914,10.0437005354881,9.96282612265808
10.7497213668,10.0671441055617,9.97044539031609
10.4860601475345,10.081191063888,9.96991860061392
9.12050930054426,10.0857327324083,9.96287344506739
11.2616218133888,10.0443626217812,9.96391057720494
9.64858073427615,9.82881845579955,9.88584440488443
10.2574105954805,9.73039777771209,9.84931701159553
8.0122948686813,9.83176876562094,9.8543748891666
10.5916223206674,9.9134256525814,9.8653926423882
10.775262797657,9.97416795845691,9.8858842326214
11.755225861601,10.0433425214439,9.91519113867884
9.6758786551911,10.0856339954248,9.94467045720178
9.7560248113245,10.0313822801123,9.96440389371644
10.5081099993538,9.77153292391674,9.8368870642821
10.477062694345,9.80580838426268,9.7132668523371
9.79765953667295,9.90808078603633,9.73669308568739
11.685403644715,9.91674385232503,9.7245741126181
11.7543053657966,9.87063691112906,9.6986900250528
11.1392635900587,9.7723454158411,9.66570453382505
9.04515887381918,9.58545753947737,9.57561199814861
9.68937511564459,9.72876504448766,9.61296946180316
9.27858853695401,9.84370068797168,9.60416160169875
9.89070445520955,9.89558885809836,9.58963405101604
9.70404078149109,9.91688959049141,9.57181277753493
8.89531430383403,9.91863748514739,9.54931054347575
8.32491731869644,9.91366385572121,9.52616537739202
10.0017868689557,9.89188469047175,9.50097654107197
10.7332283671789,9.85113934423706,9.48044826638297
8.79417745856655,9.81528318656993,9.47008543429986
10.9291350117209,9.8065912954946,9.47723639655453
9.74117211395903,9.82323062550897,9.50087009646929
9.27052964755319,9.86240178394312,9.53952762849697
10.6563000337572,9.8983216685044,9.58630036838533
11.8428167162375,9.92878613579667,9.63453960733613
9.1320554370143,9.99335404382302,9.95009867388911
8.34993914406029,9.98980129605569,9.94457425658905
7.46058054719645,9.99228306551371,9.94406949751668
8.99523537979133,9.99752857015355,9.94936129089501
9.62390685743816,10.0091375908997,9.95793502647286
10.9004484345142,10.032312101863,9.96846976043904
11.6029669441729,10.0609552087811,9.97962421994649
9.69770786065083,10.1006021649946,9.99041612413149
10.9634646474565,10.1075540499913,9.99118392117518
9.6350324412137,10.0138382294993,9.95741464329378
9.33637444476512,9.84482579423645,9.91562792567573
9.09477350409192,9.48133626476906,9.72588962824679
9.28591461303801,9.29477262311511,9.41421256196422
8.63760685089964,9.70418180002415,9.85104241873315
10.5804811260449,9.87880062401439,9.88126788653802
10.6209956329833,9.98515286155395,9.91369171626255
10.1552964297842,10.1285155117012,9.95416480968182
10.0808349516487,10.3455213042876,10.0196296605309
10.6755067090076,10.3115799815422,10.0469184461594
10.0607725597219,9.97181941286552,9.89264505598808
9.89596195851018,9.95060741078633,9.79680368848333
9.83665104362916,10.027287903573,9.85271732855961
10.2998316301571,9.95738051563365,9.77479910937494
9.24944444592034,9.90293547159999,9.74359425760889
10.0977414081584,9.84832326376838,9.71054355953954
9.83284465746845,9.80672251297685,9.67867229822361
12.0110588846072,9.82024616222073,9.65556356662785
10.6954097802729,9.87848053319561,9.63909635235634
9.96365556862409,9.90585281748303,9.62296115592471
9.32046238210462,9.92176231168962,9.60734057089813
11.2876668825158,9.92612908222042,9.59120428834534
10.9085229865507,9.92426542235096,9.57365553656442
11.3762299868164,9.91662081811196,9.55893821132538
9.76553997033978,9.9035248959017,9.54868642840169
9.62339544925208,9.88433793739899,9.54402302905402
10.2338069788113,9.87717314554155,9.55291045393523
9.64221817687778,9.88202047214833,9.57561810238379
10.2539698402418,9.89570218348017,9.6080820542656
9.55500597888338,9.9104962716252,9.64833684787041
10.7235820700524,9.93146059654995,9.6903919415259
9.32344288807464,10.0040236506864,9.97312594240401
7.58963212079012,10.0074824394627,9.97040032072953
7.96800071505194,10.0073990996022,9.97076735888026
9.39926691365115,10.0061045798513,9.97438602182451
10.155855587161,10.0092074792209,9.98045602585032
12.338607369813,10.030012465852,9.98794872323068
12.9100875496771,10.0738727252612,10.0006201470611
9.89308308796394,10.1276217804875,10.0679889659627
9.65032807093138,10.1349508499302,10.1087767053703
10.3716001382686,9.9980175468686,9.97788463425602
9.77054365210616,9.82736761619725,9.93606682147399
10.1889385896919,9.51357517469278,9.75630924359595
9.33601902104782,9.43279449520342,9.80952390490273
8.66321879064491,9.68583261138057,9.88149092135771
10.616321328093,9.81508638000381,9.9062393388929
11.7259012121496,9.93617450786171,9.94434814176524
9.07238497176369,10.1340119653707,10.0020828654951
10.018401664817,10.4522462051899,10.1314560886442
11.231852291358,10.9545748581736,10.8501982139266
11.1978081344391,10.2775972039052,10.1168274737717
10.4718800440722,10.1216655301889,9.88833252108999
10.7493011469828,10.0993858648825,9.97046749254813
11.3850222770804,9.99047606087261,9.82884173366305
10.4019663094992,9.93587353087331,9.79255655851341
8.66347465615193,9.9047990302745,9.75707371112627
9.80551561892164,9.88908501745906,9.72386554283214
11.674867599901,9.88518726848755,9.69557974987061
10.9748834309889,9.90591798818367,9.67586376034416
10.6167776323426,9.91778564806343,9.65988944177928
10.3924594209056,9.92660755585365,9.64607279744097
11.857521468784,9.93023415400033,9.63381221940394
10.2585242788122,9.93341263505265,9.62446689412037
10.2087268281173,9.92998995856338,9.61669312702753
8.97295218495831,9.92151448677006,9.61381362016522
9.18355323561799,9.909137112391,9.61673206199996
8.73686960799483,9.89749390102472,9.62763565165938
9.58201664954595,9.89090991124874,9.64844626528486
7.92301146910206,9.89162955295461,9.67785842390309
10.0560432428546,9.90201250285077,9.7128324044405
9.50873005888238,9.9234223172883,9.75112496195339
10.7606868533007,10.0085081622165,9.99518786463594
10.5813440849113,10.0117603928073,9.99509529475548
9.58344080302461,10.0104234466786,9.99706240336115
11.007290245124,10.0012911732961,10.0010857877845
8.96852816179833,9.97806226062327,10.0052469804451
11.1883763999978,9.96795743902718,10.0057228655234
10.1970655175039,10.03712667398,10.0201801755624
10.4664424829893,10.0485825861553,10.0277067746323
11.4132079217841,10.0512661034899,10.0298481500765
10.3370102929697,9.95918693683646,10.0023795449421
11.1171939293345,9.86958707957299,9.97876731705679
11.0960184801631,9.78283966419336,9.95502010472091
10.4304865954931,9.73320258915099,9.94581326954678
9.37957997559619,9.73578460773373,9.93418875117877
10.1658564169638,9.65914363058158,9.72835093431792
11.1214627726195,9.81035339297945,9.96589896038737
9.832020512206,9.83796011453361,10.0137697407083
9.63903858260197,9.84101799300821,10.0245061579076
10.7299771412426,10.0693916350442,10.1390958646939
10.4808663609986,10.0308733492158,10.1399871633425
11.243474958172,10.0490614359248,9.91795724817015
10.322304944975,10.0302263938463,9.91552581010895
11.5965226005239,9.97633945070014,9.88192810882708
10.8655706243368,9.94803711505435,9.84248763533885
8.49546643737352,9.92881206807754,9.80265306827161
9.18566755182951,9.91685978543961,9.76444498193288
9.80405168983821,9.91629745614936,9.73436521025228
10.7142408475383,9.91788733079379,9.71121563372039
10.5188778349382,9.92443754720327,9.69616308213457
10.5873757533209,9.92782167409253,9.68511529310731
11.01692606044,9.93036952319215,9.6771670083555
10.2358837952721,9.93437064143081,9.67419036312982
9.61597838255178,9.93383791390536,9.67322401374523
9.78670786636394,9.92636253826853,9.67646711971434
10.2062443343373,9.91100392986157,9.68562857980396
9.8114501465061,9.88487216051961,9.69957439757606
9.01748157090383,9.8555326679374,9.71934965404945
9.22355244358847,9.83936762710457,9.74575873560662
9.75737001797529,9.85536729376835,9.77923289938992
9.926989231883,9.8989685762684,9.81659498358127
10.1387834866852,10.0110411718516,10.0161192854729
9.36347494021965,10.0132818799776,10.019521073763
10.226365684125,10.0107630659179,10.0242556605082
9.84404375234938,9.99577967319948,10.0307606068213
7.75033838084444,9.93922035039843,10.0350332452147
8.00912696682384,9.79226579789835,10.0042420503021
8.93665596833816,9.61901395747221,9.64823804151612
9.40179025348329,10.0066637029125,10.0585636439956
9.50363077519638,10.0518862329241,10.0650166676083
10.5072668629502,9.86897138067209,9.91596426532278
9.75651692058903,9.89060042720971,10.0320118474754
9.14656110195685,9.90161574665514,10.032003212381
9.81427838908211,9.89784318839013,10.0319801685112
10.1955994998488,9.84756157944679,10.0290872989345
9.19810993776007,9.74999529424218,9.90216682239166
9.21988707835005,9.78161456413496,10.0667336252586
9.38978184543165,9.59252949530072,10.068254253336
10.4703110547746,8.78149233293842,9.06638727325081
8.3317408970092,8.9616243179273,9.33709737259541
10.5223786882031,9.73666564320142,10.1888315145256
9.08699677760544,9.98173749006202,9.99071052133111
8.6572912241764,9.99885980934829,9.98236995335048
9.51509335168501,9.96679815814525,9.94300686861266
8.84270016299273,9.9456078949624,9.89431853105494
10.0259998224118,9.9319075350918,9.84629792449475
9.56138862368657,9.92334730669239,9.80195271210256
9.70536176059301,9.91935714754345,9.76806304659403
10.2581575247142,9.92048275149908,9.74452972477412
10.2162274595068,9.922233856165,9.73014360908185
11.1133098406377,9.92370560522851,9.72218778747289
9.43126508991871,9.9279417715578,9.71971638479659
9.97829630714234,9.93226155461061,9.7218096269862
12.068233562481,9.93219485771116,9.7281545082583
10.8877090439133,9.92355339763125,9.73834259132526
11.0737915085351,9.89857148562439,9.7529400078004
12.0629817116741,9.85265053156748,9.76888395792705
10.6091275906804,9.77252860281426,9.78801168138678
9.53490977337063,9.73773404798786,9.81305420502663
9.30035807281934,9.73617453471107,9.83503587263133
8.42728820432509,9.84929718343642,9.88509250444086
9.47839162892307,10.010570087932,10.0349360153584
9.44016717933308,10.0148303088266,10.0419721629526
9.11842978669753,10.0196499772366,10.0518481554005
10.0098706181307,10.0211065682811,10.0655260707753
11.0110964883291,9.98955093083174,10.0775744528513
9.15203700795754,9.87032530628639,10.0612529963063
10.2558121912335,9.86552529233528,10.0066137963714
10.290448840344,10.3028455416098,10.3272056562329
11.3272773798492,10.2538379412025,10.2161291337682
9.79033069735466,9.9642049126513,10.0113366186868
10.4172676325312,9.95365751712011,10.1144312220049
8.57098652775706,9.99563906531512,10.0914528072013
10.8683300097041,10.01330993521,10.0862280551483
9.17095021451337,9.99452186185785,10.157283059873
9.94098734778975,9.96476032155488,10.1821313574695
9.90406157351748,9.92169800937467,10.209960068582
8.70354110438708,9.76087497639865,10.225682102719
8.64203164211506,9.44631918594211,10.137447869762
9.82713699789573,9.62394164624425,10.2371348751726
11.6781001453356,10.0009228926115,10.3489673914355
8.53599698564216,10.0662882260057,10.1052957321599
7.91255518258794,10.0346293743865,10.0746540073498
9.93635824442663,9.97703094162333,10.0142869190106
10.2961006445702,9.93713224884341,9.9463668777228
10.1629195835053,9.9183657697515,9.8838414000434
10.2097751316094,9.90939085541256,9.83126029125871
10.2785003354419,9.90871385314943,9.79565363525961
10.2928902978696,9.91210703619317,9.77226055354437
9.32114418422438,9.91681292762341,9.76038512512726
9.87017676522654,9.92271020039615,9.7563790965887
9.59578324043381,9.92833496234615,9.75865106032158
9.85551838582046,9.93184123025385,9.76683234706769
10.7185008005602,9.93045071298268,9.77914025160048
10.6358572245345,9.92393313270344,9.79821791242257
11.0912734486793,9.89901252859459,9.81646376599034
11.6781989046151,9.81490320257545,9.83913482495096
9.17565559050806,9.65271258806617,9.82086342643347
9.12055760539682,9.56793703104867,9.82723752983629
10.2539451486745,9.54460663478919,9.64076113645488
9.15627980002078,9.81256083373671,9.9413532958938
9.10825026876098,10.0089639230483,10.0511047579335
9.99802031087625,10.0158379642699,10.0615733203047
9.71299668345317,10.0284642684393,10.0772077878281
9.92131598834749,10.0584051479778,10.0998029705887
10.17840519412,10.1475862462,10.1369811324064
10.1484959466834,10.2464246813928,10.2105375782883
11.7224911113564,10.2585198342948,10.2531003630746
10.1449014610161,10.3831913563749,10.2678200753925
9.1654827505987,10.2683611952896,10.2223489891704
9.54606318520428,10.1084002896247,10.2089965764493
8.75434160597033,10.053489967936,10.2162043867551
9.05959502626975,10.0911384634706,10.2285661888268
10.3482573994607,10.1495277725088,10.2581693955714
10.2272990475774,10.1646043861045,10.2908879380426
10.8915493629159,10.1461101798651,10.3264630102584
9.84584776154743,10.1457238130842,10.3656041418028
10.1128982406202,10.1802056905803,10.4142634390797
10.7451872726794,10.2334886991381,10.4644335216147
11.3568301758871,10.5061026674325,10.5576024760456
11.5600136938911,10.5940973302669,10.5761712190698
10.4985683847026,10.3377363214725,10.254087451404
9.65666313394498,10.1385757738805,10.1819130138191
9.65258598785947,9.99887520584237,10.0873859249819
9.95501905341641,9.91154277060472,9.99487499125498
9.47246829546834,9.87647662958491,9.91621529361093
10.3596848541877,9.86923575058841,9.85742387076833
10.8206457874128,9.88080038868711,9.81786852766972
9.89224001950308,9.89788019020499,9.79656778215708
9.24803703205121,9.91153997178521,9.78733571261726
9.15369191261735,9.9221646458113,9.78690380698907
9.67857417433103,9.92935716953421,9.7930024847269
9.29238647041718,9.93394238468208,9.80531595001581
10.264440340026,9.93494231016857,9.82487374004288
11.1806747670091,9.93938472489769,9.85152424145175
10.4291842798548,9.92621884360051,9.87995583032187
10.4063860043213,9.85902542195653,9.90463648282273
9.66921627658117,9.74787163210128,9.80665240918059
9.30336364915932,9.80431620876978,9.91865155305416
8.99755072897247,9.81150009049638,9.77878483877911
11.1648877410366,10.094433838117,10.098425260828
8.90890622180562,10.006097161417,10.0650324556391
9.80462809576091,10.0117174179361,10.0776813223524
9.85583903350172,10.0314616455902,10.0993404558697
9.57508157353997,10.0761948120182,10.1293788146427
9.08227842082045,10.1894020670624,10.1761964374106
11.1093818592924,10.4629438708587,10.4311059058309
10.8533192608507,10.4050811157583,10.3020875474623
10.234047067188,10.2654601219268,10.264999609456
7.89887523568805,10.1902490824579,10.2777172279303
8.22117883825234,10.1288301596396,10.2901721255498
7.91420084518261,10.1288855656036,10.3098667507309
9.92593028555637,10.2023955518477,10.3381988565149
10.5862719065512,10.358119900074,10.3879524847193
10.0258359004147,10.4471394164957,10.4392641546865
10.5945583584059,10.379380950539,10.4664748584198
9.09375083075558,10.4580110713737,10.5245804519416
9.24323296967354,10.6237865431166,10.6023505102406
10.1777801977194,10.8063769544651,10.6675953373149
11.5586422430943,11.322902272589,11.0456464847644
11.2759470384707,11.3289174493343,11.0979106465924
10.5613711859512,10.7615364684369,10.4413975049011
10.7123400515271,10.2486896500325,10.2857537133488
9.16917308009605,9.98455063874143,10.1540048487455
8.50477441387629,9.82313760849925,10.0262097785382
9.24939567634067,9.78178055843175,9.94131193944688
9.54875238992079,9.78475751702564,9.87447089353579
10.1894443358666,9.81864892745495,9.83648967148038
9.63828087707651,9.86741266122598,9.81784625560112
8.81519123029126,9.90017016592638,9.81226468661636
9.38581032264288,9.9184542273945,9.81461797336059
9.49876656498922,9.92904439856595,9.82446758669029
10.2554435410402,9.93495464638774,9.84082349369067
10.6410990124716,9.94144148707285,9.86447184505
9.49344946450675,9.95763414147396,9.89532468604428
9.86142597127486,9.98417995454497,9.93415649307521
9.41094915649547,10.0431355162634,9.99183353274029
9.85303918173365,10.1876116140554,10.1511730577315
10.5747905096093,10.5408478084379,10.5203447021257
10.0441796429107,10.263208578395,10.1402665940407
10.0960434062288,10.7205635520108,10.7075429206421
8.70033544768781,9.99368408697156,10.0759319762118
8.34518780305512,9.99073912539646,10.0883164632427
10.153520837574,9.99907267312199,10.1116026281494
9.90217293809058,10.044704949128,10.1495773392222
11.1793839319995,10.139383396106,10.1993882273175
10.7728487183757,10.2099514241279,10.2462914712886
9.67411466001629,10.2309896382676,10.2850039532109
10.3667903614435,10.1790091608399,10.3129687876349
9.92025324526753,10.1418453521115,10.336477660014
10.2265439458686,10.1340910737753,10.3603397955818
8.33296805880244,10.1786432124978,10.3904880000323
9.148412364224,10.3016381726714,10.4301736770564
11.7931771176521,10.583813526728,10.574722358198
10.6214259839098,10.8616912913267,10.8221842948735
9.61158904417893,10.6120735814694,10.5935860307022
9.13809961109524,10.7037974472429,10.6587573551529
11.4470986285905,11.3245516205342,11.2992197888849
11.9050838892576,11.029573472576,10.818443086929
12.0473641270791,11.4160119795693,10.9814651364968
13.2060925969606,11.8927422406667,11.7520129727013
10.6574651045716,11.1267801687678,10.8676242692521
10.3060599421736,10.3351435025632,10.3809130038857
8.36033369921336,9.94802509833834,10.2074735378334
9.34765433757295,9.61323823468189,9.74251927614149
10.685057366212,9.61584357113088,9.93010961112869
11.6052027481945,9.58691653929305,9.86221268265508
10.5049845466896,9.71597038812203,9.84939772145289
9.05994221869288,9.82227728785985,9.84137877594704
10.7738321949022,9.88324103523878,9.83740709877018
8.52858699818324,9.91216473415514,9.84172360677645
8.60279711144524,9.92482472393159,9.85227801725
12.2436723682477,9.93253220048078,9.86925852865553
10.7842400178268,9.94301095268699,9.89270004622381
10.1280407902827,9.96795132492028,9.92509572510634
9.72663122423536,10.0381302191212,9.97625708427448
10.2520950745003,10.2230138809838,10.2127571270626
10.9544647121122,10.216609345805,10.1039761181694
11.4484520637248,10.2918840332889,10.2150054307239
10.4416771094308,10.3198849667601,10.1955444385872
10.3730929784396,10.4148727581832,10.2508489444453
8.71073826424781,9.96485945860385,10.0850483210938
8.63775587612981,9.93486775355677,10.094644741755
10.2430212641616,9.92617968003943,10.1182339896262
10.5986297102836,9.96491141759998,10.1598206310721
12.1775453889997,10.0484434724451,10.2153734297644
10.3327187832757,10.11034240046,10.2699300878508
11.0673944001218,10.1465066643708,10.3191927243337
10.5944315993718,10.1550684844619,10.3588846094955
11.4402081666869,10.1491973926665,10.3930497913741
9.54889394108261,10.1662923916785,10.4246199062512
9.58700055882314,10.2301937327508,10.4572669477664
9.48213626051625,10.3635772052746,10.4992653180531
10.8504526176697,10.5150355955117,10.5686140197934
10.907589392388,10.5754536914096,10.6249995093533
10.8606918610536,10.475160625333,10.6400295633587
9.49652131624585,10.5459775301761,10.557712060571
10.3200745442328,10.7576452888713,10.839575269947
9.88088188054211,10.7780229631948,10.8605607665049
10.3619409471042,11.1941259488278,11.2350083294718
11.3344659929154,11.3946332370723,11.276158157949
10.7616692620335,10.8168242751727,10.5996179617236
9.39504445134081,10.317513514796,10.4462537226812
8.29446974098128,9.93488763717221,10.271411109312
9.73294776908248,9.61911584840664,9.8393537330509
10.7968953078823,9.56417984954039,9.98861966902358
10.5632499804007,9.2738781529171,9.37399094913918
8.39984182804208,9.5319118418382,9.72052154729085
8.10284884312899,9.78163999426126,9.87053122638184
7.85322509133549,9.87233827332568,9.86843676713925
9.20319824748531,9.9079476277581,9.87022378353749
8.01881174035589,9.92421795344907,9.87757422053489
11.9906890183319,9.93425646886131,9.88947094704457
11.2122532144622,9.94440260629947,9.90945457435724
10.0078962978659,9.96483595989171,9.93996794143393
7.99610039143842,10.00802494875,9.98070072996387
9.45857562766217,10.0752751378406,10.0385040674407
11.3959806417213,10.103165275937,10.0914714358389
11.1384059632398,10.1357687792133,10.1478277642219
9.06683526360842,10.1923368970585,10.2024767008054
8.20928999444194,10.2449228213912,10.242077291316
7.75901705726894,9.9168770494828,10.0962687941574
8.51351034588956,9.81183570159426,10.0886334963695
10.3403402057705,9.73857379755338,10.0945485105277
10.6544922344925,9.86327121952807,10.1656035102168
10.7598373789438,9.99615552466566,10.2370408867931
11.1607283526164,10.1001322049898,10.3021224344309
10.07410904497,10.1816659561654,10.3602182401183
10.5771673505459,10.2245131081485,10.4045816363743
11.3986526819283,10.198929509406,10.4453206707109
12.0207435043147,10.221528639926,10.4791716065915
11.6163986064355,10.3125495740934,10.504455189216
9.8608136568389,10.4324128867963,10.5308179465917
10.5999171194748,10.3662016632226,10.6014451676609
11.1157317575619,10.331136058528,10.6460782814371
10.3210258672315,10.322034400059,10.6769099072076
10.054105551555,10.339930195734,10.5931803156974
10.6422437324163,10.3335424893796,10.7632999575317
10.1462645271172,10.3209842002243,10.8128355803039
10.2836560147111,10.4785753072771,10.8828444741677
9.20151298137403,10.7273299455565,10.9301640740228
10.959472678497,10.6032004511474,10.6106991631736
10.0102110131194,10.2841465204435,10.5030338343139
11.1283051577655,10.0118326708848,10.367673722395
11.9329226840004,9.8321061744852,10.2262343420135
10.9334938974979,9.68942793978191,10.0952898260471
9.11762368468676,9.5912382892708,9.9787528220366
8.70591376224446,9.64753076043171,9.9262973903375
8.82613077707012,9.7964760615931,9.91839470908687
9.40688124720935,9.88348701347864,9.90515752190346
10.2102272127367,9.91582261473705,9.9004816575727
10.4445891890254,9.93133971202971,9.90117130424539
12.0848484347143,9.93941617143676,9.90591421300672
11.3879813428007,9.94241581101631,9.91394957421617
9.53825093935199,9.94886483577798,9.93200701378026
9.17594050976889,9.96445018788781,9.96387559042268
8.33441082329135,9.98453617957298,10.0090254368009
9.49330865437411,10.0187807211212,10.0658857098031
9.14398768540179,10.0716566770688,10.1294972003796
9.49879062365514,10.1746847319649,10.2014332295966
9.35669594136206,10.2826058485764,10.2577265231402
8.62538224344033,9.90340393740323,10.1190818499389
8.59832262835111,9.70297191304109,10.0809645680982
9.60793251437587,9.34168293195021,9.42530285656912
11.5226760668362,9.75296725844449,10.1611166919607
10.6121568920491,9.97431755301252,10.2667714972977
10.2215733795408,10.1201476176329,10.3389070628415
9.96979972378028,10.3230768223011,10.4097579511342
10.8081679374559,10.5023471212167,10.4705939138489
10.2372590563913,10.37541932562,10.4869682185392
11.0175419056933,10.2462629249321,10.5310325547007
11.3153414063031,10.2541460665822,10.5650218431245
10.9233912684037,10.3173957555151,10.5976873388331
11.7610238639895,10.2480864738215,10.6436096545759
11.746602384258,10.2365693297445,10.6832048987661
11.0895152433714,10.2940685944744,10.7238829817861
10.0845592412073,10.4056473322904,10.7635388309558
11.1526492720979,10.5118212182233,10.8025269637823
11.3704026832113,9.99003725204222,10.0220739916238
9.96645186861401,10.2391897109456,10.8399840902916
8.65103742133278,10.4520983511508,10.9087793374851
11.4763932661549,10.6599958050675,10.7194895132794
9.49499384809274,10.2990012073772,10.5634658328095
10.0453421073799,10.1102430963142,10.4556168675559
11.3297538057052,9.97172783107768,10.3319688081625
11.0820111932007,9.86738028335977,10.2083212746383
9.44709762485521,9.80678275219394,10.1011429022432
9.61455730578615,9.8100000149397,10.0254065407039
9.38144503266504,9.86391385785203,9.97765125114527
9.43595552172396,9.9084570917482,9.948686848839
8.92616635940188,9.93440820379749,9.93217858623354
10.0213340310691,9.95298529013205,9.92239033389442
11.0157272880418,9.95429145976083,9.91696615195676
11.3158158844016,9.94660170982456,9.91354503458573
10.0878803081628,9.932759746572,9.9160001358729
9.42628110878538,9.92062346539066,9.93122880353575
7.95039588455602,9.92540090620855,9.96653442370462
7.39070458852656,9.95392946393603,10.0191183262697
8.5489469232257,10.0251190343835,10.0876707837536
9.81391986592763,10.2052805376452,10.181797032383
10.5868533380843,10.5098332320553,10.4924772608537
10.3539732806406,9.93384451642713,10.1543630574537
9.44508152678559,9.80299566972492,10.1410771027054
10.7320689104498,9.73348273468048,10.1390686534849
10.5394472231802,9.84652051400743,10.2242630918284
11.0454497006814,10.0035634549596,10.3080239671746
8.77918254452792,10.152511231234,10.380243710487
8.83857879430563,10.4163600230303,10.4614748341769
11.1339907812998,10.9672455385792,10.951952491205
11.3276015350731,10.5484787369819,10.5830224716538
10.599683011027,10.2747633285988,10.5599904417885
11.3386763057682,10.2086110955277,10.6120855081354
10.7542307876659,10.1919748884007,10.649983312516
12.0171128585847,10.1816924704123,10.6842388022877
11.6877310344126,10.193627971586,10.7160161917978
10.1343646995496,10.3168454212353,10.7513504029178
10.3641233584269,10.6850133582405,10.8175059186019
10.2514764267609,11.3444006527823,11.373242123445
10.2950824547504,10.8081320239514,10.8946808869397
9.10277852757456,10.361468274241,10.8769051268515
9.81648090772079,10.3082923967345,10.9083345158467
10.5485379296044,10.3718201484756,10.6614876788907
9.49530205982872,10.3734445485399,10.6286957942742
9.1191812940198,10.260697734501,10.544870241279
10.4629737981873,10.1230613820557,10.4290410713318
9.89893237883947,9.99291392402992,10.3022312328648
8.92925890799092,9.91883795859369,10.1874155986422
10.1127497986321,9.89296589659814,10.0944243662792
9.68950774631061,9.90666671486589,10.0336007120878
9.80609373273897,9.92748690689435,9.9875054193662
10.180310471283,9.96363627667339,9.96351375447798
9.28112632663867,9.99384724201524,9.94534910021765
10.7732201823144,10.0003903469506,9.92749673399137
11.2313851136061,9.96269150562032,9.90457424505771
10.7835198778634,9.8999681493023,9.88682148553318
9.87332769793592,9.84976380939633,9.88365484420205
8.57902483412115,9.81103409246831,9.89910448265088
8.90916375146634,9.84736683290026,9.94753169034419
9.87574150168464,9.95820508869074,10.0224506350453
10.9331735755299,10.136632833509,10.1144162878302
8.89555428441748,10.3897513737209,10.3348048381451
11.5343017094699,10.0357314811378,10.2035708207316
9.76841259717862,10.0305994636657,10.221152656064
9.98044433013743,10.0204679966883,10.2522601878474
11.2028842325224,10.0133657993972,10.296574985317
10.7693606974241,10.0637436398735,10.3561023904758
9.33242827109076,10.147951979492,10.4208141077892
9.36763654666554,10.3075676058967,10.4884524455758
9.72812588335773,10.4445393688369,10.5587721795032
10.0713661134513,10.4054116027588,10.5762751594129
9.26768047530072,10.2322661552752,10.5039373159496
9.98634727795333,10.1780031654358,10.6591499898296
11.5429409988057,10.1772434568416,10.6966131790561
11.2904015376319,10.1801017427413,10.7234966391892
10.4789619301348,10.2017664730667,10.7452858812148
10.6768766994868,10.284999981551,10.7620158184699
10.9713588153717,10.5766086948183,10.7937472500483
12.2384798106337,11.120544799728,10.9309265668414
12.5138358892135,10.7989380790386,10.9674603202984
11.7501730501822,10.3894941080003,10.8888183223378
9.27538280063593,10.3159929296756,10.9203797317339
11.4156336507472,10.4452737657987,10.7008413524989
10.0333090695366,10.6523900008837,10.7081478178538
10.4579406826769,10.6384863670169,10.6546517148922
9.38478739982678,10.3513830325783,10.5192667708512
8.22701022857664,10.1069709150403,10.3776009598736
10.5935883248878,9.98025731376184,10.2506677004294
9.15657650831122,9.91407558717781,10.135896793791
7.89331056967109,9.91523451950517,10.0688872972726
10.0784752525448,9.93866396342524,10.0225033976064
9.60679069353358,9.99321976297175,9.99073606491435
9.24675728258813,10.0921513920065,9.98911975903435
10.9049739801963,10.1188746238774,10.0055730584355
11.7086604242069,9.98896123595507,9.8972095793497
9.71901065557976,9.84655289245403,9.85026694322932
9.90159130037695,9.71168013607198,9.82027638263945
11.0512178188984,9.6035147745676,9.82152060360263
11.3097649054476,9.60876117233895,9.85731286683366
10.3968349292198,9.79771357990694,9.93326596240108
10.1447984830997,9.98010483286951,10.0178396200419
10.7801650480058,10.139378204119,10.097653548999
11.5627414990488,10.1253697299731,10.2488414637123
10.40172809741,10.2580703407962,10.2887043398446
8.5289486648643,10.2566539905098,10.3249801166926
10.0375638507552,10.1756433815879,10.3558719998055
10.0907183278651,10.1301072285601,10.4014974409199
9.62261369594668,10.1487399346773,10.4582838144831
10.2698139070841,10.2138620001556,10.5173719612905
9.55051785834123,10.2443761055791,10.5731615616357
11.0211125001548,10.2422193797024,10.6107035842105
8.87090927622592,10.2127495563387,10.6629353157043
8.97804166589121,10.2341535908685,10.7079187118193
10.6891069885505,10.2792486541602,10.7448079439454
10.8628675070767,10.2845770023813,10.7658570416667
10.6482929271754,10.2428651187673,10.7719220972467
9.60127855898447,10.2370126099202,10.7653932354083
9.33627442355769,10.3120331484371,10.6294079086076
10.9246875927568,10.4591225258629,10.5975491127469
12.170234500749,10.3946623085204,10.8245847870082
12.1136197343808,10.2648154180451,10.8651824010131
10.5417885242799,10.2924615097996,10.9097119636582
10.4117261183969,10.5971278283477,10.7252351388596
9.91191196127328,11.397683094808,11.2813910154706
11.4635245473492,11.4290001833342,11.1792968215296
9.30005875484899,10.6660924834629,10.6099765988645
9.48854944981682,10.2141981207206,10.4337945394053
9.87460315697436,10.0193514229364,10.2883155035238
10.3005657686019,9.90531028104178,10.0043671256345
9.25198266961858,9.90706058432623,10.0257113390784
9.12838753572579,9.93801858999908,10.0474749451327
9.61173025800862,9.99544251618405,10.0106174941393
9.55349448006426,10.0968146704484,10.0181450938603
10.5464358072327,10.2054670704022,10.1299223837551
9.873105765102,9.96639644789961,9.88410023358925
9.06584393708328,9.77520509223378,9.81883447544694
9.48050713797,9.4854832451451,9.76071562411644
10.197708561749,9.08667171120666,9.6656982229973
9.95475131829393,9.16589509211878,9.70791882868216
9.43475431913433,9.60437304041644,9.84646933788657
8.57410284053338,9.85277893950772,9.93246576582126
10.2195687317282,9.98993103559909,10.0036294917812
11.1846364407643,10.1959091111883,10.2887940067777
10.3852226219617,10.4863466019215,10.4616984535055
9.80858845585463,10.4447198321938,10.4181006921822
10.086923012993,10.2828515974391,10.396079412258
10.3901254198628,10.1935202722109,10.4344486079955
10.8093038262592,10.1708678053059,10.4839306148816
10.2978032172717,10.2044306364862,10.5407984244082
10.8706539483471,10.24045626189,10.5999023368406
10.7066430621529,10.2617221976329,10.654932954476
9.27692294266427,10.2804918364315,10.7063262313012
10.0832382127686,10.3730717609616,10.75364834227
10.7890835240375,10.5660232727077,10.8089668518468
11.0037421422965,10.6043118617913,10.8358830672483
9.88385916320632,10.3611028648962,10.7959153150798
10.3085607246178,10.2268497247188,10.7743222796848
10.2003753854662,10.1763257464141,10.7327599244501
8.70163544437924,10.1910971733194,10.7097487435839
9.68380105714056,10.1878573755782,10.7892061958051
10.8495970190242,10.172362036171,10.8274006660643
11.0197040543912,10.2331050203846,10.8728082826521
10.7323402860997,10.5315421423738,10.6926567650218
10.042246764788,11.2489380935038,11.2231115788577
11.8585281320761,11.5310152250235,11.4003953390355
11.9855156155552,10.6372954810957,10.5946954104296
12.2484763805126,10.2619982987036,10.4443024411483
10.9249667961361,10.0716235941721,10.3093532080151
8.89218642510706,9.96482507966901,10.1518548191805
9.53946658181302,9.93085920418865,10.113968925861
10.2376395613015,9.93427987321204,10.0668672262559
10.0911190212521,9.96209901961329,10.0230817668185
8.33465714459798,10.0092114814643,9.98680775916474
8.18326057831105,10.0123034722818,9.94042029942986
9.04029279613352,9.90383757156248,9.87199402002431
10.254092142656,9.70792328608197,9.80224860144385
10.2351136503016,9.3350886986335,9.70874834019369
8.95603422239944,8.35796382006825,8.5647479245965
8.56147346020184,8.73093035955072,9.14322499470177
9.47621773289362,9.52277867751246,9.78566794507206
10.2066050451832,9.79100866211991,9.86596654032112
11.4162866766187,9.91057618906913,9.92918002311398
12.0230025934517,10.1739760362383,10.309794963706
11.8923810312132,10.2972962261317,10.3451424283777
10.0741406043628,10.3862258811948,10.3886839844675
10.1893041082037,10.3563278234524,10.4248410471569
9.95899504795062,10.2875516129493,10.4569445310885
11.6813345541682,10.2289086057365,10.4949562972677
9.76010842872284,10.2700362891821,10.549311822996
9.13657481519585,10.4232578330509,10.6285960430792
10.9251687675508,10.4691986001729,10.6904292699149
8.94455312183267,10.4166080975577,10.7300173901501
10.6449041474795,10.5481200372099,10.7837624008576
9.40385910148229,10.8963771222107,10.9091130779279
10.4320053720594,11.1584682727251,11.240985290466
10.8195393391725,10.5344277393487,10.8213501852541
11.2229575598793,10.2682956389599,10.7777142693482
10.4337062894886,10.1567485466078,10.748885337026
11.2977655169792,10.1139464590283,10.7414275624021
11.240477158962,10.1006863987479,10.7523105251685
11.1981196889726,10.0853228423268,10.7728700183544
11.4147516463784,10.0793224736612,10.7978117789482
10.9144759958619,10.1868857473688,10.5735128194668
10.7124606329521,10.4832098312753,10.6178991133613
10.6845391379204,10.6592498749642,10.6188773355343
10.6568104280493,10.5170014693822,10.5394050014231
11.8202833529659,10.2867604044675,10.4214548818925
11.8447824757739,10.1686593812686,10.3157947141143
9.438356085143,10.0420588236106,10.2142669865174
10.4198365391799,9.96062264840292,10.1376284853462
9.41570149863497,9.91529909615897,10.080771832598
10.6268623382729,9.90996619835384,10.0351005829534
9.95824818905777,9.91840361482863,9.99123133951043
8.19013915509386,9.9025396549091,9.93930986439366
8.80671088337841,9.84103623336519,9.87876655822565
10.0599766135292,9.71222274306434,9.81276992330154
9.88355858418192,9.50948759611866,9.74615593562781
8.37887753627758,9.28562214643331,9.68162494587484
9.04473194207956,9.40106879480338,9.70212516664923
11.45451679888,9.67956226315269,9.77514366211223
11.5592611189064,9.81633443096984,9.82963365228049
11.4824964471876,9.88615312495963,9.87771922015587
10.5621517495714,10.1253338541728,10.1808267221184
10.6869552862113,10.1882130181244,10.2055802938618
9.38167087467486,10.2704620092372,10.2372199076296
10.6735273231882,10.4437705553468,10.4208769783205
10.7941791392684,10.3858656937061,10.387084429615
10.1541414137936,10.2475582285061,10.3375907414701
8.26936200822817,10.311477634046,10.3953457459653
11.1839643175167,10.6185829913168,10.628156133773
10.2041365033007,10.807376606419,10.8172242358752
11.8618107317792,10.5299927990667,10.5909284942159
11.2507114424777,10.6503918089998,10.6492456464186
10.2663938215121,10.9541592576386,10.7177396196048
10.2364625616251,11.0012786239505,10.742959996159
10.7627456852885,10.5736869931448,10.6715423469689
11.0372206678789,10.2913995233805,10.6264387273138
11.5696992015411,10.170417041326,10.5931273620882
11.125868415044,10.1086223499241,10.5736645758528
11.9730571600571,10.0782058427628,10.5686210776985
11.9401893732806,10.0384617673841,10.5743558411986
11.288696437892,9.95980985093713,10.5724161792751
9.64932012901661,9.80486456320884,10.013670488237
9.79899870292631,10.1380534377493,10.4233484177975
10.7121277909664,10.5163965861581,10.4790158488077
10.7463867120587,10.5990596523653,10.4349516909253
11.7881631771223,10.3997118250032,10.3438436198346
10.7619085488005,10.3895099923601,10.4145951646757
10.9466716156795,10.1244159139196,10.1789741026155
9.51870745348676,9.94626337134801,10.1045538088819
10.0329643861036,9.88126273212372,10.0587395063133
10.9842385901395,9.86396767666746,10.0206091262927
10.5411117133047,9.85657997714925,9.97654928160401
8.93719985969849,9.84220891899047,9.9308332305341
8.81701573769074,9.79506212659933,9.87443943958509
10.5443747844695,9.69196111344916,9.81030842030939
9.8866567267624,9.55295168993686,9.7382569886044
7.22741824353143,9.72714747916828,9.74838694886409
10.8054442641441,10.0414602733498,9.97519722447425
11.6539992603453,9.93766685113272,9.76972055954356
11.4397125010673,9.87627749527796,9.77922078405322
11.0984553332628,9.87277670834029,9.80575706265556
9.45680132888979,10.0957067552458,10.1819637848326
8.80951535462329,10.1292633160408,10.1928338905668
10.0792555065947,10.1688114863234,10.2067938256024
11.2626751985644,10.220785417904,10.2300972947093
9.98678031341772,10.2306634034273,10.2588471308709
9.53128436482103,10.2100066834167,10.2901788953529
10.5625339737081,10.2651174699996,10.3408779090778
11.5080327900725,10.4228098492817,10.4158210045497
11.1637731089214,10.5260721543387,10.4887706050968
11.763422848717,10.5412828063047,10.5430715015548
12.2636216899995,10.7359995490802,10.6206888856058
10.5774061149547,11.2051108870601,11.0326711329081
10.3899854502186,11.0545072155838,10.7685517960281
11.202869474673,10.6331506602153,10.6492593504081
11.3657989132864,10.3066546667039,10.5871828697427
9.89662240102433,10.1739327367591,10.551767615552
8.88116359000588,10.1115670745105,10.5259765339692
10.1180919583502,10.0760623637533,10.5142798834631
10.5244032361445,10.0340812880879,10.5093727675505
11.0590743099069,9.96282857239517,10.5030541162317
9.62225082753393,9.92772761756167,10.3219619469849
9.04246159406811,10.2742578112058,10.3619018149068
10.7852251075354,11.0245942464223,10.5121654673766
12.0302438334686,11.1172466920351,10.4710783213413
10.0372520534511,10.4994101566939,10.2755262790582
11.1181834743971,10.2056775153751,10.2331876337832
10.8292219856951,10.0143492852752,10.1389641331926
10.0947231926637,9.89616821380556,10.0977037361552
10.2529634249477,9.8536379224024,10.074426111224
10.6733985206237,9.83652292081773,10.0469009211213
10.3536735961254,9.84115144708944,9.98599943486588
9.57283921739973,9.8255046365679,9.95718304829436
9.67388999039188,9.77300507582544,9.92056284413716
10.7773221623312,9.64482979749704,9.85447370809624
10.0865371851145,9.40410284868678,9.52104732783515
8.7809249129025,9.66149003115735,9.66167964966918
9.79414809020585,10.0931833235922,9.96357078318494
10.8129203715835,9.9740030600991,9.76955458738169
11.1812577390166,9.88554765878762,9.76268194037182
10.4362592340963,9.87004524394709,9.77333040158951
9.54009049219262,10.077723012615,10.1791502977059
8.89428394519566,10.0827616693955,10.1746855899843
9.00572916199267,10.0785263177604,10.1719552102814
10.4564938225132,10.0770256166048,10.1721175871331
10.1156904184588,10.08804070487,10.1860541537614
8.7033244000932,10.1155494440957,10.2169267519536
8.75334721824703,10.1928900090385,10.2629700256343
9.54944728241034,10.3149875067656,10.3246961238307
11.5237999232583,10.4475963688661,10.428236945228
8.6177532182885,10.4599773854263,10.481856498029
9.76158980260948,10.5916311488244,10.5225026239399
11.7711146400768,11.1271944086939,10.9731434231937
12.597685814262,11.066998546616,10.8908092508022
10.9942737916204,10.5338684352773,10.5633238473297
10.7780249955355,10.2683071156777,10.5174051100759
10.155932941461,10.16712239928,10.4893260424473
11.6016846348536,10.1168480823837,10.4686960638722
10.1726547828144,10.0855953510845,10.4557694443767
9.47073225011677,10.0528445241346,10.4497832987357
9.95542306071127,10.0221417696429,10.447289679739
10.2566391938809,10.051719556978,10.3008668761258
10.3245622062786,10.3628668762459,10.3192054893371
11.5038888664702,11.1373013297787,10.6324960656758
11.5210449053791,11.1972551619932,10.8813495516298
9.0840466684544,10.0652375634205,10.0358020003281
10.4844271329918,9.69913007730612,10.0511053597277
10.7894188054697,9.71754069455677,10.0717958502429
10.1956915243296,9.77336615237194,10.086007336821
10.2293832068252,9.8079883152652,10.094564115881
9.82966406299721,9.83482531275297,10.095628890704
9.39553262134335,9.84713850109052,10.0683575019502
9.22264872310748,9.83785625887636,10.0304576703006
9.75438452696054,9.79887641753261,9.99538222037389
11.3714107829998,9.69828710927783,9.93193663369057
10.203419089834,9.55090998933635,9.83314351351942
8.92622129624285,9.61340457061979,9.7752479464293
9.6501882835046,9.83704496006181,9.78682950543121
10.5325761889659,9.86555314927277,9.75846018189528
9.22621137973759,9.84355919792752,9.74053587126868
10.2068311759512,9.84812592186511,9.74004756054585
11.65039995313,10.0833577625749,10.178855117655
11.5246210692347,10.0376961680272,10.1575852086553
9.8260699547295,9.94751358354987,10.124551248662
9.505547573324,9.91241440681225,10.1114307582839
9.25499672221014,9.93047494650614,10.1095252757828
10.1065330175914,9.9930524281388,10.1243805634292
9.12345883706831,10.1149163142558,10.1700004577681
9.76809354392995,10.2648565333484,10.2648364417975
9.36661158033901,10.2708207158596,10.2793799765088
10.1950485382776,10.2447176097366,10.3279716803265
9.69362399905446,10.1551408897902,10.3427757343043
10.812509497421,10.2317840873212,10.2193704698551
11.2729932360073,10.4007713088339,10.4522119955151
12.3374879769822,10.306692305003,10.445498922598
11.4979133242428,10.2035513275368,10.4294081598969
11.5087533781683,10.142444362802,10.412328283397
11.1294298356803,10.1118048098249,10.4009297520284
11.0063629095212,10.0927076311956,10.3941295880668
9.7648017692548,10.0681502753022,10.3909770714174
10.1622177147814,10.0452490841821,10.3895092661407
9.34201759926812,10.0459253848137,10.2395915119535
9.9099940581399,10.1881808259029,10.2318936627951
11.49471334945,10.4041995262351,10.2319039155226
9.91833379132834,10.0281334665993,10.0993065378739
9.40561762312626,9.1854724605538,9.38699878384454
9.9683747973274,9.05020563962712,9.5732531864166
10.1919075743357,9.49628313986801,10.0319102434583
10.6496742935049,9.68804209864087,10.0995139331387
10.4102216328293,9.80102795768002,10.147802320039
11.6231378047776,9.85764215118192,10.1707526113544
9.68725134873649,9.88901920721506,10.1636223188174
9.99321666304827,9.90499939861409,10.1398890948554
10.4299572715466,9.90301076153854,10.094174598478
10.2612427376768,9.86798008322036,10.0273729254354
10.6010220596817,9.7768387082001,9.94626889737721
9.17586955252252,9.74040700752673,9.86852342407459
9.3388446208863,9.74599047712801,9.80006166757925
9.06555468121667,9.75621015346301,9.74933241181501
8.85072858023501,9.74919348919153,9.71427066345786
9.94259940954337,9.77571714245168,9.70490023426882
10.924952811006,10.1310523296853,10.1878059278672
10.2264371704821,10.0106496847488,10.1475653762909
9.28811485645321,9.79649483020579,10.0746021379424
9.8856170080096,9.65835124449046,10.0196818093311
10.552478262284,9.67238412352188,10.0205406944464
10.9161378273995,9.72383630568719,10.011262894746
10.3875169577753,9.9665914028843,10.0663849423319
10.2784734929798,10.1815879160625,10.1787394133917
8.67639804210706,10.16203009361,10.1625079808838
11.004855539492,10.0975171798963,10.197954458266
11.5745170904642,9.94480936150075,10.1604916883572
9.65130914374232,9.88982826398811,10.0450800855344
10.4159535290491,10.0711649615147,10.2935866119975
9.87898757738892,10.1448615985126,10.3230502435733
10.7723808513787,10.1350759704769,10.3291839841145
10.2696595050544,10.1186557391007,10.3304378494815
10.5029040923586,10.1034251732614,10.3301595378155
10.5303361557234,10.0896098444692,10.331853415331
10.9532953681893,10.0650560132963,10.3339994677838
10.5517633337825,10.0309300610989,10.3355400574793
8.77781080059308,9.98941905539223,10.1872647237235
8.29111150846838,9.98215032566904,10.1701980647499
8.54694535602458,9.91577414269189,10.1282267721873
9.34013205878015,9.6226419544364,10.0461709122294
8.52001567391597,8.82715253877086,9.11416199735147
8.82682865159724,8.74498365697294,9.14729613917691
10.4388961857361,9.44359661237464,10.0632915336945
9.9831618234177,9.73297234166964,10.1678040785688
10.8446976037042,9.889789533734,10.2362745009768
9.87256530217977,9.97117686691642,10.2757590313275
9.10596978549185,9.99785128842728,10.2792099770207
9.1337886840661,10.0153138488687,10.251454489216
8.50283213679835,10.0691593718659,10.2079382675943
10.2533250052458,10.1432059811142,10.1510989344362
10.6416495532766,9.98417855246639,10.0372241652919
10.4028296902049,9.79653145156986,9.91623468235559
9.83479790055553,9.66075081368125,9.81164368184399
8.29516281502556,9.57958016711195,9.73011971946078
10.1617962469734,9.56031222326777,9.67925120800541
11.784547071278,9.65438307551349,9.66813300550022
11.1146708161964,10.2867256021421,10.237012237795
8.94171503792504,10.1152561480102,10.1555439282176
7.23686581723834,9.8034768284135,9.92662374315008
9.68178143684265,9.48315776726663,9.69053125112597
10.1762259571964,9.41871051363798,9.89806702484294
9.22115658880811,9.27905292134378,9.8275085688102
9.59385444841391,9.72147589028916,9.95339531245463
11.3002105354003,10.0007045044767,10.0049298140963
8.66435767610643,10.0756779831052,10.0466792590831
10.3381757181919,10.0506595996305,10.0822785306491
9.67717790553126,10.0146593041543,10.1144005575842
10.4400139197909,10.0035269067576,10.1469844659551
11.0232252703369,10.0405558004365,10.1811405758834
8.34382693721539,10.0890324687494,10.209390885861
9.31631498276781,10.099787288054,10.2294034874962
10.4528614345056,10.0963978596669,10.2447288009591
11.173297897892,10.0895574616662,10.2574828209006
10.9002029322187,10.0793665659528,10.2699181936422
11.1131282790841,10.0560628357486,10.2831073438882
9.9872351757165,10.008038988145,10.2921180406306
11.2205452348667,9.93310694974411,10.1472042584223
9.94830447814355,9.87436282487998,10.1363871360426
10.377239722956,9.79586544499693,10.1133991492345
9.63963276777685,9.631483565896,10.0749335262305
9.4125180204381,9.342437784451,9.99498000422641
8.64975031454707,9.36283921352407,10.0425010269479
9.35884266576434,9.64184071281565,10.167708835618
8.45009238585252,9.89119017093531,10.2736822175454
11.26369720661,10.1486018585048,10.3610147016429
10.4883746365339,10.2250608093351,10.3971579262458
10.3058973900579,10.2536330742121,10.4063784100172
10.2397011966198,10.1742111333289,10.3680750693415
8.5464441342368,10.2832491144414,10.3438116713579
10.2284746135457,10.6921831296336,10.6980849415699
9.99997441341223,10.196821078399,10.1994806050308
9.80135549463972,9.83320622557163,9.96652681240199
11.3975672517956,9.51879803312497,9.82500274704482
9.773654219754,9.19810384711721,9.697206480084
10.869754042978,9.0876088571874,9.59393232013627
10.1118838719827,9.37623743910236,9.62951892097843
10.8228890683229,10.4318977571773,10.2975545788341
10.7953608888099,10.3596212722792,10.2006939881233
8.86521453318495,10.4762035736491,10.3729754734746
9.09419566310472,10.1531017509025,10.135824876743
8.96109668503807,9.35900633530812,9.41811353319545
7.94670034801834,9.11033937706877,9.31010176742742
8.44771340393673,9.6634202168824,9.87334429146001
8.63786653798757,9.93480004014362,9.9168598268039
9.26245238352019,10.02765015645,9.94633553979174
11.0607740270967,10.0489233683697,9.97780109528925
10.6091970969252,10.0429529290093,10.0093908185906
10.3539879928447,10.0487537731743,10.0414738238155
9.66184634479347,10.0630072183164,10.0748423364978
8.71830634750315,10.0762552595396,10.1067565863391
9.6732746580292,10.083305977077,10.1353776938912
10.5069330362123,10.0804996361058,10.1615685260466
9.72421391602163,10.0762045214994,10.185771123887
10.4267444393973,10.0683314585616,10.2125268902052
9.47695295617342,10.0452603409941,10.2376597373246
8.3987769442833,9.99261819114533,10.2584044220875
10.0472987750943,9.9117838923721,10.1240485409864
10.3139260305999,9.84202724770824,10.1308611612333
11.7630453057969,9.78432693473479,10.1322759936645
10.8353706208262,9.72624403751548,10.1356535025815
9.32772454382892,9.66877119728166,10.1517356600742
9.91597268118424,9.72592237435605,10.212598815551
8.65626585008678,9.89874465231013,10.3069659740302
7.9263459078988,10.1647525196495,10.4094873712693
9.87760359020896,10.5556734106595,10.5133186263951
9.62256874628014,10.9020932742683,10.6002706519261
10.323422977267,10.7117177149506,10.574930731813
10.7062295176174,10.2435438234195,10.4653074634195
9.67145423107907,10.2310611510014,10.3986328355334
9.78486250450807,10.4192132286009,10.4607049208262
9.8909286333806,10.1822731818381,10.1931578371789
10.595491327073,9.82350580607853,10.0130442860727
9.20991681201617,9.35006070114262,9.84354511513114
9.74078577529064,8.52165847864798,9.52390629384348
8.85774186761913,8.18669192084037,8.94077813129016
9.86965529844357,9.11998589658524,9.58949659894168
10.9777628836948,10.3742883478923,10.2486034815708
11.8387128385045,10.4965362873472,10.2218970967548
11.7540152759826,10.8949235056976,10.5008761205276
11.1431935579268,10.8146349313414,10.6205960003828
11.1683704173196,9.98862708572193,9.96043992999003
10.2241126027472,9.66090890221926,9.84107272467517
10.5799348393866,9.84169823063757,9.85217173634179
9.37155094557389,9.95990896973088,9.85075873138431
8.9845125465932,10.0131107338996,9.86260964071305
9.13103959583583,10.0424359599457,9.88220673508985
10.3853680608577,10.0528091418978,9.90898372580743
11.0874931406724,10.0620447249615,9.94049496173924
9.57542092268271,10.068125830127,9.97448769740301
10.4435759600921,10.0712150033253,10.0102817930243
9.77267270880583,10.0705180053767,10.0455220846151
10.420828651826,10.066539731697,10.081577778549
8.57863552106193,10.0625856290998,10.1188762977149
9.86902574564279,10.0598932504188,10.1589143484479
8.41979904226927,10.0513037856842,10.1993528208566
7.30834233118787,10.0071063083526,10.2339229134369
7.96373629312438,9.9271982710394,10.1157950655357
9.49773285170336,9.85754520730261,10.141164524893
12.6248384913898,9.81583415011107,10.1652126751166
10.5172616572885,9.79890592001041,10.1962585792303
9.58458646893076,9.83561051665316,10.2519941988688
9.48960689662764,9.94934119202836,10.3341710716233
11.1636222591167,10.1551539819628,10.4384131486492
9.52434764268309,10.4410260217483,10.5410847042058
9.17090208855449,10.943379055428,10.6708560994514
12.5174288049984,12.1668345743204,12.0453399785659
10.2110453778289,10.5651797781994,10.4577003877311
9.29116799164162,10.1511389468274,10.5198181218765
9.00629486997453,10.104451820672,10.4456924761315
9.5237585118108,10.1604208227236,10.3461038023706
10.6837077497945,10.1840553323943,10.2314946559697
8.84525289242521,9.89192384491917,10.0670697333713
9.88306643951632,9.4397932186334,9.89851950038119
8.7191214948974,8.63878041309421,9.5816270971879
8.80988123385891,8.40113701204216,9.18003861954715
10.42094199715,9.21368508129739,9.6468076978753
12.4569298052334,10.2437851376679,10.2169212244185
11.7907144198682,10.3478143422678,10.1901309536035
10.8570928754493,10.5045888429052,10.1592732668674
10.5553178042581,10.4554054188012,10.0907532001594
10.851844659648,10.1565861728267,9.96633643379189
10.9969466946952,9.97680654249804,9.87734125597875
11.6844545121541,9.95793440183895,9.8226463452799
10.7604126077483,9.96977782062952,9.78929660544325
9.6485691047688,10.0032666237213,9.78352902505354
9.58571136939609,10.0282875160742,9.7927787900838
10.1928697684113,10.0453629243742,9.81397488147796
9.31612551304482,10.05623562122,9.84472338556871
10.1775050344766,10.062759821873,9.88059794991162
11.1371740558712,10.0624989125486,9.9196950719077
10.4279595791357,10.0548901871417,9.95993639205394
10.3456282009522,10.0362128103212,10.0034079645857
10.6760521088068,10.0291631643984,10.0518462413694
9.44419679009169,10.0446350543865,10.1074906929679
8.21799798989572,10.07147107974,10.1650504599753
8.87984306524391,10.0612732417813,10.2179586408069
9.1483710054508,9.99299175109513,10.1154245302305
9.78989956175921,9.90807943778731,10.1540060522108
11.3122097725538,9.86043197780208,10.1918312393214
10.7856127332314,9.86903744856008,10.2484676929856
8.94339390846367,9.96887770845579,10.3282733326231
8.99041875975584,10.1946802311787,10.430994928123
9.86118411467386,10.5933332893807,10.5734308202451
10.360218526191,10.7669891004642,10.6522699550538
9.61820604939501,10.8927277016356,10.7180244576066
11.1265208584023,10.895392736885,10.8587523409409
10.8349548492112,10.2948458850493,10.5487144469492
10.4737998892069,10.0696125884645,10.5563039183397
10.5102869977156,10.0631505395754,10.478213022984
9.93241459825582,10.1622260959334,10.3834430554137
10.3233016861781,10.4357306586289,10.4654235348503
9.82912131306233,10.0900929060395,10.1569298532012
9.38841599751932,9.75108721306001,9.98289163394509
8.58739097446039,9.48545242419962,9.85385181656647
10.7395345970185,9.46033084094613,9.7790415432141
10.3787482370574,9.54643018587298,9.73142117046267
9.79263663096074,10.1568870660858,10.1958774146679
11.0814286251867,10.2255110457859,10.1636238609072
9.81653555617263,10.2586673436366,10.1107705571983
9.75026663402372,10.2545415984136,10.0383893967375
8.9540008429761,10.1466137617725,9.9462282621374
9.51894702217741,10.0261756452557,9.85609755998258
9.87757582666973,9.94641730132479,9.78112467135004
10.0750919327756,9.93027618068619,9.73066777579006
9.75661915966533,9.9565186821139,9.70656023847469
10.1177270469331,9.98204274866451,9.70315094185425
8.51443864052239,10.013951131712,9.72146456591908
7.42202334901546,10.0395873663561,9.75312896935338
7.83433225626569,10.0509935143936,9.79305917621283
10.6051850514457,10.0484144099454,9.83491878578007
10.817815667353,10.0213123776935,9.87990675346711
9.17002733760382,9.97619566229717,9.92853502895624
9.88451507032254,9.94116054618746,9.98468929811841
8.9621048598885,9.98044752697733,10.052694857327
8.44295150216912,10.0967464657171,10.1324555009774
8.74243737229257,10.1859590052671,10.2117240761221
9.85331823797603,10.1424181424389,10.1272255334271
10.7761126198459,10.0140219071129,10.1608360797462
10.9383663049135,9.9284868823707,10.1958592694995
9.00840132490542,9.92338047999136,10.2669473697268
11.110714253593,10.0437056675496,10.3590440244089
10.8440428656931,10.3932046905826,10.4799339796518
10.5220952478699,11.2097467010847,10.9079860509221
10.8858007872303,11.5312271150866,11.2151537471154
11.3135835898242,10.9433642525763,10.7654845036418
11.5059324120631,10.5416070331753,10.7173895264929
10.2857201325545,10.2111922965236,10.6391458722682
9.47674550033781,10.1143922002626,10.5714845520389
9.23533662373394,10.0996426050872,10.4941319270792
10.4704805140796,10.1942941813126,10.4078672769548
8.34420997951942,10.2076275499711,10.3100294749994
8.60773963480912,10.128011414793,10.1929982254112
9.55651541471564,9.96755546845672,10.0624355343961
10.3632938056467,10.0875629636082,10.1299495448238
10.1108527194366,9.93533329865661,9.92114731291889
10.0249953635177,9.83028308027436,9.81799357368879
8.11000720767084,10.1129849159608,10.1741811407876
9.54024605360894,10.1474480770641,10.1359859364736
9.24161834740889,10.1737888259527,10.0817956656184
10.2692736493133,10.1766304095266,10.0086266028471
9.87319249347669,10.1355532605697,9.92526147766725
9.2752013668366,9.93549658898488,9.82107965314037
9.31752713415486,9.7440112968165,9.71907651993049
9.85770927383531,9.76826361410117,9.66360494776994
10.2094196365349,9.81464104957358,9.62721762748026
10.0389616531872,9.86820786797404,9.61614402200648
9.78506716712982,9.93335746684654,9.63224379584696
8.39839562656512,10.0008075282654,9.66778333338359
10.3502522399933,10.0313849839895,9.71263224224145
11.6224049733625,10.029545118646,9.75940397578123
10.5080732835271,9.97141550959259,9.80710183794154
9.98716860808572,9.86218712261899,9.85502982072778
10.1138285918593,9.66913127589498,9.79994585883134
8.54542820817676,9.81004995914213,9.97459331572655
9.19783959779559,10.1773945299309,10.1181228009643
9.41882507132821,10.5099003950015,10.4339289203673
11.059316893939,10.3992251688425,10.2623078810226
9.53809768732348,10.1651935764018,10.1482940961096
10.6614224546253,10.0158606072202,10.0998832423661
9.31832478091584,9.9552828780782,10.2546019825368
10.9587222703362,10.0400432324826,10.3391763022654
10.2361847168332,10.3751357135737,10.4537617616798
10.9357366326732,11.0475625609747,10.6740346439367
11.995934834855,11.7317230642537,11.6734281900755
11.7305498788896,10.8840869164317,10.7476338780131
9.89980103147779,10.3737518816548,10.6423837462412
9.11916786219807,10.2181643305904,10.5997619780296
9.87882430847826,10.2546169965858,10.5524568353409
9.54777760498973,10.3171177521602,10.4995456928029
8.59449576926571,10.179305423759,10.4086897811128
9.78870542692205,10.0869004469759,10.312550082406
11.0407854130412,10.0035103629184,10.2139714698523
10.471983387346,9.98003313671264,10.1159956507539
10.9813010957847,10.0389410026,10.0462018806909
10.4788432551609,9.96544381350381,9.95109398958973
10.0009818545642,9.88775363742818,9.87986305522557
8.18218641936662,10.0964756244514,10.1571785186616
8.77272632795496,10.1186974430902,10.1141436445366
11.0968949676426,10.1423660302902,10.0578687667723
9.54154158390099,10.1866727796982,9.98986188412402
10.3573893313034,10.2027529537415,9.99143031682098
8.80213190896936,9.83171821375776,9.79801215294322
8.67966486334164,9.29242137011314,9.44197110301631
9.67391273193348,9.45531956899364,9.58061105780003
9.25643304612203,9.53252787236855,9.54086050481461
10.10727198904,9.54582684857134,9.51910867172899
10.1061088031386,9.74673865316087,9.54612428562359
10.2595919134187,9.91676762182507,9.59306528940636
10.614399287955,9.99595246848837,9.64562628502254
11.5238197096355,10.0103510451788,9.6973189958487
10.8567003787013,9.9515225421363,9.74781898869296
10.9469434835666,9.76159358066842,9.78055012474466
9.12168020034459,9.32698646581706,9.36995469281043
9.62639005100309,9.70915790761515,9.90839107554803
10.0106738904922,10.1176697841633,10.0630700805366
11.5576973862004,10.4564400444624,10.3191309374433
10.4378615465059,10.4747162584708,10.2815048380241
10.2715599510122,10.197486473132,10.2108470746295
9.39977644903762,9.99832226302235,10.1626694467528
9.80449149393481,9.92415046392779,10.2071013397874
9.77462716979791,9.9747632736017,10.2778145173103
9.92243949501596,10.1107295763305,10.3542155840473
9.33592843571997,10.3639095759284,10.4468182064604
12.0230368989179,10.5475025125579,10.5473571662266
10.7819343816691,10.4499582881832,10.5740891080668
8.50059483817026,10.1643515661665,10.5350012617647
8.70507523760389,10.1737181220782,10.5213029342011
11.3840177739379,10.4648061563999,10.5398006795662
12.5213927287534,10.8394342648612,10.8868458089206
9.96011958141392,10.3227677050512,10.4094363795719
10.0412815853038,10.0380173956774,10.3117531302929
10.3526396137162,9.95010099943059,10.2304606249553
9.23373444784542,9.92255618136546,10.1510671295861
9.74617806165156,9.92915516109079,10.0706980501116
10.185253872509,9.90353175598565,9.99648481658324
9.05926698362362,9.89318547134704,9.93247784974811
8.00235297482878,10.1113455272403,10.1441305830909
7.88528598586782,10.1126748349538,10.0959269183043
9.73816252039286,10.1259505169731,10.0364205337503
9.80599465036292,10.1598607614066,9.9662087550619
10.9509161889873,10.2045265203713,9.97659185545001
9.72426882160626,9.77744737404149,9.75645866648421
9.26482187503486,9.16111234592174,9.23548806158922
8.90133685017971,9.36105639530829,9.54003381690001
8.1825574152337,9.12933719662912,9.43984898592346
9.66286150490445,8.89949047651354,9.30179395029425
8.60206643095574,9.48426932184091,9.46880678580585
11.4834336074059,9.82156591136781,9.53432719963983
11.6389556040424,9.96659506049538,9.59461884037973
11.5508088593403,9.99626820167993,9.6503463641693
11.5416240362812,9.97112744697531,9.70669916314288
10.9612789790008,9.87504147378493,9.761597216358
10.2992257014357,9.76442209494081,9.81025842876898
11.1123594262568,9.86814165084594,9.90680145070493
11.3635938309526,10.0584796736794,10.0061164613963
11.4060502723321,10.1863976844554,10.0988871422563
8.91381781898783,10.1474640555267,10.0213357208493
10.3850910353916,10.0395980072893,10.07270421887
9.32491434683302,9.92041492405933,10.1004959291784
10.2386818435881,9.86678236989263,10.139361249268
11.3365508025051,9.85783014807635,10.1827962839821
10.8169394901447,9.86898592329354,10.2219063481235
8.4356572834334,9.85208380306212,10.1069519127062
11.3080664083121,9.97426618770127,10.3161081754741
11.447191135899,10.0389350147845,10.3821449324366
9.56965575276563,9.99062147244897,10.4003251857141
9.18063725772982,9.99620199600372,10.4031598939253
10.6918838875194,10.1041573424731,10.2933965404194
9.69484687091497,10.2750143531668,10.3268193609381
9.9637880392872,10.1800305777268,10.3526906089217
9.94688183806805,10.0126461288317,10.2934215521411
11.006121654339,9.94758068630682,10.2371656730697
8.78194057831903,9.91492263734404,10.1714665794221
9.42596128949353,9.90072394276845,10.098665414564
10.0545426500041,9.8804822013557,10.0282859955202
9.1619770057338,9.88832318084824,9.9628757231322
8.53925005122335,10.1558729480844,10.1336583209204
10.1935127377183,10.1162681265201,10.0825179425601
11.4024057181253,10.0881588364936,10.0171023416166
10.5148017272438,10.0878398847954,9.94268854580345
9.51740604485909,10.0689447577815,9.86284104706326
9.95718335793049,10.0612598312807,9.94363457772293
10.1161587792482,9.94807816998019,9.9011275211999
8.73834557720332,9.5386085263358,9.55435093302874
9.37664688546398,8.88065277303596,9.18184856308476
8.93658138428252,8.31307904537915,8.41617043131704
9.72757057380056,9.31246556710365,9.40519351629083
9.98078466820437,9.77775394527759,9.5034144456044
10.5634505141015,9.95722235081574,9.56520627608089
10.9351596315839,10.0013168892194,9.62161158912984
10.8004483461042,9.98586692978914,9.6788969517875
9.40030424596517,9.95907149200103,9.73583540158293
10.9166137399785,9.93002766440905,9.79973109079193
10.4943274793084,9.97094609764096,9.87527886663412
8.90045606788155,10.0305502291174,9.95619011175438
8.58473409840687,10.0541759151801,10.0330543217482
10.1478570537841,9.99164066968522,9.94795512036878
10.4345425773399,9.91993929044283,9.99426818641301
10.2654421418558,9.85922495930765,10.0288685664639
9.83749229439993,9.81772375253641,10.05703574507
11.3342711736342,9.78926386707468,10.0826737397033
10.4953662763044,9.72422186336415,10.0969646676371
9.27691150378439,9.6039858576311,9.9455982398409
10.2320295496788,9.69033879280746,10.0925040360627
9.43491742114899,9.82391517343652,10.2207636197054
8.34284042214736,9.86391924826011,10.2549810249855
9.54327721430101,9.87166213099398,10.2718944653112
11.3678971057818,9.89382114394313,10.2780080058799
10.3753058600477,9.96673814796079,10.27612929976
9.95641047336998,10.0329530229149,10.2846049626326
10.2531243410771,10.0253611478577,10.2602576849885
10.4186134700432,10.0300817926891,10.2301916054013
8.62608911779808,9.99000477459518,10.1804353836017
9.44695185992555,9.93984600342906,10.114895105903
9.56431678747472,9.90082449458549,10.0447704258832
9.18902148956107,9.89918406492868,9.97982991374119
8.86661336441263,10.284985916492,10.160754641497
9.85296504165476,10.1330898338067,10.0732053267188
9.71754036417607,10.029471868001,10.0020663179024
9.81306212484874,10.0001207111369,9.92140284904753
9.17967881598559,9.9669309660037,9.8414516526034
8.80695129824398,9.89225172278069,9.73581032918921
9.57850927377766,9.90259869109707,9.67255187683585
9.09946896984337,9.71505984834854,9.56119908282551
9.64019573045308,9.45771661034715,9.47378894022265
10.9474076240143,9.2492047855638,9.38782635032821
9.88987115963914,9.60696320841093,9.45732149386761
9.9597887169671,9.84229040099929,9.50457819781749
9.77982322057572,9.96378542312489,9.55665812988641
8.91831969523626,9.9856428213969,9.6076406833864
9.91065364952588,9.96303819017445,9.66066929493883
8.99703237147755,9.950196407894,9.71680756963142
9.13923675746805,9.96774239414179,9.77613420291409
9.9348396482943,10.0076182659295,9.84265657616212
8.76262758470435,10.0215613630361,9.91128744848806
8.11079677753843,9.9875549274628,9.97440751552244
8.77287343342746,9.92301241059663,9.88270903925761
10.0578629815044,9.86207866474454,9.92437061304562
9.78639969717802,9.81520230567948,9.95617786147233
9.06185913983362,9.79179761861923,9.97694431895675
9.82973721545253,9.76073740517147,9.98863795365886
9.86448345777425,9.69199821135042,9.98597376512102
10.153365700433,9.54953561043922,9.62814288287868
8.93444781630506,9.66148670457846,10.0136860047346
8.66590213716729,9.74536037246365,10.0814113524439
9.09966434494035,9.7952220285354,10.1188373992499
9.00887567637766,9.80354912864133,10.1437895807586
10.3139858625534,9.82403631828076,10.1655955497574
10.9632291335673,9.87491407016027,10.1838471232122
9.24131795704976,9.96502662487778,10.2009529657228
8.08290120795994,10.1305528320284,10.2194863358791
9.32299735410637,10.2628220448418,10.2178438614759
9.35970611207478,10.2578057244593,10.190057050166
10.6812595125995,10.0701012697845,10.115019605331
8.96173097751093,9.95208332539975,10.0456424838292
8.33243160838703,9.91831518994112,9.98003968736896
10.326632945999,10.3784784233422,10.2496313837162
11.5028575956924,10.1717136570852,10.0489386245139
9.96424118809489,10.0575587844309,9.97409199320282
10.2643845457007,9.99547066599259,9.90186886528318
10.283529125027,9.89834851245194,9.81436816420359
9.57254821512504,9.77649376850049,9.69384061668101
10.8670301765985,9.90791165849323,9.66591620765562
11.3769850896468,9.89730060496441,9.59210928093591
9.2667505588073,9.81256078919081,9.53189425609851
10.6725442833614,9.7842262547387,9.49937940370058
10.4033010403628,9.85979662428145,9.50241477933771
10.2795277374518,9.94939083308166,9.5284232297215
11.2342919269994,9.98687430522912,9.56638581225641
10.7741367965041,9.9506798769367,9.60602084364125
9.80702718609947,9.83870555215289,9.65073112285945
9.84072569706859,9.84544759353161,9.69904870974893
8.77419857907819,9.92483019850085,9.75191747368107
9.48576445287027,9.98389263713459,9.81173849952403
10.9512677421265,10.0003233701757,9.87130627174041
9.07135759001567,9.96825766804691,9.92716464535353
8.50128618620187,9.88106562166404,9.8267793657064
9.0656322406903,9.8230260592346,9.86338942969616
10.6082091235834,9.79658998266161,9.88983336614177
9.72398156197307,9.79196652827036,9.90555867907152
10.9327386653336,9.76746327018553,9.91366945705327
10.8756493462163,9.72021294282885,9.91648384997767
10.793956603604,9.67338788576641,9.90612328428392
10.4846724224318,9.69212731724428,9.93044349639207
10.3604500680458,9.7295568860393,9.96883890632823
11.5634983815826,9.74082313495693,9.99395552290075
9.35432104890674,9.73843283204342,10.0157166775663
10.7414619706684,9.74862343437047,10.0415550846421
10.3198949250106,9.81986158385846,10.0763160757508
9.9502636618254,9.96781558932767,10.1150778962615
9.35962973544475,10.2877525942095,10.1789091904198
9.61573828645761,10.7684904079882,10.2967480027468
10.5055032929729,10.7096641151349,10.2694454424643
10.7575206997173,10.2930830931264,10.1028909506399
10.2626315911682,10.0116595896132,10.0233840790647
9.39420890828119,9.93872314630567,9.96209597673904
8.41953442494564,10.208714844057,10.066625730415
10.8434567737373,10.1329541453783,10.0099880278138
10.4265826984674,10.0589827890629,9.94702770005308
10.2413209740419,10.015491593569,9.88283124461448
9.98249361154554,9.95679839539432,9.8134363614119
10.9448777075628,9.94988587642975,9.74569881873429
10.7916098087856,9.97864790937608,9.68208140347279
10.9254837992228,9.98198287919236,9.62294684599499
11.0827955779674,9.96251872289768,9.57443481671622
11.5981721250132,9.96022178908891,9.55056648205563
10.7647783029174,9.97876985226785,9.54634592597605
9.80732658988705,9.99995220464609,9.55906642096548
10.1953324314289,9.99340899950853,9.58277624829599
10.8870701957439,9.91963960558597,9.61196051254455
9.31510245504121,9.74519212224518,9.64433824714116
8.06236970143115,9.68201052357216,9.6730028775429
9.43151891427148,9.81974834481167,9.72747323252238
10.2447399638951,9.93884980363335,9.78406596303063
11.3754904845184,9.97766229248115,9.83909484734213
9.20495935343334,9.9521488733255,9.88816159635316
9.19972848263818,9.86979654921205,9.7802048663299
10.9156822814197,9.812501886595,9.81167881265196
10.2089813468798,9.79436278033925,9.83329893186554
9.4799192242195,9.78947276291917,9.84617989710416
11.7082809832456,9.77598173218569,9.85192834013797
12.150911422444,9.75247120496024,9.854511451128
11.327350869394,9.7404639693363,9.85703051336009
9.99097340979695,9.73879764479494,9.86306780901708
9.35786749531214,9.72470225421912,9.87320242278818
9.12640079979427,9.67693175343025,9.88127606752056
10.0958187112184,9.60403877066634,9.8925026223527
10.4904686330788,9.60077313238287,9.91576521108222
10.1391149867125,9.7148933916707,9.95856381871866
7.9085376981653,9.90616625579585,10.0102746623226
9.18325829767924,10.2244364893806,10.071069301133
10.2855442908909,10.7540597423388,10.3531971851613
9.73258651926105,10.9353885303049,10.6221369016565
9.8637283229418,10.2431862391239,10.0356639682127
9.08353190570949,9.98013020621971,9.97008452207026
9.47783770975948,9.91303092818687,9.91904882669531
9.86417595193627,10.053805476729,10.0115240095864
10.3377995351875,10.0382965368511,9.96783698361603
11.0472814810784,10.0324502838841,9.91747224438212
9.86086741090714,10.0309069625409,9.8642437792397
11.0266643858141,10.0240069316565,9.81045576335975
12.1625359374413,10.009061955334,9.7530800474289
12.1987546971358,10.0067452989656,9.69849143561971
9.91754627336966,10.0096828631001,9.6515625631146
10.4370856895894,10.0104597011234,9.61462733017019
10.4004602702191,10.0215993710964,9.59392822958347
10.2690363971658,10.0319498272425,9.58733998900185
10.6538945963299,10.0362089452515,9.59388595869852
9.97572046370718,10.0105112521639,9.60870383227891
10.7328659540528,9.9311550742585,9.62602132650396
9.45426321460091,9.72974514998977,9.63273163890657
9.5292903289137,9.36360665546997,9.37646886155306
10.0919180706405,9.69650149067672,9.69253852460694
10.7589426440875,9.89633268397314,9.76372385216193
12.134149461282,9.97852471652905,9.81307174354344
9.65015879868793,9.9525838335217,9.85507838173421
9.37798037404545,9.88059808934491,9.74303212317724
9.75356160319593,9.82164174286658,9.76996930817707
9.88062164341882,9.79857874066818,9.78831337575817
9.41376658994431,9.79272323761387,9.79882063438359
10.9697768474766,9.78816053296559,9.8020098034066
9.37968957151894,9.78087517708689,9.80193540369258
9.39978557752376,9.78019717331942,9.79980984854665
8.49487931315216,9.7849703445048,9.80813232054916
8.24981603738252,9.72393381484235,9.79327559822043
11.0403618967417,9.5976347701732,9.78314298934237
11.1101934145222,9.36268712425716,9.74495864577025
9.34147810459046,9.2651195845006,9.7404858658145
7.51047424734756,9.51638260536916,9.83169454917861
8.41423427646638,9.77456102756417,9.89607522535058
10.3663231647979,10.0030156722507,9.944755625807
9.23250565117383,10.195541354777,9.9743773300925
9.07913368373653,10.2466957978623,9.99574913989005
8.99857914791467,9.96063933174871,9.92398310823447
8.33414376839132,9.84220900866457,9.8871640055579
9.76883313854332,9.85642260466314,9.86239429896307
9.17978449446149,9.89518250423799,9.95670977874085
8.64925222414057,9.88744673295107,9.9152353723098
10.2933603171918,9.97759820951335,9.89044360808215
9.43992907836354,10.0243528691025,9.84895755208343
11.9594025300517,10.0304629116027,9.80464476967165
12.2145129894403,10.0087704411985,9.75826816729962
10.4597114886832,9.97771665735369,9.71340341446665
11.1134482799849,9.96137163053663,9.67614214425662
10.9568161950005,9.99057220296193,9.64810878391645
8.6396326064941,10.0289789225964,9.6318090920294
9.35448216871816,10.0499688830698,9.62694391218271
10.019901963414,10.0499615901025,9.6289411147948
10.9628254415009,10.0310700169365,9.63604274610542
9.66279734138796,9.97064848226731,9.64697353060715
9.95169055094049,9.80864008502173,9.65206590651104
9.79848706338672,9.65398004373934,9.59373473106995
8.91662723568084,9.78013712217384,9.70307690965008
10.2201435117843,9.92575213280478,9.75602699371037
9.20060255449041,9.98243284115312,9.79746281318908
8.83638289902827,9.95078772220197,9.83185776216074
9.45225973787819,9.88647443867528,9.71430549096521
8.35503595431433,9.83188077113817,9.73762566061449
8.34114932668695,9.80819482164164,9.75256865869567
8.69542885714652,9.80541626609152,9.75961110891792
9.4657838886219,9.80506266451222,9.76146317931335
9.45415508101833,9.80848161063458,9.75888249996534
9.83514240254693,9.80586735715054,9.75269641690623
10.3861973294725,9.80674195168533,9.75420005972941
10.6270614386395,9.72675806640359,9.7280918241023
9.71092600964473,9.54397426561193,9.70520548173483
9.15342182467427,9.24558533694354,9.65246847724414
8.12413438809586,8.83386329652184,9.00263866728402
10.0183396919091,9.40324963494423,9.71983728123178
10.9050626761555,9.68525186021819,9.79198129410658
11.3904322019653,9.81601779952143,9.82645324272946
9.77489650357978,9.86687248536958,9.84373168405219
7.21159244460971,9.71789015329502,9.81462347788378
8.5408935550534,9.57395412068487,9.69156676794043
8.95726607227948,9.68438796457837,9.79469054341345
8.11832384616119,9.79318631147235,9.7981948745297
10.4153275365417,9.76099732573082,9.81910889731611
9.65630711274579,9.73424610925744,9.76044353493526
9.81654153345072,9.92474877148246,9.86501434086873
9.58637574503422,10.0106552125479,9.8398364179318
12.2384972318402,10.0141253237197,9.80349817490884
10.5737323960269,9.95781249011979,9.76436974973032
10.6174282291878,9.83702579759772,9.70510164454762
10.6125316472221,9.81871596720743,9.67949712603593
10.8720802415382,9.92237882871467,9.67313550307712
8.85784014646701,10.0108618451132,9.66636544386524
8.44262279703951,10.0431143052986,9.6617976636479
8.74058541785953,10.0540983647959,9.66231119595807
7.86537830305734,10.0409814822143,9.66671957368342
9.44686349651074,10.0055380008886,9.67428923414847
10.2581078262578,9.94797976903718,9.68508423693132
8.45938644172367,9.89926571786246,9.70104415483246
9.60817887552034,9.93118792653972,9.72772898971607
10.2405375671698,9.97856576371045,9.75933254658621
9.40505321477362,9.99614208027268,9.79062926581284
8.56042750120071,9.95814635217163,9.8190844107403
9.84373371988746,9.89235709079526,9.69538023713345
8.5881029339169,9.85087079595834,9.71331793667998
7.34573370940055,9.83691022149094,9.7241935058562
8.19105425369409,9.8389988110501,9.72875073643916
8.55195371458692,9.84338216711294,9.72906155696639
9.04784203442333,9.83988972574593,9.72351713391568
9.43932612003495,9.83006202315639,9.71370091278728
8.85018698001523,9.79621386441568,9.69846491206994
8.69635904050593,9.69550253127446,9.67577166084647
8.73618886008077,9.50220400191966,9.62920872552423
8.80116649876467,9.29530397329848,9.5803851907247
8.42793131422453,9.32468517137889,9.63228371557744
10.2236712833466,9.52555718063121,9.67687028640276
11.6473834609303,9.70234235971914,9.71612952235605
10.6835028164001,9.76845608864758,9.74169926872308
9.95396347218067,9.70747354144846,9.73931796658857
8.98046827310016,9.44260447917917,9.65788739265763
8.96149865288073,9.05491743009798,9.08443419050415
9.45797782627614,9.54526379977955,9.68973827835679
10.8774556621019,9.77707535214892,9.74517186738329
