"truesurface","",""
10.9126833048722,10.0233322773978,10.5002372126953
10.7949369777347,10.0255028651224,10.5173691956631
10.6105117727134,10.0358475048601,10.5372128162826
10.4468824447004,10.058577121909,10.559756296429
10.1161427570626,10.0912134506363,10.5853094351452
9.91650867672295,10.1373655418217,10.6143340992146
9.82403935539865,10.1947350997411,10.6460175337661
9.92609329036792,10.2650594899544,10.6813798239168
10.0759143639722,10.3443308649971,10.7186815265375
10.2735759340492,10.431275014981,10.7572905039863
10.3838554893014,10.5204845708746,10.7965816359796
10.5743386217891,10.6097500890909,10.8347265659762
10.6956002203103,10.6945294600105,10.8697867505748
10.7679876329874,10.7723425804775,10.9014087734051
10.7488924365166,10.8435810772951,10.9294616245669
10.7421432895047,10.8987327103029,10.9469698618987
10.8399976300924,10.9346237851592,10.9520865758669
10.9283203844538,10.9374730018056,10.9392820440641
10.921170380629,10.9103257045281,10.9057389311499
10.7972629749231,10.8245302903727,10.8142197554472
10.5513004915517,10.7035333007736,10.7042791335368
10.4101240296763,10.5600751515779,10.557352768692
10.230987655195,10.4186876380715,10.4158736385483
10.1324604683439,10.28111438595,10.2797145012073
10.102817042533,10.1598452528918,10.1583519244728
10.1927171101291,10.0711347234377,10.0655168009034
10.3164573078564,9.99915259296314,9.98868723105473
10.3743916432637,9.94396531781079,9.93070874109161
10.2751545590307,9.90264069572284,9.88910221586679
10.0472147100498,9.87319341960468,9.86240295933635
9.93395373752942,9.85315754966077,9.8483292107632
9.81431699429414,9.8335400893633,9.83528401857273
9.72176990970533,9.81604395359856,9.82259404937066
9.62101708805252,9.81955812176853,9.83117033732686
9.67001403865448,9.85704905463072,9.87174896489863
9.82632714998804,9.92166934882605,9.93743252473643
10.0947531507307,10.0111662538885,10.0253964559701
10.1822151683908,10.1252504371561,10.1351125906306
10.2103039139962,10.2620920634111,10.2637464440013
10.2770935695985,10.4075647378788,10.3977883175012
10.960556554277,10.0462578437802,10.4770612833182
10.8342087859814,10.0418729501305,10.4914192899832
10.6257015098167,10.0442030483441,10.5077341684563
10.4323116073949,10.0595765625571,10.526499663676
10.0514149278,10.085745233381,10.5496554297529
9.82930241341188,10.1278563133276,10.5758391803381
9.72868370943747,10.1801582484443,10.6049117159839
9.83668169212202,10.2474172654795,10.6377611013674
9.99392715175218,10.3249290214297,10.6723243042485
10.20915729634,10.4084614170616,10.7087290903796
10.3461021179785,10.4940658155046,10.7445509039218
10.6076024866212,10.5768005210575,10.7783513819253
10.7822492672927,10.6523749957049,10.8084955401931
10.8947353343323,10.7221181190565,10.8350936204942
10.8565943769547,10.781618238291,10.8565142132231
10.8000399289775,10.8299770555568,10.8702119761499
10.8124448229064,10.8647803171218,10.8760319250831
10.8655884364587,10.8526185183045,10.8516082280778
10.8446344349941,10.8082171682175,10.8056388434666
10.7176837497343,10.7204748206927,10.7147126996377
10.4438593379891,10.5915969332313,10.5969446511525
10.2684096605171,10.4448518620931,10.4451704981203
10.0389011179183,10.3020703534176,10.3004924365091
9.91930460021374,10.167732061272,10.1658023054238
9.87697818866039,10.0516161778336,10.0476155931797
9.96660678930685,9.9587141818915,9.95089044708563
10.097592082082,9.88863685151551,9.87685255492168
10.191073636345,9.83206570652959,9.8176333715105
10.1340955045487,9.79008119831921,9.77603826735517
9.9762774095123,9.7567524475342,9.74561993503734
9.89243760312676,9.73078961848311,9.72531944831752
9.76859036856069,9.711705650458,9.71320846610144
9.65025104862655,9.70558048899035,9.7131909828395
9.52231111309576,9.73798138142015,9.75054049625908
9.58456536281969,9.80084315693039,9.81641731177127
9.78132312863609,9.88961462090521,9.90613812057686
10.127581435135,10.003443798048,10.0184790582366
10.249697563978,10.1355317551792,10.1461680164493
10.2813746595709,10.2913613729221,10.2944628506238
10.327156647345,10.467803712463,10.4594704338521
10.9986616414785,10.0764906931665,10.4535537607292
10.859251097175,10.0656904622743,10.4644526077519
10.6064245692034,10.0640571093179,10.477444246102
10.3727335378591,10.0704989015713,10.4926361457223
9.94563417118115,10.0900073512834,10.5112998745273
9.71386861959504,10.1239565645582,10.5336856440095
9.61699689784589,10.1744404290089,10.5605599164921
9.7335622194387,10.2373257784661,10.5907496389596
9.89091355359147,10.3120560202087,10.622575487669
10.1160646978938,10.393102939235,10.6557961839167
10.2854685586592,10.4738681295726,10.6867897375295
10.6413528255255,10.548682646841,10.7150510463171
10.8856676288173,10.6098145663914,10.7370757844056
11.0495983757773,10.66389339752,10.7554803835316
10.9901826822049,10.7016202380602,10.7643052592831
10.8773283438973,10.7349091962317,10.7687469109313
10.7929952656609,10.7420792392059,10.7548996987581
10.8030082429114,10.7284894780585,10.7286448319997
10.7544634284163,10.667500143477,10.6663317231682
10.6170406834373,10.5695960182716,10.5656451561622
10.3172322559175,10.4421928859913,10.450454493452
10.1187859812843,10.3046444489683,10.3075097387268
9.85424736781274,10.1697126128572,10.168343594809
9.70740165192148,10.0407307793802,10.0365060328429
9.60818404119303,9.9337447000793,9.9263264621397
9.65670423013762,9.84376967281651,9.83290881147866
9.7629971128962,9.77511919133102,9.76094417044179
9.88645758085269,9.7207517107342,9.704742036464
9.89721106078127,9.6792348378817,9.66380082946713
9.86705075511027,9.64611137670143,9.63428673820043
9.84698069849285,9.61881565084282,9.61257566779248
9.74939689637795,9.59945706442386,9.60024375491763
9.61092647031121,9.60780930688358,9.61479145226933
9.44576212669999,9.66207126736043,9.67381471916637
9.50492574617165,9.76361618959508,9.77796105329564
9.72254032131885,9.883154067285,9.89849401871111
10.1265430100075,10.0194356336622,10.0338121532817
10.2864113296061,10.1703283577782,10.1808753984605
10.354338194502,10.3467477681455,10.3505654667903
10.4087744865705,10.5487443455717,10.5418044073893
10.9864241792592,10.1173203562877,10.4304863523128
10.8456172212779,10.1032116470014,10.4382777923853
10.5763003584277,10.0924522741629,10.4465070177699
10.3315148312263,10.0921755515929,10.4577912501268
9.90285974190941,10.1026053866343,10.4715733266904
9.67911893719034,10.130175112502,10.4904478939805
9.59034083571521,10.1749237870776,10.5141375182734
9.70747286320324,10.2344434569899,10.5409233217265
9.85834922464161,10.3065665871097,10.5707169666637
10.0793230463707,10.3845123393399,10.5996074069234
10.2583001084127,10.4594300842058,10.6248586116298
10.6452560317613,10.5231828374592,10.6460741229364
10.9102777552204,10.5666934685594,10.6581891894324
11.0840520013113,10.5943518769481,10.6625848797416
11.0130041524857,10.6111436379353,10.6596384901288
10.8786896464656,10.6149835770727,10.6460031599596
10.7594917618645,10.5994671507627,10.6170819296316
10.7513626860341,10.5617363255974,10.5704457590354
10.6845306640918,10.4903559755484,10.4955080964162
10.5400433625806,10.3892643949477,10.3900175370913
10.2396290755522,10.2717415633057,10.2839810300494
10.047084307934,10.145827864542,10.1511756517292
9.78669934053067,10.0203855951468,10.0198103077744
9.62632728762846,9.90528321075235,9.89993729740142
9.47452945918614,9.80650411200773,9.79695737450119
9.4795024533244,9.7263996446278,9.71316470702494
9.55444389368411,9.66284360486246,9.6464397710537
9.68056394421839,9.6155957139664,9.59770905583466
9.72667208686251,9.5791177408903,9.56202136952877
9.77206743350318,9.55237732193632,9.53847607648726
9.79786577661394,9.53298256233493,9.52407852233998
9.74385222858421,9.52994025468308,9.52688154134594
9.61672965540358,9.5440667362265,9.54407747070803
9.44915525951612,9.6347804823438,9.64163802223144
9.49994824064491,9.77242356447877,9.78215498914249
9.71003481262584,9.91860053626792,9.92987571520882
10.1171700740256,10.0844276931468,10.0959974796525
10.2943713458783,10.2456085524825,10.2545358023364
10.4071650543948,10.4384317857508,10.4395129612594
10.4926676799553,10.6804694106048,10.6769195052962
10.8934990700799,10.1661585718865,10.408334435863
10.7686246535866,10.1492334462983,10.4130875458584
10.5190913605089,10.1326974083635,10.4171009552676
10.2963823430101,10.1232026676141,10.4230473127681
9.9129542557756,10.1246595391292,10.431686114389
9.71344506139373,10.14476383672,10.4463123979169
9.63356485228257,10.1815832872035,10.4662278787172
9.7359726423853,10.2366662664693,10.4910760364741
9.86935635168952,10.3050354864701,10.5176618343135
10.069081953284,10.3809248787615,10.5432617338342
10.2366842674046,10.4514024264045,10.5638629742403
10.5999105450607,10.5010783577858,10.5743474685896
10.8424754025313,10.5273530653509,10.5769635413185
10.9822125092195,10.5254279341817,10.5665131378832
10.8955008509542,10.5076115347877,10.5440855292431
10.7523156325752,10.4829404825812,10.5129643318872
10.6234271927674,10.4420763187954,10.4661436315356
10.6049003130513,10.383541293654,10.4026516015306
10.5205135890684,10.3029244775399,10.3169780357529
10.3749480021746,10.2051794078962,10.2126087580288
10.1053883804685,10.0931901626079,10.110100923628
9.94828053087628,9.97789802145175,9.98634230280646
9.72170076497122,9.86737783168051,9.86832982937678
9.54686383244528,9.76263813688275,9.75753790334538
9.31660525598318,9.68005121636216,9.66977787193147
9.25737286728962,9.61237926094614,9.59790544124867
9.28489623360131,9.56127372697013,9.54360603530663
9.3966687564838,9.52423900099549,9.50489928499723
9.46785267124375,9.49945450168225,9.4800789496287
9.58246880898621,9.48907588608815,9.47151115776071
9.66843299092065,9.48992720000149,9.47585814014721
9.71745690442913,9.51208096002936,9.5018587864161
9.65425493160831,9.57083174115355,9.56432748565176
9.54073616805483,9.67933471613038,9.6762017250335
9.59000571662757,9.83655283836863,9.8352587914481
9.7792868878368,10.0084810248656,10.0102539376813
10.1674296905068,10.1962992300264,10.2012423928375
10.3667911187509,10.3941412446246,10.4004765146811
10.5642622642526,10.6237156677239,10.6290279637706
10.7137122452814,10.8684429551968,10.8689844564848
10.7818861886113,10.2224281932717,10.3886036594158
10.6783213112475,10.2033375665324,10.3903915395772
10.4749834033952,10.1807488178059,10.3898440157035
10.2931969812136,10.1618326074115,10.3899042880544
9.96514958386193,10.1537436700066,10.3926587400816
9.78352529732263,10.1623548312291,10.4015045476299
9.70302729560219,10.1918474233865,10.4183594549197
9.78529232782047,10.2418454583646,10.4421952813913
9.90437748234119,10.3050028380631,10.4675178807494
10.0823532530209,10.3758597159987,10.4897278604708
10.2255457638465,10.4415382406383,10.5056516419307
10.5288204597473,10.488215942358,10.509832266365
10.7255875041331,10.4758535889277,10.4936882214473
10.8178404757249,10.4489750967876,10.4698831243727
10.723002160949,10.4029558556112,10.4292077104979
10.5858569611078,10.3446357087154,10.3750273507087
10.4696357772002,10.2849523845454,10.3149622105229
10.4520263927142,10.2092803312872,10.2370549175294
10.3653679794717,10.125930291185,10.1483944008095
10.2288521916096,10.0285486478362,10.0425609801817
9.99860080757827,9.92472746560125,9.94572265647451
9.87465951766609,9.81789363154064,9.82882223995482
9.67569289854844,9.71687247965835,9.71952617131955
9.49296671033748,9.63151804076669,9.62744058399694
9.22219158064113,9.5645158209003,9.5548300388763
9.13406806304873,9.51066667770509,9.49634258670501
9.14148576841886,9.47333435217081,9.45557306526744
9.23965458352448,9.45195692049793,9.43176097562303
9.30818391775392,9.44548511240262,9.42388669021576
9.43389466593502,9.45895293448737,9.43648981431015
9.54918478581751,9.48959069577725,9.46778008306118
9.68303335626529,9.54615896474024,9.52521873364696
9.68817729340716,9.63132019332918,9.61161995266896
9.64844684582759,9.76462842280223,9.74584749076255
9.71234745164189,9.9381606419859,9.92085230296829
9.89589695833509,10.1335617864866,10.1198237936812
10.2775837042073,10.3509486292177,10.3429790324643
10.4947833316457,10.5868391908273,10.5872320664977
10.7486712698308,10.8332017822431,10.83621789012
10.9361738476748,11.0816490890757,11.0817929894731
10.641591418078,10.2823397014853,10.3722749609566
10.5633777345817,10.2615433046269,10.3712093062756
10.4257932950089,10.2327785141352,10.3664969702157
10.2996224574651,10.205835804947,10.3600719952247
10.0374645613111,10.187276895507,10.3561898592237
9.87167325270621,10.1842287376571,10.3589977568423
9.78565316978442,10.2033254295175,10.372809149345
9.84446548203924,10.2482082855637,10.3973711987458
9.95035487119471,10.3042652159612,10.424195507425
10.1037903070572,10.3655470805235,10.4451827700421
10.2128156551739,10.4188416347226,10.4528430107915
10.4332094890977,10.4465726725443,10.4488862454987
10.5711203194667,10.4222852747236,10.4210023480747
10.6096321103589,10.3668922377826,10.3772341587794
10.5102304859342,10.2973524119603,10.3200609620043
10.3842952803057,10.2217053082247,10.2523318835355
10.2852077554807,10.1400384363603,10.1744880204586
10.270039854696,10.0544628867827,10.0884019944384
10.1870617982747,9.96704370838866,9.99501956265672
10.0664511715589,9.87459763132339,9.89230320134739
9.88292164598009,9.77887662603442,9.80168678847382
9.79116929453238,9.68373579763698,9.6952416320554
9.61322867645396,9.58850691902209,9.5920250390095
9.42248579194015,9.52229611376193,9.51926248205115
9.12657338621213,9.471940527919,9.46354861391741
9.02680179289092,9.43245274085792,9.41949529094609
9.02875438623129,9.41159536271408,9.39487706551687
9.11648890805733,9.40655507113149,9.38624583887541
9.17082411387434,9.41944446163898,9.39594094145403
9.28362381833955,9.45637180680947,9.4292158629726
9.41791917211444,9.51882448628218,9.48831758655471
9.63707850048326,9.60365502478236,9.57019902777647
9.71910883834862,9.72414871915168,9.68769096314517
9.77119816537456,9.88096983382778,9.84265792361383
9.86339243780516,10.0672478286009,10.0283351091153
10.0558137574971,10.2809265922829,10.2444441569155
10.4508088378325,10.5130804919335,10.4819667835877
10.6922784114085,10.7597315011193,10.7362505475873
10.9953159906684,11.0175129875182,11.0010070951758
11.2073580884885,11.2704541515907,11.2597020755644
10.4206195778749,10.3382521378019,10.3596506847324
10.3770080134913,10.3165085506188,10.3572949509833
10.348329490221,10.283522276317,10.3492477760175
10.3124642270705,10.2497982572648,10.3370556879453
10.1482014708558,10.221274345487,10.3241867810412
10.0016904701427,10.2041649777743,10.3182587014657
9.90654828444109,10.2175897625951,10.3346837406839
9.94019193047839,10.2574560989114,10.3613112307565
10.0347943136549,10.3068078215325,10.3922295524286
10.1527074305784,10.3547387822597,10.4118306365121
10.2026963118508,10.388103738633,10.4142848310299
10.287953147972,10.3903271507677,10.3970813063289
10.3393097633458,10.3531718988325,10.3563759942254
10.3113524279714,10.286466955102,10.2983229197408
10.2127852676248,10.2021598587018,10.2250849198704
10.1036066371728,10.1100569596497,10.1421808559917
10.0187002493899,10.0153179845942,10.051861363637
10.0007375114546,9.92197654548062,9.95786736127456
9.92491873016236,9.83449872307715,9.86461459426408
9.83190055146292,9.7519497192049,9.77073754397354
9.71107954654333,9.67156510343586,9.69356122862142
9.65140148840216,9.58178892090943,9.59108648921417
9.48156431050431,9.49557029715526,9.49659135882439
9.2788930659871,9.44628073162674,9.44305294007908
8.97739784610101,9.41028902009888,9.4029897842413
8.89222705049873,9.38363260323874,9.37278371118454
8.91264059281029,9.37432011886924,9.35987410105353
8.99785410118413,9.3826422839751,9.3639676221078
9.02228100066781,9.41493967622871,9.39070335024384
9.09079402104041,9.47948351305474,9.44830517415812
9.23568830076661,9.56702937408019,9.52867489834065
9.55761089507445,9.6836505434023,9.63713283131658
9.74172845833831,9.83339404513714,9.77901506779693
9.92903968814835,10.0053479202754,9.94514886834814
10.0805787148498,10.2059065457286,10.1413748207167
10.3167869118043,10.4259110448568,10.3609610000407
10.7807300375452,10.6612683753144,10.5992448041169
11.0743782480081,10.9059976570373,10.8487699204393
11.4342551978961,11.1499870137041,11.0962816570198
11.6539370529343,11.3772622694572,11.3215518968825
10.3016246011485,10.3673862837546,10.3502667495183
10.2732629876072,10.354260289419,10.3494309838186
10.3053437741261,10.3262798271877,10.3410074286651
10.3201066809879,10.2930641701782,10.3256056534914
10.2094897539993,10.2577385960341,10.3037850498565
10.075329222798,10.2192841097333,10.2808658945337
9.98090778617479,10.2320826489928,10.3014528928517
10.0143516871556,10.2742967611244,10.3417328029253
10.109507789813,10.3236108003126,10.3807817575772
10.2070491423268,10.3586681163478,10.3991904778251
10.2187977262439,10.3723288594334,10.3953370094531
10.224969385051,10.3521859996335,10.3651723584826
10.2325427203007,10.3035332479639,10.3140547167469
10.1788010507033,10.2273786275568,10.2430212220717
10.0836543242432,10.1265549724713,10.1511343613274
9.97971322011726,10.0170746741499,10.0491163980857
9.88852446310171,9.91335609186593,9.94904676892366
9.86108286879946,9.8215094392957,9.85579418541226
9.78482808635955,9.74246180013747,9.77092238133582
9.70529384792912,9.67214555247535,9.68953634013718
9.60883076618554,9.60684452613965,9.62717926438928
9.55506599622583,9.53857030058516,9.54414574901508
9.37657254726989,9.47761150515395,9.47601239589523
9.16907444497739,9.43054332505032,9.42679224515367
8.88374328749392,9.3957209860124,9.38996015259749
8.82368599733334,9.37424719702566,9.36636709283854
8.86818482300245,9.3708345664434,9.36036144413448
8.96151424822685,9.38953109722843,9.37436821169331
8.96936856548247,9.43836292847007,9.41589209014956
9.0076687939503,9.52167676585616,9.48883860324941
9.15085058833323,9.63495468986437,9.58980907743563
9.51161975170929,9.78029882480161,9.72197437636784
9.7389180409871,9.94660811842939,9.87530942419659
9.99240026642299,10.1354423563494,10.0534918838548
10.1854615096723,10.3415214971035,10.2513395804259
10.4658245670207,10.5597037026195,10.4640121210416
11.0036644107456,10.7897651886416,10.6938470957746
11.3409853582884,11.0182130414954,10.9220765902984
11.7303743102176,11.2399528238264,11.1438652812887
11.9416763205293,11.4334143159024,11.3322287143043
10.2133120046181,10.3769077760412,10.3451795051583
10.1942464201279,10.3738042282376,10.3492368908238
10.2792425767752,10.3578334695746,10.3437978208694
10.3401555215374,10.3300355282498,10.3246537568188
10.2846604029734,10.2881917606434,10.2921938249521
10.1741064095056,10.2176061033865,10.238797635294
10.0993784959267,10.2549869123759,10.2914332189108
10.1623175586692,10.314247315832,10.3526719666235
10.2677921038578,10.3636780316854,10.3990012838235
10.3383529569815,10.3825978883256,10.4117248445301
10.300663220992,10.37589388042,10.396216015846
10.2198571746423,10.3470731846688,10.3612380378628
10.1882345330812,10.2778405782941,10.2919062279677
10.1181728244164,10.1896885576741,10.2063389525284
10.0242632930858,10.079930514654,10.1027742503154
9.9141061043274,9.95960276573309,9.98814131549669
9.79267105625289,9.84381384594162,9.87403042564982
9.74392896027621,9.75612498347507,9.78444664848796
9.65746889029288,9.68436868459101,9.70826784304852
9.58358179689538,9.63699775406281,9.65098842056405
9.49044901143294,9.59441658737609,9.61305767205239
9.4275773225584,9.5473726954805,9.55359232764148
9.23395840784359,9.50794884312661,9.50671317470135
9.03288736553809,9.46484748530497,9.46134960424978
8.79451388141633,9.43313120215188,9.42923182213153
8.77942073576913,9.41000207317855,9.40628288765443
8.86276463632014,9.400670522855,9.39567086138086
8.97909194429161,9.42276424645284,9.41313191648966
8.97836779742708,9.48264076415419,9.46410191550123
8.99209045126731,9.58773550975589,9.55515632970419
9.12666693028363,9.72653431192778,9.6769414802506
9.49564826408504,9.88949583269359,9.82105083543241
9.73999694257342,10.0708319770943,9.98476705277581
10.0376740616349,10.2651486858756,10.1627607144212
10.2802184393993,10.4705077094709,10.3553875265927
10.6296926648037,10.6831525923588,10.5599244312397
11.2889400428758,10.8958711543565,10.7670699545055
11.6918749354167,11.1051122155156,10.9727374727182
12.1174802802057,11.3003614646645,11.1649298941465
12.3126122021974,11.4690995708944,11.3283258863122
10.2198455173409,10.3766290336423,10.3417700672188
10.2015316087721,10.3885811485749,10.3557611468584
10.2959908207756,10.3854259850165,10.3589131783408
10.3674883487859,10.3654647707459,10.3467193102242
10.3346819415085,10.3159298913647,10.3045275310388
10.2452395264364,10.2600900642741,10.2613123984128
10.1952983176563,10.312288883394,10.3261182276035
10.2907017106692,10.3895401007145,10.4049236161677
10.4039314105538,10.4237433749368,10.4403898760671
10.4558933089975,10.4298978474141,10.4460317482055
10.3917360098708,10.4067986589749,10.4219780137692
10.273609407816,10.36201255417,10.3749287753868
10.2284239999065,10.2852411651331,10.2979836115189
10.1508497487583,10.186629823823,10.201068820336
10.0506771319659,10.064530884711,10.0831905700818
9.92852553659799,9.93410788082642,9.95545610332111
9.78443475269405,9.81694503385372,9.83722158561081
9.72504963137293,9.72699109995378,9.74449709197397
9.63203545265551,9.67824909290876,9.69443695126994
9.55412373038832,9.65185817746062,9.661184628036
9.44813626988198,9.63234426851097,9.64909739574107
9.37677201928978,9.6145034145405,9.62079232908607
9.18696189463534,9.58576777478476,9.58511049130956
9.00384464723144,9.55333393188793,9.55062680537469
8.80587016674977,9.52452198589803,9.52265985873597
8.81663040308977,9.48926780346424,9.48958829523421
8.91981519384115,9.47387493767104,9.47488063256132
9.05469989878813,9.49107994512792,9.48864386353297
9.06102198869997,9.55506988564276,9.54342663761981
9.07694159662368,9.6808084457074,9.65144304609589
9.20492691234389,9.83789917447671,9.78691673369007
9.55237402960512,10.0166888078978,9.94202090257974
9.78148622581291,10.2059244664968,10.1083767390185
10.0748524664683,10.4001885977918,10.2823115542146
10.3355809935792,10.5943595751537,10.4588701876359
10.7191310130241,10.7931863232212,10.6462667859857
11.439420209411,10.9832042995365,10.8273893144732
11.872974782962,11.168942666925,11.0073621547237
12.3140075376742,11.3365229358277,11.1707603958333
12.5022909564869,11.4857626715447,11.3143806613203
10.2868156203997,10.3646988058582,10.3350809755445
10.2717909794938,10.3937420189571,10.363492564472
10.3601664545966,10.4086537221959,10.3824513477824
10.4313733526412,10.4157965324815,10.3961786052809
10.4264120285965,10.400481269653,10.3899891475838
10.3756010059602,10.3742186461628,10.37213739777
10.3691280851088,10.4187347822977,10.4207489102111
10.5075140420986,10.5016740661267,10.5027333877103
10.6217980655021,10.5011227870533,10.5060563814673
10.6410997429914,10.4840908647583,10.4928673591897
10.548063626119,10.4456921737392,10.4563385951954
10.3972495090428,10.3932754941557,10.4030528762139
10.3373657346806,10.3178186094356,10.3257117932752
10.2349827678754,10.2196361104159,10.2275998441545
10.11327998166,10.0918691652113,10.1036807181381
9.97129808679806,9.95746170839139,9.97122134373781
9.81644437896671,9.834266162754,9.84197296881841
9.7635651572899,9.74756910109118,9.75245485412409
9.68006452456895,9.72617420002261,9.73590369064829
9.59670341130014,9.72521955533132,9.73019240868163
9.47409107013934,9.72640716795171,9.73965299172286
9.40550751569936,9.72839828478633,9.73221963317823
9.261116643936,9.71940868555647,9.71748585405506
9.12585406184334,9.69594808290531,9.69278382970579
8.9887459680509,9.66858113715656,9.6675947737038
9.0215566132122,9.62622305550019,9.62964558977454
9.13797580573019,9.59809990105282,9.60435572572394
9.29868348737595,9.59777070543176,9.60283598811955
9.32945037314547,9.66523314895083,9.6602860035119
9.3684433734117,9.80930835079956,9.78549382063856
9.48608300746073,9.98399214375493,9.93392383230049
9.78010632019328,10.1692721051611,10.0905135338347
9.96747800913627,10.3547719094795,10.2489407478091
10.2253449086199,10.5352569592857,10.4054470555671
10.4870351420498,10.7129441897487,10.5632807823411
10.8834788660186,10.8895476499438,10.7256059795325
11.621356356867,11.0553734896127,10.8814362854866
12.0566951799924,11.2139007636084,11.0334914445848
12.4904571785461,11.358233174374,11.1732715969246
12.6723926886068,11.4789915624385,11.2897051168663
10.3247600331811,10.3342662332576,10.3175984947081
10.3184422761346,10.3788537046876,10.3570454416828
10.4055463589755,10.4264085046238,10.4046740445961
10.4787428860916,10.4666739964943,10.4505037023855
10.4990972466014,10.5044156853227,10.4963963055824
10.4758892739831,10.5083546704031,10.5057790076446
10.4932528042158,10.5275060620574,10.5242120203897
10.6409260096352,10.5613016339562,10.5573605995038
10.7437314679064,10.5576662720057,10.5584874415443
10.7388904305258,10.5301956749892,10.536970619711
10.635270148613,10.4876497266886,10.4971696951514
10.4750155623637,10.435041385267,10.4430464997292
10.4045182712637,10.3674618190327,10.37086567562
10.2738701551346,10.2757696008471,10.2764445942545
10.1336621227446,10.1489059065744,10.1564424160767
9.98468621105741,10.022358530103,10.0343603606634
9.8498719965188,9.90954549291244,9.91865806905888
9.82222855706426,9.84584508845761,9.85330031746787
9.76662851926644,9.84083006735331,9.84816122757794
9.68830745725364,9.85267750914393,9.85353747725427
9.57139760202689,9.8764576463396,9.88528732161825
9.52231171283923,9.89562858973002,9.89528650601813
9.43513623284245,9.90582085181873,9.89961893762628
9.34013181760595,9.90179023702663,9.89489175914252
9.23513724514985,9.8742872269175,9.87141354460736
9.26938923844711,9.82694058625375,9.83099867321262
9.38370376837054,9.78958290914427,9.798987599539
9.55769349960692,9.77020444626286,9.77942312024859
9.60767222026903,9.81872680509941,9.81843817338717
9.66385913455841,9.99843556422302,9.97912652785101
9.77202624102128,10.1770243171025,10.1287977842109
10.0268291197749,10.3539405461621,10.2743240205919
10.1864561854894,10.5196872739545,10.4098324125548
10.4155825452849,10.6767763450213,10.5407693093535
10.6613072025748,10.8288260931914,10.6717950418179
11.035180924907,10.9740211709431,10.8021647752103
11.721577758904,11.1078014653564,10.9262049440776
12.1199220697415,11.2356821967127,11.0481905743201
12.5173951914026,11.3495926482458,11.159227571432
12.6907338541637,11.4488436616694,11.2554649759579
10.2947458229401,10.2822055425031,10.2841296411221
10.3128582316972,10.3348971263281,10.3248038791813
10.4248375035558,10.4091469999838,10.3942932689827
10.5236284723629,10.49078355254,10.4773376911006
10.6058076901384,10.5787060746808,10.5741218648788
10.6210379091073,10.5919869160573,10.5852040788226
10.6538065747542,10.5936438714062,10.5860789447248
10.7714535596454,10.5997003171157,10.5949225298296
10.837760253329,10.585008767556,10.5876771755457
10.7997939419954,10.5557617060525,10.5657022359174
10.6965639582611,10.5138494380312,10.5284872558492
10.5413745895135,10.46531255334,10.4791198558136
10.4562075887217,10.4062064436677,10.4141614407108
10.2788850846394,10.3320124508823,10.3354435905515
10.1168879197456,10.2117181737699,10.2225713989294
9.97551435492666,10.102302084638,10.1174346256006
9.9117603540817,10.0231924470433,10.038260949663
9.94839054577155,9.98355343387106,9.99546904674556
9.96629497378509,9.98809597774539,9.99436610834877
9.91620094823863,10.019200859395,10.0167555391186
9.84620527035,10.0667102893737,10.0701571617726
9.85271899140976,10.1101451457587,10.103549563713
9.87352428504426,10.1351557022415,10.1229417104937
9.83536466563174,10.1455493232048,10.1335908420419
9.7545640160761,10.1339524471979,10.1267155355484
9.77487726391319,10.1155780199036,10.1156360582282
9.87645671003641,10.0821857568323,10.0894514557208
10.0642353192011,10.0542494784773,10.0603289036674
10.1366188553205,10.1058871390167,10.105463778172
10.2012896027287,10.2713291705849,10.2546551129403
10.2858580359298,10.4267059962713,10.3806584908799
10.485327897154,10.5701199003873,10.4912867293125
10.6150009848772,10.6927986031188,10.5835453616359
10.8067294845207,10.8134791936442,10.6784078994305
11.0085209911518,10.9284212078515,10.7728394985003
11.3065244586972,11.0420510245609,10.8717442218415
11.8308896428056,11.1473965060274,10.9688925795677
12.1214817880418,11.2454505550013,11.0621112800387
12.4121157302968,11.3269632249923,11.1428812743941
12.5541596618232,11.4027704031373,11.2197679550156
10.1917642034778,10.1732856046721,10.1998591855838
10.2295673579648,10.2421243765963,10.2487490232981
10.3793992971815,10.3406787844935,10.3337182457813
10.5145004862926,10.4483785449957,10.4316836661479
10.6550720784154,10.5439579269086,10.5259487615459
10.6916511085626,10.5900783695919,10.5716303796158
10.7193919115547,10.6052236292985,10.5913250336632
10.7905879528737,10.6031794691597,10.5972232836372
10.8242304815163,10.5874026742586,10.5939920516274
10.7709164858159,10.5619961135876,10.5798501265628
10.6792685483913,10.5250401828362,10.5496124490063
10.5422908111566,10.4807474794169,10.507169951322
10.4541716111752,10.4256076654726,10.4491390834937
10.2572309928518,10.3564317527387,10.3770466063103
10.091719333977,10.2711372017395,10.2932117691309
9.96761019001198,10.1896934631856,10.2131273483529
9.96564675212447,10.1440205006197,10.1644126635167
10.0511735740093,10.1277133215051,10.142851654528
10.128630660548,10.1597180794557,10.1649557181194
10.1096365437135,10.212892729603,10.206131434213
10.0940845831091,10.2796267772557,10.2770890308858
10.1485086219428,10.3437844801797,10.3302111016125
10.2399584656912,10.3951811904538,10.3761211380155
10.2288203040459,10.4283897695134,10.4099163130931
10.1471439172197,10.4390370515426,10.4257218598002
10.1532031581767,10.4439620860336,10.4380950307822
10.2460331795237,10.4456014266817,10.4464727084262
10.4410779633242,10.4543316363417,10.4594967513786
10.520637174868,10.515019933427,10.5180867448368
10.5732825965148,10.6237680221756,10.6114664550879
10.6340126538534,10.7103423340464,10.6658568616215
10.7978417676888,10.7896326590215,10.7135427346329
10.9134591797335,10.8697686849401,10.7653417036596
11.0814715664043,10.9464626382502,10.8184293999471
11.2438519350212,11.0183524723477,10.8726660213748
11.4734854155096,11.0870494695964,10.9295314894082
11.8583364346755,11.1567262530537,10.9932498096454
12.0579256891279,11.2211264196386,11.0567922058661
12.2527329101551,11.2838449876744,11.1201042736039
12.3601496297301,11.3357252184757,11.1749107698136
10.023933162545,10.0474326897884,10.1080017912018
10.07829836463,10.1343456194035,10.1676362870281
10.2771139720852,10.2446241998173,10.2512120460105
10.4603473321507,10.3599747322134,10.3477890671114
10.6682689750673,10.462716554504,10.4356177851146
10.7224777775148,10.53292162711,10.5021623327951
10.7366850467445,10.5633336656849,10.5406531566822
10.7511672786946,10.5747453794502,10.5681509121624
10.751810932758,10.5697599998733,10.5823675688602
10.6907932813775,10.5506756611731,10.5797592849823
10.6177793664711,10.5215801661617,10.5622598801456
10.510868412591,10.4816942808556,10.5267687881717
10.4303790811523,10.4327557701425,10.4774237585366
10.2340395825337,10.3735621915539,10.4155487126226
10.0771049317406,10.316755014934,10.3544915522085
9.97645462798019,10.266620237954,10.2995007063852
10.0319275961749,10.248764332087,10.2744593358238
10.1591587034734,10.2720504991802,10.2878493884626
10.2922831724432,10.3290409896099,10.3324353968829
10.3095444993472,10.4063212583944,10.3950286602561
10.3592700241105,10.500026111502,10.491004532239
10.4627454686722,10.5916360108309,10.5710193443472
10.6128855670538,10.6687605730276,10.642965174266
10.6172610769466,10.7220100546628,10.6976287147826
10.5256465642191,10.7584434854712,10.7401579923737
10.5192484213267,10.7978064308923,10.7863272731253
10.6076399212894,10.8278064128807,10.8224023459957
10.8105242573204,10.8589389980695,10.8554606332924
10.8909922365316,10.8977500743229,10.8920223738566
10.9185597357963,10.9500091970525,10.9312452622913
10.9495870697573,10.9695644202904,10.9255809429137
11.0745949467826,10.9911300969764,10.9206628121544
11.1740369109485,11.0193108884325,10.9249504819832
11.3104100306215,11.0447866019675,10.9307940613883
11.4269973412793,11.0739683165631,10.9469902187424
11.5847004950297,11.1062388420623,10.9717984677541
11.8323615267774,11.1419940405802,11.0053415112151
11.9438603375272,11.1742477968596,11.0404365143379
12.0399353195333,11.2126489916498,11.0828518642441
12.1059163215791,11.2380067686551,11.1143544654082
9.6915933885578,9.9053022454562,10.0083098278677
9.75449090820891,10.0042484615991,10.0716425573297
10.0243565696056,10.1218498153105,10.1481278983949
10.2837183973337,10.2456278942425,10.2358044989514
10.5917953129828,10.3594746878637,10.3226500698786
10.668460003543,10.4448592365313,10.4025819914842
10.6619057159339,10.4979149001513,10.470870012191
10.6038533256558,10.524519604744,10.5212384223842
10.5679968509587,10.5326572203006,10.5551543036492
10.5086856621481,10.5268241391433,10.5716632048567
10.4677687008984,10.507832774009,10.5681200266078
10.4206369663866,10.4767401100995,10.5443091187783
10.3752308911243,10.4365383027886,10.5049422219221
10.2269224124502,10.3904641164518,10.4539378034465
10.1043232952134,10.3517702837274,10.4055222184922
10.0398030509755,10.3270847403912,10.3685273917412
10.1463788649543,10.3377233188673,10.3652471720761
10.3053160962324,10.3848416746055,10.399302847841
10.4954717097764,10.4774418217691,10.4783825279135
10.5658287680882,10.5825059879161,10.5668787895471
10.7147338211594,10.7007407940012,10.6861742178417
10.8816534455744,10.8215065598988,10.7960364688786
11.0900931152319,10.926624425987,10.8965447547825
11.101770298937,10.9999289774992,10.9737409264117
10.994882868685,11.042789172745,11.0257696040693
10.9817054740331,11.1054816182886,11.0950211733282
11.0747297777967,11.1691577904774,11.1639485022455
11.2907932466336,11.2054190824671,11.1979306432099
11.3644509102406,11.2065965191607,11.1941647491504
11.341909110296,11.1971705700657,11.1743594399657
11.3226850917632,11.1803112802187,11.1394568827266
11.3739557673451,11.1538557377174,11.0940172116044
11.4279825014579,11.1314791183899,11.0544414355627
11.4795306471496,11.1108112179138,11.0197830394354
11.5159563780075,11.1045511590618,11.0044665639819
11.5761623463818,11.0972038089439,10.9942852487475
11.6685634618074,11.0964139028664,10.9969987324181
11.6857021955543,11.1028178318098,11.0099771603618
11.6647815591919,11.1093417891592,11.0257297694499
11.6716413392339,11.1192850204635,11.0440998321341
9.4541020682402,9.7511479180215,9.90347250425795
9.50889806687042,9.85157023637723,9.96384335967172
9.80850907262267,9.97137712881821,10.0351367168765
10.1069089754959,10.108436654771,10.1126491230722
10.4684931834802,10.2403213254889,10.2010042281808
10.5609602357059,10.3410365288513,10.2953532500079
10.5523300038723,10.4137261540806,10.3900809279948
10.4757385763474,10.4591908778511,10.4690233121273
10.4318262530223,10.486137394552,10.5260890972452
10.37924307384,10.497299405286,10.5637496907288
10.3549336978155,10.4918639199765,10.5758452020442
10.348061484758,10.4703622750855,10.5626505744545
10.3386853849088,10.4381111623296,10.5315323972382
10.2495897514695,10.4030383203793,10.4881292332103
10.159087052994,10.3744477537194,10.4442725318046
10.112708295196,10.3629984172556,10.4124251294737
10.2215174795059,10.3905656577219,10.4174873939534
10.3776976625271,10.4640312747832,10.4734953943774
10.5834438634459,10.5853676134521,10.5845970166797
10.6825393086558,10.7105520461839,10.6906345734696
10.8869530915275,10.8649751712348,10.8476212268052
11.0845118141149,11.0231474220325,10.9953088743504
11.3154147617687,11.1542083129555,11.123647835873
11.3294906868811,11.2435273986295,11.2209277579839
11.2232244569424,11.2621584200796,11.2529032243589
11.215057988128,11.3277114999147,11.3264562508706
11.3159729450387,11.4153062026464,11.4175470391089
11.5378543096758,11.4398745692925,11.4379129848887
11.6039571081747,11.4177368070174,11.4104284509601
11.5495413387911,11.3770019217699,11.3609595710182
11.4978186251423,11.3153249072219,11.2883404455045
11.4858983482614,11.2533316686801,11.2130353653102
11.4870565156442,11.1903644334725,11.1383776539317
11.4460726830179,11.1343947185197,11.0736681264904
11.420864889474,11.0799880085499,11.0172967115272
11.4289151077596,11.0460551246056,10.9852261669152
11.4677560192162,11.0108228788855,10.9575108672054
11.459413892081,10.9964973746842,10.9539587581284
11.3991838388212,10.980461100006,10.9514625084831
11.3797272535335,10.9716996184725,10.9546906657615
9.13387054986753,9.584794622692,9.79597945210545
9.16195624500868,9.68285542830722,9.85562816289042
9.46433988825772,9.80312298611273,9.92187741960354
9.7855497246254,9.94831940262724,9.99364446235474
10.1926913258288,10.1051425003482,10.0814176153942
10.3162448080655,10.2233871674116,10.1949573828038
10.3379234029872,10.3119716335199,10.3152830200798
10.3021271803068,10.3857995858543,10.4226486182221
10.2770176594946,10.4332503865328,10.5025850977779
10.2365309229214,10.4660879489636,10.5603122408629
10.2196286902322,10.4763830299143,10.5875658992604
10.2548752173831,10.4670465281177,10.5873669908629
10.3033955347656,10.4431159054108,10.5631685369959
10.3181586477336,10.4123750609411,10.5218292706863
10.2752888554668,10.3888934812325,10.4762594140397
10.2407194169979,10.3846811836697,10.4438816312942
10.3132341955322,10.4124663190781,10.438974386236
10.440756139559,10.4983384560602,10.4992199524268
10.6445849530998,10.6344110254799,10.6239218739931
10.7717309401342,10.7930514637783,10.7724126514851
11.0297456128605,10.9701421116087,10.9555949418185
11.2532675560791,11.1486358171273,11.1264423853187
11.5068787310459,11.3100731866145,11.2877442351399
11.5346789989324,11.4507081586517,11.4413951170751
11.4542610997612,11.4179318802794,11.4200343204868
11.4610569656368,11.4637094438468,11.478100952422
11.5685021785322,11.5305470043869,11.5467758832912
11.7816167311925,11.5545897646298,11.5690876395814
11.8334422930305,11.5322037472441,11.5421850100031
11.7464643101646,11.4789734793968,11.4820623365899
11.6556607145383,11.3952084434434,11.3908716120853
11.532840182002,11.2969369397919,11.2846490009985
11.4213693136761,11.2016771622155,11.1822092788586
11.1897045621398,11.1128571628998,11.0896093692478
11.0611501853305,11.0202901876563,10.9994976625444
11.0088388084835,10.9531789071584,10.9387980386614
11.0341938943445,10.8923032699294,10.8901474969255
11.0394499303015,10.8517308454379,10.8654947205555
10.984460232802,10.8205780602276,10.8517308808285
10.9572411072067,10.8004922541154,10.8459578876755
8.96768745041911,9.41585991905945,9.68952999496209
8.97677741127869,9.50446161512333,9.75343466281093
9.25463897281474,9.61762581169502,9.82417217888982
9.56444945896938,9.75077615731703,9.89934868311511
9.97711273861444,9.94643687500732,9.97581288151779
10.1279998221525,10.070322451377,10.1273058957847
10.1943582111564,10.1963711596018,10.2648620161462
10.2322294626838,10.2981821855354,10.3885146816656
10.2390824554648,10.3823273806861,10.4921702368944
10.2062134911857,10.4400480479749,10.5682139021197
10.1809456739796,10.4709572832566,10.6138391754912
10.2238078654194,10.470776235059,10.621891007428
10.3019915601354,10.4499838922924,10.5990328100548
10.3749430470837,10.4218907188038,10.557313788841
10.3541870200087,10.3976601207979,10.5088552831234
10.3165893533896,10.3926064613566,10.4683352901998
10.3525582032628,10.4186029728456,10.4516738539762
10.4570534760135,10.5028607785289,10.5020710643148
10.6528743584575,10.6450237748812,10.6398773517465
10.7879686872579,10.8205137027162,10.8071949946954
11.0576270075066,11.0064876708655,11.0045908173616
11.2856271337952,11.2007880941029,11.1932347203776
11.5535397122188,11.3701001159755,11.3648561967767
11.6006747678241,11.4987978266386,11.5045721383555
11.5505687096239,11.537650972788,11.5584199590339
11.5647497102704,11.5483631670478,11.5826025592088
11.6648872247877,11.5875177124137,11.6278196669503
11.8535487914878,11.6025056923865,11.6438575424554
11.8936213127278,11.5752590666961,11.6144238270355
11.7983628982314,11.5138789803846,11.5475858795912
11.6918739630101,11.4173251028265,11.4447093560954
11.4955034539432,11.2896659682797,11.3118799922142
11.2983727772508,11.1612157544004,11.1799893315405
10.9224407070256,11.0354064554359,11.0544502839246
10.7223277673851,10.9184727780488,10.9417766468541
10.6367659125022,10.8232522020515,10.857094114918
10.6761764988224,10.7425813428034,10.7920050777369
10.7095260865119,10.6810025502499,10.7493798810201
10.6889669078378,10.6354714170305,10.7255270910289
10.6778975554422,10.6017813345871,10.7095437093019
8.80502681875939,9.25805696261937,9.31626355937132
8.7979710423864,9.3419259900947,9.38755456627123
9.01574016081888,9.43581645658624,9.47232373432025
9.27758052705774,9.54551171169237,9.56298812012205
9.66920655707996,9.68831332310597,9.68091336076176
9.86791906269458,9.8930330403959,9.81406700352055
10.0267659335185,10.0750332838995,9.96056564844302
10.221723443933,10.2198603025928,10.1003230691876
10.2960490596783,10.340171684381,10.2236069933564
10.276422565081,10.4171809420312,10.3108450860872
10.225270588383,10.4691947672631,10.3727539253386
10.2457724552192,10.476806531138,10.3867344522001
10.3386972548303,10.459580725641,10.3692700415988
10.4495694813076,10.4263052338494,10.3233971040483
10.4350055152958,10.3985028907412,10.2695883879989
10.3790520040151,10.3895769492438,10.2241405851779
10.3673729886763,10.4216448023592,10.2154822392366
10.4505548596979,10.4996749479598,10.2621701126881
10.6388121592325,10.6339864488975,10.3797185438148
10.7703033727862,10.8002271767644,10.5379945715453
11.0204090405182,10.9850347846701,10.8558713900535
11.2382609414994,11.1717202108497,11.0394603479201
11.5289802771048,11.3321760061882,11.2028576882306
11.6159670744113,11.4518980648639,11.3323848199284
11.6150252667876,11.5192674620435,11.4141685445364
11.6258112366494,11.5545863105251,11.4638140743053
11.6917161861493,11.5848099772763,11.5040940342176
11.8155301107264,11.5939976734149,11.5172599273772
11.8352801838694,11.570888218152,11.4935384940933
11.7470259177651,11.4993440818369,11.4180028921484
11.6371712523749,11.3783136897185,11.2917446730125
11.360410949105,11.231758754021,11.140679388732
11.0535654195048,11.0767508736826,10.9842020737658
10.4870444832607,10.9229777454686,10.8326197108815
10.190975282353,10.7785453993269,10.6952211246591
10.0579611495494,10.6562852135483,10.5852230558279
10.1072011285046,10.5578055477517,10.5035021471882
10.1752481636703,10.4761162853814,10.4421070031926
10.2151528136754,10.4199712652401,10.4079963937766
10.2482858308527,10.3804333175816,10.3884011071862
8.74981712759489,9.1169838092302,9.21851021862534
8.74280180424305,9.20028422460692,9.29965844795185
8.91613568172199,9.29809879004274,9.3964921267927
9.13552760398991,9.42068667002596,9.50841470596709
9.50157624179727,9.57296302725702,9.63738354770203
9.73149182072225,9.77771515114063,9.78461080576408
9.95565641116791,9.98111982889234,9.94035829001377
10.2633465465626,10.1572911667697,10.0932346276869
10.3876643414239,10.3044589014961,10.2317338713775
10.382320075847,10.4113561728259,10.3402101032082
10.313074341886,10.4708610901738,10.4067324408815
10.3018290614317,10.4851685378791,10.4273584592968
10.3810348984838,10.4639054259364,10.4083478408844
10.4746194048122,10.423864516589,10.357705943999
10.4435739869666,10.3862034337106,10.2965172865576
10.368773542931,10.375874591317,10.2510489624709
10.3390795463081,10.3974178428974,10.2341111657857
10.421539937858,10.4696528898757,10.2742396197243
10.6102969383349,10.59362807073,10.377823424202
10.7301612378544,10.7418498797948,10.5132363974307
10.9466060744624,10.9131603307715,10.8165876179563
11.148969164266,11.0848752775864,10.9854867554728
11.4533305986449,11.2351342243149,11.1384749047848
11.5678327590837,11.3521784614541,11.2648006796256
11.5931965262053,11.4368162214638,11.3624757087683
11.5916771743544,11.4798981394414,11.4200972318984
11.6240451681357,11.5131185180076,11.4652198646086
11.6953691249329,11.5336717123062,11.4926234980763
11.7020095820785,11.5174193749532,11.4769415276168
11.628545203035,11.4376821852324,11.3930209929121
11.5306294590638,11.3022692804906,11.2519847612809
11.2371218566544,11.131367032347,11.075733960594
10.8910253900955,10.9523500301684,10.8959074040815
10.2467549893894,10.7727940037603,10.7191346609107
9.90509568936521,10.6049955847127,10.5587796251543
9.74040384598361,10.4639398856889,10.4305113863085
9.76841343989008,10.3453876196118,10.3287514665181
9.83677531467778,10.2554138138081,10.2589182227399
9.8991581169006,10.1858878689026,10.2099291253502
9.96280012828671,10.1384758874233,10.1791169057988
8.71748473693673,8.99684802093783,9.12012433399383
8.71713306150891,9.09058546219856,9.21289101807663
8.82877979297471,9.19902677371948,9.31999868171103
8.98641046137502,9.33499002203502,9.44628243767288
9.31017381361312,9.5046831127245,9.59067442013558
9.5747001217156,9.70701985270146,9.74878494171637
9.87726068345979,9.91467091561418,9.91519116566133
10.3262050223163,10.1072529308822,10.081313476608
10.5206182420282,10.2755664205275,10.2359510835752
10.5536613865402,10.4018936744289,10.3592413465491
10.4712453098843,10.4773096736519,10.4407367646685
10.4059220212353,10.4968344076554,10.4680197223647
10.4360103892362,10.462045325606,10.440007582248
10.4477171621445,10.4022170562104,10.3768407356802
10.3676588098629,10.3492184965342,10.3020657434842
10.2605245030037,10.3292546367182,10.2473213854151
10.2249742078969,10.3501695593708,10.2316123545658
10.3213133461415,10.4036453565588,10.2525092119097
10.5135759953178,10.5090486679708,10.3347550824403
10.6064190381398,10.644293482552,10.4552181598115
10.7569200107641,10.7989333958352,10.7403325215709
10.93021444045,10.9565293202629,10.8934634796572
11.2475186622625,11.1032244602654,11.0406082814594
11.3945194578922,11.220855825888,11.1647301665673
11.4444067366247,11.3012144821411,11.2561077147933
11.4206411747682,11.3545306911191,11.3238759417915
11.4069061030339,11.3842375348959,11.3661317390982
11.4130189412241,11.4144072702657,11.4038031312405
11.4060479645507,11.4194923597251,11.4132255448599
11.3614835570018,11.3299054111122,11.3150263607789
11.2983987917079,11.1798139113402,11.1582912686105
11.048555780319,10.9964226212843,10.970814772643
10.7160444782685,10.79934961024,10.7720579930645
10.0627703308981,10.5981536494258,10.5725347507355
9.69337536403523,10.4159435836688,10.3979221160828
9.48407412582116,10.254237801763,10.2473738830631
9.42862077552174,10.1227312197999,10.1307879648472
9.45010407510234,10.0193124212594,10.0455454670194
9.49086490358938,9.94537643399033,9.98961205223792
9.57843345357675,9.89265640004378,9.95249860538551
8.70313914341162,8.89324208110393,9.01988876274293
8.70059059199667,8.99951821104574,9.12179374819213
8.77517784627368,9.12282107385365,9.24083413306226
8.90017745650245,9.27286219070727,9.37851317926023
9.19886631165699,9.45331150783963,9.53480035312257
9.47354382629624,9.65409410341894,9.70293177978121
9.8052473058578,9.86210917175707,9.87729858125272
10.3151376063731,10.0613460809457,10.0528432864864
10.5490040875818,10.2414283822287,10.217957934634
10.622381899889,10.3897116181475,10.3640732856624
10.5464416070742,10.4814960918296,10.4624890504292
10.4524920695583,10.4973419914962,10.4887145166577
10.4409646858467,10.4417454023383,10.4420982424609
10.3786036829874,10.3549492486788,10.3555523638031
10.2595141473261,10.284812338264,10.2686438793459
10.1323744251098,10.2538683219276,10.2054849066746
10.1009954404652,10.256422798051,10.1754422638025
10.2085644815975,10.2986637441271,10.1883347418445
10.3993936442078,10.3872464913074,10.2544046262789
10.4719967665209,10.5076521716291,10.3586775743191
10.5804703374644,10.6500352106562,10.6293184108267
10.7357746964172,10.7985796124438,10.771554505649
11.0552639563436,10.9418047984076,10.9116689355953
11.2149428847299,11.0572503046962,11.0295800323243
11.2747245016143,11.1402259174285,11.119592485269
11.243871950792,11.1966044824585,11.1864176238113
11.2155663502834,11.2299997768255,11.2314623745857
11.2018933722712,11.2577830520146,11.2643999622718
11.191480771039,11.2510326661417,11.2592408452857
11.1633015086511,11.1693878897796,11.1740388610591
11.1282135718497,11.0238637220138,11.0236492071767
10.9466654576327,10.8345648555358,10.8291951519621
10.6690077183443,10.6278320849062,10.6212621017373
10.0792347838637,10.4161223892179,10.4093533409396
9.71898959228888,10.2162762040335,10.2141376876614
9.48549894959392,10.0499914427184,10.0579814741394
9.34985437093771,9.90519379766324,9.92589853512729
9.31343794240762,9.79105041588705,9.82707999398007
9.29887005286209,9.70837554219294,9.76035640744274
9.37738703872123,9.65372731988589,9.72060933359584
8.64796994178822,8.8016959046607,8.9167286495549
8.61607619322999,8.9190270557699,9.02530025959515
8.63769414880883,9.05703251989563,9.15352481241482
8.73193046488744,9.21821332295187,9.30038394764833
9.00287002268627,9.40244453462157,9.46398510020846
9.27210229456401,9.60215536054309,9.63698165098157
9.60997783613628,9.80800840207979,9.818042876692
10.1591320438413,10.0091897087635,9.99863332083498
10.4408512393943,10.1887410187818,10.1664970757767
10.594882745572,10.3402121002704,10.3188328498486
10.5511795504674,10.4437703866967,10.4297497020112
10.4370159695764,10.4614316691941,10.4607822390771
10.3698717640254,10.3834137926853,10.3873450198379
10.2075728711759,10.2850035448807,10.2905994255736
10.0414764985136,10.2003561816726,10.1927071209956
9.89431029955804,10.1437409952437,10.1179077722456
9.86854670556021,10.132383590057,10.0802295214751
9.98241414608669,10.1608704642116,10.0855897508878
10.1592518550246,10.2308826722559,10.1357491740088
10.2066000507355,10.3351207634622,10.2239712766913
10.2733883193417,10.4692357199332,10.4857051424674
10.4104804820793,10.6128711922668,10.6195399373689
10.7228888095172,10.7550424881685,10.754911906491
10.88749212438,10.8761416993177,10.872755580037
10.9626820138905,10.9604425220816,10.9575234598246
10.9462208460012,11.023582378667,11.023762695592
10.9333488079368,11.0616433620857,11.0678728356888
10.9342452277716,11.0765469061859,11.0872651043319
10.9239410887335,11.0550239416279,11.067079481356
10.9014292446591,10.9797267092185,10.9905894675027
10.9001709016316,10.8448710655545,10.8537564190138
10.8456269272884,10.6637686830005,10.6698115277476
10.6893174483325,10.4578662981648,10.4617693717082
10.2582623360927,10.2430652269698,10.244460795718
9.94109152649921,10.0324933538128,10.0325923016507
9.68592504488234,9.85502315139562,9.86530811574014
9.42901487832843,9.70772884182897,9.72982572126388
9.29190090845759,9.58222653832271,9.61671149354616
9.15070493795682,9.49269779544886,9.54085618699733
9.17342537117036,9.43305889133702,9.49741562252062
8.57704498945274,8.72222874903046,8.81393048927773
8.50700299299479,8.84665082724327,8.92516314288653
8.49473203786783,8.993361169437,9.05926594214303
8.58006856558238,9.16232361060764,9.21307747797329
8.83919538373276,9.3474935598187,9.38012463694218
9.09406309660463,9.54375304888669,9.55530917244303
9.41704358602479,9.74310028745356,9.73337015355072
9.96719078934332,9.93320047451285,9.90849136778143
10.2749788383324,10.1055434253499,10.0726911734264
10.4888142861003,10.2458259267675,10.2143637119373
10.4744583063907,10.3396187667528,10.3169227018075
10.3601881095072,10.343628260454,10.3308334152344
10.2686429184514,10.2693437411306,10.2633517766891
10.0664824660628,10.1646661915939,10.1619321075643
9.88648769276942,10.0677731259658,10.061943874592
9.73578399687151,9.99718233958581,9.97978909981195
9.70847423964883,9.96804883808496,9.93577175474114
9.81572038073922,9.97370036104545,9.92602966486173
9.97610851211205,10.0362343283648,9.97347496270744
10.0139417436183,10.136906394462,10.0607687497111
10.0716613024881,10.2638647776257,10.3145215828341
10.2025434293608,10.4052191680446,10.4438892809414
10.5020428706737,10.5445688537137,10.5716094984545
10.6613830775012,10.669513293369,10.6861246223882
10.7507236258725,10.7654096215159,10.7729719311965
10.7614592962321,10.8363799747933,10.8401195352662
10.7817480751875,10.8788544531611,10.8819139608515
10.8150913460771,10.8885811795361,10.8945957058834
10.8040585255463,10.8604238788686,10.8693482273192
10.7669125370144,10.7909814469733,10.8014076225418
10.7751715826515,10.6681646344463,10.6783755019475
10.796716413845,10.5027679492094,10.5120295422303
10.7225600508438,10.3082432039186,10.3152396880213
10.4046023390944,10.1009805860166,10.1053707995838
10.1244741187812,9.89276789333726,9.8959786308988
9.86739574486603,9.71166751276527,9.71904740748422
9.55327078564852,9.55032415922038,9.5651264402117
9.35972774712796,9.41429430272378,9.43764468934291
9.12651149529817,9.30937612257889,9.34397780074115
9.09065298662706,9.24559546102654,9.29649547113798
8.48763219154932,8.65087934854229,8.71155572917404
8.37131487782223,8.78188221185881,8.82674778533488
8.32898956574162,8.93543497247355,8.96620504567378
8.41232185794106,9.10576693827928,9.12192972374748
8.66263443960776,9.28905582527921,9.28857698204131
8.89793076196847,9.4762019758912,9.45882000947218
9.19803156685719,9.65904260557095,9.62617003509973
9.73925132659374,9.8374885773846,9.7915942113003
10.0691122401424,9.98759871241092,9.93604357416538
10.337584397659,10.1032967947729,10.0529721745183
10.3496385162395,10.1701055608258,10.1270715825292
10.2386055774342,10.1666026192774,10.1333499484533
10.1342236040056,10.0970185099838,10.0734482565001
9.91996895275347,9.99841119691114,9.98261627040675
9.74277384287189,9.89226528918535,9.88015059199969
9.59675409879843,9.80848564574891,9.79570801613118
9.56299128558649,9.76209420208018,9.74465453456922
9.65617535128376,9.76694477507819,9.74157415740403
9.79829359698367,9.8200933234692,9.78515179097997
9.83378579033704,9.91582332837216,9.87016079564626
9.89485113680073,10.0409808902434,10.1230003254801
10.0211158256875,10.1805804780324,10.2492634768218
10.2989814072656,10.3214602640962,10.3745933878038
10.4468659825933,10.4497108735732,10.485355060778
10.5526344606708,10.5623080935176,10.5802519958998
10.5999441249519,10.6457182695017,10.6490277758424
10.6640213728131,10.6964421717841,10.6935993796705
10.737334150625,10.7070448190204,10.7051499425467
10.7222569607964,10.687223372664,10.6893404776878
10.656647534629,10.626162978117,10.6312657550901
10.6620257978364,10.5143015276102,10.5207081256405
10.7372452677754,10.3744035845806,10.3802448297537
10.7284852857239,10.1900598808755,10.1943204612029
10.5039778194737,9.99795924496306,9.99967812725149
10.2592402392563,9.80075881108871,9.80110745505525
10.0115610390185,9.61679579399986,9.61785583578692
9.67464952760722,9.45209364784809,9.45509544150595
9.44728816905898,9.29601180567682,9.30226992125507
9.13586841127947,9.17892674552725,9.19166213601845
9.03533975872322,9.10684891848993,9.13818317582752
8.37120857196334,8.58777853850692,8.61557066746383
8.19362219110839,8.72399221740501,8.73453230393509
8.12211615729804,8.88111216259534,8.87760890833017
8.20797562928267,9.05009519070793,9.03210834914986
8.44112512327663,9.22692023426885,9.19389626700399
8.64094143280227,9.40086001785004,9.35345772385632
8.9020942295282,9.57096275406975,9.5101710028443
9.42353595033756,9.72017219488927,9.65007614234754
9.77580968069802,9.85110302916923,9.7764966951714
10.0952265139714,9.93947721121215,9.86634770123974
10.1242801719618,9.98189338517145,9.91569736685837
10.0060737001349,9.96594670730242,9.91049770691977
9.89675415689772,9.90035267917048,9.85707432521759
9.70592566824897,9.80115148323715,9.7698979773739
9.55670721121573,9.69365178409478,9.67260448728537
9.42839750923838,9.59651859474296,9.58387896959193
9.38049185333702,9.53674244699402,9.52752954288741
9.4483925198446,9.52981071432106,9.52060266396633
9.57109004271478,9.58681113029665,9.57465038431531
9.61495727422757,9.68528481931606,9.66614161627911
9.69022526866077,9.81021252422893,9.92140450042818
9.80340659418442,9.95170587319865,10.0497370231157
10.0290047535702,10.0956521669909,10.1755274631485
10.1495077544054,10.2345605696228,10.2913590741212
10.2771575241007,10.3584700172847,10.3891253208274
10.3819340334611,10.453032273975,10.4602916179736
10.5127995594364,10.5219350244244,10.5143929756427
10.6422679255225,10.5429656047514,10.5368349775978
10.6171219163834,10.5325829887369,10.5291781491513
10.4996893582969,10.4845629310892,10.4838584755586
10.4852087756001,10.3890303975554,10.3890324816141
10.5904298080818,10.2624939430251,10.2621234386067
10.6316149827759,10.1045215070902,10.1020214489593
10.4853618918214,9.93350215716278,9.92801386997069
10.2819762585047,9.75164684447654,9.74345083459972
10.0688278298719,9.57579065247121,9.56584842382489
9.77197350600669,9.40080023369426,9.39097706471016
9.54857465699441,9.24932865237939,9.24173233820186
9.17448867297968,9.11808049924727,9.11469634630678
8.98997502032591,9.04883482525024,9.06892787926772
8.34718723478994,8.54349905789584,8.54234441168208
8.14929503770199,8.67914132112695,8.66088405756304
8.07311907570642,8.83484308266823,8.80254762019174
8.15861823619249,8.99817864199708,8.95122347250919
8.36972743019017,9.16370062483201,9.10236843564951
8.54130587090059,9.32397960386017,9.24892323673111
8.77537152050265,9.47234119049871,9.38600861253256
9.27949424273017,9.59844436174358,9.50418001779663
9.63517409762066,9.70279248433535,9.6048424253756
9.95778747139924,9.77208465997135,9.67639628848645
9.97717272496979,9.79169183391721,9.70318856000462
9.83838694920584,9.76187221112365,9.68482681791061
9.72793418574698,9.69569554215401,9.63252603718602
9.56418179946881,9.59767379000313,9.55002742323739
9.43893558383342,9.4867235509989,9.45419494360932
9.3240694096811,9.38233111432074,9.36492354402764
9.26870918061519,9.3079437026465,9.30282821438683
9.32529594215637,9.29986212759572,9.30297981755724
9.44783741324124,9.36030610656094,9.36598439965281
9.50273331621074,9.45903477210684,9.46383526924757
9.58370010845663,9.58587239872908,9.72372973308911
9.67971103385627,9.72735510567683,9.85465168989234
9.85845278242201,9.87490787936689,9.98471386746875
9.95591756079381,10.0196639582904,10.1047993192512
10.0914714626445,10.1549854253494,10.2100978972646
10.2270622485044,10.2678537799334,10.2906483819448
10.3934973855481,10.3494754901969,10.3531172800205
10.5534336999374,10.3912385096916,10.3910992990298
10.5255306840903,10.3936131835138,10.3912200619763
10.3848658375707,10.3669307147347,10.3627393339543
10.356672692428,10.2935391469752,10.2880896674377
10.4550271104957,10.1834984337302,10.1757178027849
10.4982176283408,10.048921698245,10.0380467349447
10.3627155873315,9.89461757372738,9.88003838665173
10.1779150878671,9.73474284411956,9.71595766879673
9.99797258346555,9.57462383765692,9.55286797411225
9.76878697103061,9.41346781168596,9.39114940546914
9.58107663889927,9.26707519469308,9.25007708769883
9.20886296814262,9.13610841795042,9.12981049726594
8.98994152914415,9.05457124448449,9.07336560843958
8.43518267626261,8.52207481406506,8.50660645941478
8.24925917930523,8.65648935006549,8.62149854310951
8.18602074800269,8.80058568389871,8.74719262746078
8.25958826193473,8.95319086043232,8.88398397953039
8.41176893032787,9.10298977149552,9.01823288971791
8.53024449427161,9.24627626677755,9.1487545646092
8.71730264463648,9.37228656858412,9.2637132754624
9.17778298889257,9.48466106829814,9.36871362041702
9.51439296295004,9.56240503493968,9.44406527978732
9.79612795418689,9.60316334281459,9.48740890892222
9.77657201623753,9.60544466905332,9.49699768566956
9.58913099676528,9.57227053785778,9.47572179517973
9.47190853141297,9.50052191784573,9.41879799849611
9.33638120247916,9.40141754551579,9.33738318606528
9.23531080923948,9.29131756735388,9.24627218908563
9.13314505280882,9.18885653820967,9.16305439747911
9.0765939080743,9.11332605523136,9.10573741098303
9.13534757752069,9.09809815678725,9.10440383684705
9.28343503833678,9.14946573582306,9.16709287886851
9.35834096852318,9.25110580603012,9.27342003108476
9.43383981517652,9.3734961354407,9.53678363245706
9.49308839699566,9.51330247994172,9.6706083780394
9.59589436064999,9.66173577942589,9.80629735769475
9.65801114948256,9.81020579615648,9.93166009379349
9.79137923617871,9.95186210214388,10.0437782071635
9.95327868517725,10.0787703295568,10.1391273229737
10.1537990183247,10.1764723363946,10.2123516381315
10.3564669941824,10.242742512217,10.2608945041392
10.3455274216141,10.2705750065542,10.2767805133539
10.2136748023847,10.2677490087827,10.2654643502515
10.1799483158713,10.2157057767816,10.2075945404352
10.2504022885808,10.1283413672965,10.1154439507413
10.2666234351292,10.0112096915244,9.99389307807967
10.106954525825,9.8776909929549,9.85506531140417
9.9393216360805,9.73825685562704,9.71081341578194
9.81245383859275,9.59772593917753,9.56593470239804
9.70788499706716,9.46452963255102,9.43240782888198
9.5986037212898,9.33608143843572,9.31188939068994
9.28198297898497,9.21792924794073,9.21103112012648
9.05250859657369,9.12228430413198,9.14386068198526
8.56870888591462,8.52662764816334,8.50940894474639
8.4136132442496,8.64575010385499,8.60267014297548
8.36490899520192,8.77914561287263,8.7147944882005
8.42109343070389,8.91533117734073,8.83236892958931
8.51755411618521,9.04678218815916,8.94709483685915
8.59277295295991,9.17154671785657,9.05796408339567
8.74060700570267,9.27848477918205,9.15387569139381
9.15300156050434,9.36695928322468,9.2354253176627
9.46051191638017,9.42418816061809,9.28979330720685
9.69692201974077,9.44648724912081,9.31496385413539
9.64873417642871,9.43622145138899,9.31236801289188
9.43224979413236,9.39302594718122,9.28112674717371
9.30821371048341,9.32174665927222,9.22539981365497
9.1736954521359,9.22507011926199,9.146421157782
9.07356662508796,9.11923217319604,9.0606647430052
8.97108351560395,9.02208784287494,8.98518707564864
8.92091654868553,8.95667862318049,8.9413109762693
8.99450805318125,8.94214582321348,8.9471760479273
9.17388677824137,8.98448200385256,9.00764506464352
9.26192818351097,9.06832752911906,9.107296401268
9.32675635169163,9.18141097667353,9.37017172293625
9.36092058339589,9.31590371635501,9.50747116949318
9.4212985920575,9.46242499951651,9.64537550077346
9.46389750620234,9.61088739650733,9.77702463985854
9.58687593228077,9.75669528778004,9.89614257195209
9.75255934347154,9.8923584861535,10.000991628543
9.96490834521108,10.0104252701634,10.0884279230062
10.201666290746,10.1022621534424,10.1512112310054
10.2212295172434,10.1587614279323,10.1836874448763
10.1285264485245,10.1857757149742,10.1890027354564
10.1036121830344,10.1559860227319,10.1499625170518
10.1540506869281,10.0865925361047,10.0733283431046
10.1443411491384,9.9830288935406,9.96520972055862
9.95805824308462,9.86734107134178,9.84296143327757
9.79644326661661,9.75182936425242,9.72063483248536
9.69822462871169,9.63382830201406,9.59682681079472
9.6649675912587,9.53344840241032,9.49520846344455
9.60602351873743,9.43050431796357,9.4017327325733
9.3451724241339,9.32667549196549,9.32021232330148
9.13323342330315,9.21302760803755,9.24187601882217
8.81565245990295,8.54111219603483,8.52688333279069
8.7147857137448,8.6480595804544,8.60506640268674
8.67909458569357,8.76810267967608,8.70068064270068
8.69940880816562,8.88614946658311,8.79713906514078
8.70389032523983,9.00245366963296,8.89565723569199
8.70882165839411,9.10326858984401,8.98115545448051
8.78578314861676,9.19427035597717,9.06044121961408
9.09576355676823,9.25932640481457,9.11841042253513
9.34348299528169,9.2973237755045,9.15388477331304
9.51811894111357,9.30803562276989,9.16651161488833
9.45167114022821,9.28850725054382,9.15478135368036
9.23027564510815,9.23576266789447,9.11328712023693
9.10316662678501,9.15969449215959,9.05206728456438
8.94704596094268,9.06870917468967,8.97906901119901
8.82544653816239,8.96962965067903,8.89979540754049
8.70840750120519,8.8813971435479,8.83316731769944
8.67082697275503,8.82168123223511,8.79745436496826
8.77532462879014,8.80062985841082,8.80226462222124
9.00423059429259,8.83373831873986,8.86191947378673
9.10679362474555,8.90747611634088,8.9618677339583
9.15684947176396,9.01046418646159,9.2261166437935
9.16845705147034,9.13482865105443,9.3619323228038
9.19768726632376,9.27509667385863,9.50345367589782
9.22299950715515,9.42341123942123,9.64035888067858
9.31973100753255,9.57146041282278,9.76640121042568
9.47406222080653,9.71330652934739,9.8779222273415
9.69375852199098,9.84738302661559,9.97707071478351
9.99455686379377,9.95814222905775,10.0510064508782
10.0825009343047,10.0520582978964,10.1056604991261
10.0780989397896,10.1061682628542,10.1250622128345
10.0742022867678,10.1019655738796,10.1033459075272
10.0957519764766,10.0473399243113,10.0400046510241
10.0496238527933,9.95704940920076,9.94633400042752
9.82856482742889,9.85357441024954,9.83752908620121
9.66932023671723,9.74863309350201,9.72632267407931
9.59237638867988,9.65522444284973,9.62453336618411
9.61597360345373,9.57988445739518,9.54481293800987
9.607183863808,9.51416545862866,9.49053391497052
9.43218226937677,9.4226524003666,9.4255559201268
9.27169887645446,9.29989077786259,9.3416622354763
8.96423003898422,8.55763330655847,8.54957505050998
8.88641651659837,8.65551692625509,8.61748627400692
8.84474563501215,8.7605242421532,8.69629048134263
8.84058409264774,8.86176807943456,8.7740606919657
8.79324413468455,8.96082188257109,8.85354386071101
8.75547006952762,9.0442666263571,8.92109728196218
8.7819938466248,9.11347869807815,8.97772824924527
9.01069432047734,9.16102301950185,9.01794045993407
9.21609673922204,9.18239690343264,9.03668888586511
9.37083558627367,9.18165063743545,9.03769625130813
9.31985419184344,9.15197229584779,9.01467551472762
9.13371710042889,9.097794465403,8.97112261836478
9.01628033367253,9.02167109393989,8.90982193408052
8.84147931364379,8.9326320884633,8.83830645455717
8.69695421916995,8.83965530285537,8.76422931690085
8.56349094804322,8.75639726575871,8.70148738353509
8.52803309235036,8.69901641716729,8.6683584275764
8.64685874262553,8.67623202916167,8.67552431474756
8.89397156712661,8.70032368012681,8.73601356738864
8.99905755753777,8.76606152110897,8.83958041070969
9.04637806115381,8.85511372521062,9.10046479309083
9.06005291832797,8.97397819802258,9.24185797419308
9.09654224247192,9.10447858315371,9.38222431071561
9.11929906659312,9.2475915819044,9.52157298969503
9.19311426559771,9.39435760526645,9.65116262630834
9.33128932587897,9.54097540695169,9.77015145263018
9.55083255611618,9.68106920317679,9.87463392061132
9.89660977433137,9.8090764708547,9.95929560670881
10.0329370444572,9.91954517884712,10.0239229503908
10.083682637101,10.0063245668738,10.0616192634712
10.087386732899,10.0488140794568,10.0688409595392
10.0860319643412,9.99096473515558,10.007532569446
10.0208582144844,9.90560926269744,9.92127720490782
9.78606928756103,9.80844127035519,9.82338376521584
9.62511524738973,9.7187652540016,9.7246428563712
9.54710881002352,9.63888411752754,9.63380788156358
9.57338404509871,9.58051782535817,9.56448940992975
9.57959188213505,9.54794027604721,9.54308296531104
9.45726768315463,9.46416979230865,9.49309940520365
9.341199804881,9.33756272466273,9.40665555619207
9.11528255701802,8.576582534277,8.57766356604959
9.03000069105028,8.66517161978678,8.6367115310612
8.9508079418069,8.75457066291575,8.69899187176058
8.91942703910948,8.84374252686034,8.76396058184243
8.83075527115289,8.92394472461017,8.82322148189905
8.74880283412867,8.99227045598613,8.87523280481829
8.70791647747601,9.04602499410193,8.91615490180342
8.81632416753564,9.07975468521889,8.94152403992369
8.96768783683963,9.08705411121982,8.94558108371863
9.13381963654045,9.07257321071083,8.93376477579232
9.14511055781636,9.03691864238093,8.90462062668141
9.0639818765241,8.97755945148354,8.85594223313047
8.98297838124328,8.90385419179685,8.79648615167555
8.79655486526967,8.81851362500638,8.72865771902935
8.62199238377339,8.72815554489722,8.65604692387373
8.46223557066752,8.64799819651764,8.59633616726017
8.40749411825554,8.58968273486333,8.56102186712586
8.51813497799668,8.5626230136641,8.56588488428646
8.7440886589524,8.58637415559425,8.63799132888288
8.83552938424797,8.64187623477713,8.74301064828593
8.89126735403832,8.72212251010946,9.00643244906924
8.93497920267378,8.82717248350889,9.14345988030218
9.02070627266217,8.9509681761615,9.28269973688031
9.05083606487286,9.0834739335291,9.41887794789451
9.08639158972992,9.22639403572294,9.55160814738934
9.19243470389507,9.37038859509672,9.67090192837117
9.40360300578744,9.51202952848206,9.77827796102163
9.79833722424809,9.64494613961661,9.86763328097874
9.98476208392134,9.76244811619394,9.93709525433866
10.0730449009401,9.85393409675284,9.98197765151176
10.0626308006337,9.89100743161259,9.98536226369825
10.015434238175,9.86987487312758,9.94949316829002
9.93125387246581,9.80873204516648,9.88271738208468
9.6934385314441,9.72902472445492,9.80016201131829
9.52994017279307,9.65567345075394,9.71365028444711
9.43838192305718,9.58586129991904,9.63060045752072
9.44227301664666,9.52228131611991,9.55542580957654
9.45942086952627,9.47204686767058,9.51134275001968
9.41534118993435,9.41533197800784,9.49070099521093
9.37322331922427,9.31812691963403,9.43457754884829
9.17272741278442,8.59622226393318,8.60917214391337
9.05202541444501,8.67500723312458,8.65913575343275
8.93071428736955,8.75445443604724,8.71224667564
8.89005519304756,8.82887017651903,8.76227241495393
8.80152067436624,8.89317380458582,8.80522084014896
8.70713682627116,8.945269999214,8.83964781293915
8.63338237513523,8.98299640401408,8.86442771340243
8.67490265495705,9.00233196186759,8.87591117111935
8.80045206559343,8.99967078469543,8.87021619319565
8.9927549317433,8.97937384478232,8.85226362393908
9.05741689253583,8.93808011542442,8.81801482453391
9.0613293515738,8.87792209144598,8.76968221044718
9.01526850977815,8.80421613793699,8.71121755832516
8.84129242522799,8.72108102172921,8.64587027393995
8.65918591201131,8.63636989579167,8.58093407507897
8.48670613667348,8.55958226880193,8.52593682114612
8.40213708160034,8.50088960684156,8.49273585664698
8.48211173182473,8.47197086111038,8.49858653404152
8.65521831480156,8.48774914445214,8.57059679249006
8.72365084886616,8.53297632949596,8.67332761413392
8.78811410269926,8.60835349271591,8.93776596673684
8.86330598929826,8.69862061492983,9.06631930769557
8.99749442275024,8.80975297562487,9.2022398072176
9.03777477325282,8.93329404613957,9.33658022599831
9.04986115062726,9.0659161275445,9.46501523558537
9.1328575191317,9.2031146742795,9.58238537500486
9.33207371523056,9.33931977587646,9.68879020466881
9.73444542235348,9.46717914693308,9.77754967179361
9.9275229078218,9.58208620016799,9.84849469229177
9.9991136818256,9.66651214303843,9.89147378093185
9.96111287545286,9.71100024267606,9.90305161900959
9.87857295959516,9.70784048727252,9.87979424242782
9.78897058187739,9.67123119709204,9.8306445609333
9.56128259945064,9.6199527923293,9.76859444111155
9.40049564905665,9.5561000286603,9.69482245948724
9.30248985234793,9.50070262485997,9.62631708591003
9.29728892890246,9.44421109444636,9.56185167371112
9.3273340045979,9.39730277478927,9.52281038785506
9.34117122624678,9.34062361396196,9.4888182830895
9.34946967552228,9.2696483752544,9.44984504639671
9.2177950789327,8.61362302301607,8.63984105506177
9.04390280694694,8.68423496377863,8.68384915649412
8.87181717111387,8.75258745105221,8.72728214031332
8.82726456588789,8.81420751135781,8.76503216184705
8.75481320045033,8.86428711167995,8.79413036319469
8.65991470157282,8.9039814606857,8.8159928750428
8.56535828151856,8.92639671588419,8.82535889354813
8.55731716699778,8.93668540835918,8.82782561414821
8.66521852838656,8.92462734089061,8.81336129354295
8.88467445843095,8.89791573718793,8.78966657528806
8.99618301600013,8.85256407243999,8.75257743640185
9.07560507176114,8.79309127493672,8.70620074468139
9.06636331386052,8.72034348647811,8.6503145956362
8.92289302689822,8.64120552765563,8.59173939661948
8.74799194384192,8.56199440771582,8.53575166707778
8.57088132508957,8.49214631141773,8.49438588350237
8.44737431418036,8.4392696008305,8.47440666563748
8.47963309759529,8.41032339713994,8.48794357369237
8.57380876568321,8.41612195791028,8.54833433351045
8.6087713161974,8.4493486927328,8.63844408549857
8.67717520775809,8.50744915389122,8.88986289370017
8.78397688472026,8.5872498536801,9.01354627418157
8.96794753190956,8.68210502402501,9.14033128427193
9.02100865250457,8.79418140751626,9.26777806965723
9.0164985034252,8.91696101984181,9.39150888114298
9.07870946904051,9.04244136308094,9.50418047515095
9.26101730127805,9.16782679854856,9.60628467926029
9.64567568414732,9.2874619850743,9.69320753333389
9.82110007785962,9.39273761067486,9.76135777920352
9.84549049738331,9.4749385658793,9.80671577725476
9.77112223969259,9.52198767824562,9.82295880948281
9.65653765560757,9.53276004250173,9.81065138561566
9.56841238254228,9.51777306393965,9.77818053179677
9.3603912049746,9.48725204311486,9.73288724392118
9.20906628622628,9.44188075502096,9.67465568783985
9.11429388891544,9.39729041656343,9.61902734951451
9.11966882276756,9.35208687127878,9.56798895770979
9.17399723302314,9.30670631863342,9.52739688788027
9.25093862644227,9.2571517836718,9.49326459405286
9.30647394642479,9.20070800482361,9.45908507270384
9.31010460375519,8.62907548890077,8.66960962987139
9.04843781880616,8.69075183040868,8.70733689078839
8.79837683408568,8.75026256500286,8.74429510550981
8.74956030157713,8.80027065488811,8.77222187399887
8.70698909709838,8.83865508091584,8.78924517824555
8.6228782266088,8.86531640254241,8.79858654718749
8.51780782752999,8.87919236698852,8.79989218149375
8.47209589646377,8.87832633462198,8.7918344503099
8.56513821509275,8.85844208983627,8.77150194590115
8.80220394665272,8.82710622988801,8.7441569921484
8.94694169914919,8.7805036928101,8.70686522546193
9.08878272125158,8.72069785646889,8.66314569007065
9.12495381890256,8.65088396914196,8.61302964597181
9.05260409751804,8.5758240980417,8.56184171693352
8.91543939666723,8.50296045910964,8.51743805984782
8.75013307231733,8.43728198574529,8.4849740617253
8.56899706557428,8.38877298269198,8.47674393777836
8.51757299809852,8.35958014544149,8.49423827970722
8.4728795950701,8.3569171683799,8.54660536286651
8.44514981630436,8.37852422660589,8.62623101601245
8.49622195570632,8.42382646656842,8.86642991014408
8.63164135956643,8.48898826550218,8.97813802511353
8.87130352381282,8.57225677205493,9.09556044124904
8.94615064052969,8.66754210258129,9.212553919466
8.93863759073213,8.77661466171732,9.32923307373133
8.97997224200586,8.8891565308701,9.43532226758769
9.1303594263895,9.00294394317495,9.53163293163198
9.44484530172921,9.11192958981811,9.61431945041197
9.55744498696072,9.20877086587512,9.68189087450764
9.47970232568391,9.28584551889057,9.72723599234869
9.35281362007491,9.33514870117698,9.74818129922886
9.21208258695107,9.3589892656507,9.74771631187521
9.14014007382414,9.36111911103228,9.72946435129038
8.97719673436977,9.34309719055728,9.6945385867555
8.85507439140457,9.31426717771396,9.65158747682471
8.7890800677619,9.28317567147295,9.60913191147471
8.85327395937274,9.24685351458587,9.56607239774101
8.96214793985169,9.21089224059384,9.53054393961489
9.12891513450021,9.17075310330483,9.49870257115329
9.23873188313969,9.12350286341811,9.46716098877405
9.40487067894901,8.63909317450322,8.69403558776087
9.09880989232889,8.69411531286856,8.72696338858332
8.80683959177774,8.74406047655813,8.75738139276218
8.75102552624879,8.78265758639984,8.77612302641359
8.71659241147747,8.81162393310286,8.78481301622841
8.63944020605161,8.82877101645293,8.78595191625508
8.53757970345432,8.83300634848904,8.77937693727633
8.48974248366413,8.82508983267705,8.765808987319
8.57814341756709,8.80049931446987,8.7422053926404
8.80363432464065,8.76419663074864,8.71207732438895
8.93970540466094,8.71646754441211,8.67645362173658
9.08114562598952,8.6571994632438,8.63526533395174
9.13524031566952,8.59171109596323,8.59243026885684
9.1158637087223,8.52183136332662,8.55070458158107
9.01475459103218,8.45391041327568,8.51590603309679
8.86754408870001,8.39212230517529,8.49176067284206
8.66038069411048,8.34482479218518,8.48916050645303
8.56160674393493,8.31505148060262,8.51010548794597
8.43471507022515,8.30653510628167,8.5578032131263
8.36390650010319,8.31902140351221,8.62861564830289
8.38163330482906,8.35268033697749,8.85672854895042
8.51365287129366,8.40544491747813,8.9581137933624
8.76664114690673,8.47216497418884,9.06322138838313
8.85583062328544,8.55566414438735,9.17182176096816
8.86276744908027,8.65036968841723,9.27850076649405
8.89872823665493,8.75006406032646,9.37823890525425
9.02581653555709,8.85224219316349,9.46883141360851
9.27401903766346,8.94948609870882,9.54764968077851
9.33260957433837,9.03728264648207,9.61039396845561
9.18762278128442,9.10831317011939,9.65555347781165
9.03821582395512,9.1610416348723,9.68216810396297
8.90078330123004,9.19019266721001,9.68822679473366
8.84774443621647,9.20274353753809,9.67970917602
8.72241790326907,9.19982877438537,9.65862648644648
8.62873215474681,9.1859482669167,9.62881199398485
8.5957395126615,9.16508939875837,9.59584915630388
8.71792546122621,9.13980543779018,9.56212605067675
8.86435042465311,9.11211938183395,9.53150054201388
9.07176615727558,9.08069161606856,9.50208817087971
9.19989108849639,9.04475781390896,9.47433451840551
9.58371430180362,8.64696350987772,8.71542117899733
9.25922455349434,8.69306000996357,8.74142539860482
8.93892016336362,8.73260900711535,8.76244911497516
8.86532196460363,8.76348406321641,8.7756456673482
8.81461150828757,8.78409271430771,8.77963332639054
8.74000766946331,8.79276556042073,8.7754296575475
8.65163747624129,8.79109350161751,8.7651465676402
8.62642226133692,8.77630224833931,8.74727254352127
8.71308373612563,8.74981188179242,8.72375654393806
8.89362924868352,8.71136199438422,8.69385551880645
8.98282096552311,8.66224748572359,8.65971739734853
9.0767959104,8.60458842620048,8.62274793335826
9.13788377428807,8.54101706137386,8.58559053011978
9.18149498730024,8.47509682920348,8.55118780081358
9.12886617742674,8.41048341302901,8.52292189284995
9.01021843146351,8.35371324611566,8.50851123615553
8.79061291190419,8.30731000751202,8.50990966696061
8.65476973348752,8.27761236657345,8.53409901801854
8.45381843489099,8.26175129062548,8.5748589061116
8.32870271843334,8.26756644966493,8.63878802688318
8.26427890267106,8.29017526012756,8.85660529580101
8.3520865964316,8.33218492761348,8.94698369441223
8.58145743468592,8.38813574807901,9.04349431531211
8.68687567816084,8.45699996036546,9.14028472002865
8.73109107189466,8.53878727584008,9.23806001306004
8.76769040833555,8.62620045676413,9.33013811475529
8.85946993696215,8.71537359109545,9.41430605641874
9.00150222743642,8.80173326308571,9.48834140444271
8.98435976960137,8.8806446265074,9.54777656710587
8.76994199722707,8.94569669100575,9.59175627801453
8.61395968963797,8.99737774795511,9.62075169926584
8.5091786841013,9.03400169020646,9.63535778987811
8.49116609293493,9.05535972937938,9.63516002775657
8.4287564553916,9.06274207875937,9.62345379830812
8.38716070988838,9.05899046515764,9.60363588590835
8.41431871586402,9.04965516289031,9.58051400635089
8.62212881882991,9.03477153090224,9.55498783458306
8.80350228566275,9.01611436126039,9.52944378379919
9.01954512511053,8.99413077221981,9.50457181459934
9.14333931093588,8.96825059819153,9.47998182071799
9.70230951468413,8.65083254731896,8.73236426591962
9.40439061387241,8.68770657008968,8.75124487522913
9.09698975367448,8.71845721283243,8.76555417302096
9.01221147813315,8.74106298973923,8.77308840637002
8.93857029045998,8.75521902365959,8.77413874341614
8.86155379194579,8.7580837402557,8.76752602626718
8.78494785935828,8.75064034950417,8.75447927698736
8.78376769156564,8.73252172164588,8.73566505780956
8.8711236094273,8.70257867437984,8.71145153443335
9.01529957556089,8.66152259782667,8.68232149928433
9.06643129982672,8.61341189972322,8.65123303995011
9.11833694268067,8.55718337623689,8.61876329869644
9.17417176946821,8.49640318054066,8.58692849779758
9.2356211207138,8.43428371553531,8.56007583020601
9.19727601670785,8.37449662397425,8.54032102804491
9.08693303459766,8.32051646306371,8.5315739177867
8.87090947104488,8.27549876013442,8.53702659679765
8.73571495966591,8.24451311775891,8.56070360413255
8.52570529636692,8.22642099558674,8.59961624732901
8.37642456366049,8.22533277759959,8.65619373016098
8.2442090116721,8.23860283250841,8.86403171263314
8.28213506001161,8.26901528489516,8.94326062708824
8.47053879119475,8.31464320141111,9.02936829699444
8.5799365182536,8.37115175715689,9.11680082629074
8.64804747989217,8.44021511410491,9.20554131127761
8.68501460893517,8.51640311227029,9.29015910728681
8.75330576955312,8.595043320865,9.36779787992727
8.83260809368626,8.67039155882976,9.43602601683536
8.77938703546609,8.74318334203287,9.49441251366852
8.5477067172848,8.80379198729471,9.53818192767821
8.4030816871458,8.85408390800541,9.56866593808597
8.32999050241448,8.89231596260733,9.58705668773034
8.33607729194251,8.92006815833595,9.59426405203511
8.31882166787897,8.93639679176445,9.59089094002869
8.3165448088085,8.942373009297,9.58011304682216
8.38539444800807,8.94135479321114,9.56392215049328
8.63554846454353,8.93687559777762,9.54606476538631
8.81810563825114,8.92655654513001,9.52530466408718
9.00245140071631,8.91335413710549,9.50472166542515
9.10537566350436,8.89666043669294,9.4842617037059
