"truesurface","",""
6.84248883428117,9.20176451289873,8.90778868725585
12.1057178124548,9.02046119235822,8.85760786180646
8.2154686600999,9.02435457990867,8.79729505675103
9.2868616106259,9.14080205112479,8.72027599334874
10.3678670272096,9.41015923193064,9.26551667871239
11.0047580618214,9.62421724251688,9.4081543594424
11.8558342445363,9.87091397967873,9.54681757732825
11.1543328531275,10.244009294996,9.67278137379524
11.4196875032645,10.8121724453151,11.0562726465513
8.72106141733715,11.1544513879387,11.1667832225927
11.1067622235643,11.1861560404266,11.2691166448703
11.3586002424516,11.0503612989223,11.3640087264831
12.6624066326212,10.8729117738383,11.0616773164985
10.638888802354,10.7325118061012,11.1450563105266
11.7961726602453,10.5781354675392,11.2232927289363
12.8973329991302,10.3120681586333,11.2967905940867
10.4514681488118,9.96577783885649,10.5985267554794
8.99913158218023,9.79194757587723,10.6618978850078
6.53952377171544,9.79165916544494,10.7218192380791
8.36382149683175,9.95831991106044,10.7784681885815
10.3878563180926,10.2150486216324,11.1949539131604
9.63322619886056,10.284003578722,11.247915976317
10.6411539984092,10.2048080242085,11.3003552893157
12.9520491783637,9.96485921480957,11.3520841248345
9.23956109293844,9.53878139783273,11.0887693834124
7.93462879861372,9.4564762009857,11.1443396234603
11.1563366564842,9.7696897312408,11.2018505354694
10.0497591952011,10.4351557238073,11.2649645645413
13.925108845778,11.5329552842069,12.2924650091758
12.5705849913114,11.7998885494034,12.2891348150843
13.2036682408794,11.1319546898725,12.2346565753537
12.2348330940875,10.252791634524,12.1803721285746
9.18825115890387,9.08690527182956,10.0366225207754
6.91503700121154,8.28704519967346,9.99538648536759
7.79763607395523,8.06204038673291,9.95772730139834
8.96052140574708,8.27705472394686,9.92339902457392
7.63254826428113,8.92579870257514,10.8109161193169
8.74441697829113,9.52397806940336,10.7824563124812
12.601520244089,9.82499455826378,10.7568708091742
11.8542180792821,9.9684626264556,10.7342572230893
6.09103007667517,9.06366551629793,8.91040870703493
11.9186724893729,8.82669647299391,8.86516193724581
8.57630719535248,8.81989639717072,8.81993422753841
7.32213148314167,8.92117692427467,8.78344089359642
10.2990287287538,9.19991605459455,9.29450498382223
7.46417430916263,9.44490261105783,9.42992834516147
8.45535154678958,9.74430358049843,9.56684328608415
9.48934423234041,10.2348109894149,9.69481551440913
10.6568221893719,10.9094568006279,11.0799906446781
11.617503003685,11.3236703912571,11.1929682400554
11.3574095642135,11.3997422580464,11.2972274005751
13.0293632008327,11.2589457366358,11.39471878392
12.4027340723501,11.0170050971205,11.0933104169852
10.0693686625699,10.8433361105244,11.1771672605142
6.46016871809814,10.6470632154409,11.2541836453851
10.8910564272693,10.3138204806552,11.3258904610184
7.50607609383569,9.9007002506303,10.624720525635
10.2257318183192,9.65538549620223,10.68642954742
11.3904683866079,9.64408904440061,10.7439449262941
8.57572153263386,9.85178890205569,10.7977410435737
10.8578826347956,10.1525721224145,11.2109360233471
7.24003095711066,10.305542697046,11.2607717242414
10.5288700529766,10.2096061218294,11.3082202247406
10.5163031364333,9.91250199868625,11.3557560349867
8.48325824683437,9.45568305646202,11.0866385852131
11.0524555719185,9.24997665205313,11.1337705862706
12.1408435181138,9.48619275287782,11.1823047828423
10.420186682458,10.0414897676251,11.2277385243589
11.4678343667004,10.8512355893781,12.2328689065342
11.9240487978157,11.3174933602555,12.2292586622218
13.4178002927233,11.0060261510474,12.1959039813183
11.0360073589542,10.202730844226,12.1543814680652
8.15300751325838,8.90031901321488,10.016273676012
6.70069845345897,7.97575724289434,9.97819549553388
9.76785201813671,7.70694190825026,9.94251240363821
11.5069467769799,8.0076964774933,9.90924430193978
10.3876474870181,8.78567709173678,10.7971165113402
9.90050079708253,9.36440442136441,10.7697170771331
11.6234835946119,9.70055443701224,10.7445709370493
8.85994015678175,9.87871564233051,10.7221067864647
6.69073821426403,9.13706817480775,8.92882226322752
5.77613613708747,8.90311731468055,8.89492834784153
10.0328522842666,8.82524984865638,8.86821666922709
9.93278890357112,8.94608908715255,8.88397882513186
7.93810120341872,9.15528692481213,9.37467639573436
6.68986847556413,9.31936795847807,9.48170003837162
6.89490845906349,9.59695666302969,9.60755012183995
8.7241697799581,10.114159447162,9.73107402341692
10.9949965998447,10.7870806068348,11.1167107651679
13.8068193379775,11.1500137573554,11.2302404332845
11.9455297250047,11.1953788692156,11.3363702658159
9.84935148686839,11.0838297663667,11.4329572155641
10.6273624524586,10.8451658276741,11.1316167068471
9.82180221003636,10.6346568754767,11.2151102124347
8.53016727498177,10.3664591488025,11.2918256016191
12.1029046018857,10.0478552000349,11.3606590883683
7.97545912559218,9.67008134755231,10.6573792837444
9.56984817170136,9.47935617323097,10.7157245366519
9.31908199706029,9.50814468010805,10.7691649108656
9.85839458865323,9.73260302476101,10.8197754919015
8.82745984405625,10.03897036707,11.2291748918873
9.3848891632515,10.1777679189364,11.2731318153589
10.8392739589996,10.1342438455766,11.3160324467504
11.9615448650266,9.8978847854751,11.3580124679589
6.35183256600119,9.53015813477819,11.0813886092062
10.5467651529141,9.36059793815741,11.1203297314372
12.0321739973918,9.52767248526892,11.1561484502086
10.5771308941323,9.87145328604739,11.184340257646
10.1751076845824,10.544452837766,12.1779946554832
8.73674699513978,10.9918801223944,12.1746527396285
7.43892869291773,10.8259210197459,12.1531881433913
8.13458069079344,10.1740744166434,12.1223722870166
8.4422761641389,9.11127827854571,9.9906120932193
6.3283136127494,8.37018756308579,9.95611550912677
8.17747686073633,8.09104135563149,9.92334068031559
10.9636004453658,8.28551473105128,9.89191996986176
8.30548601956658,8.77609082497538,10.7808943606659
9.33665233574786,9.16849860019988,10.7543030918055
8.99739100568542,9.42261846230839,10.7298151996339
10.8122210279429,9.66383023936648,10.7077398595716
8.85554055020726,9.48705987123268,8.95656189285139
6.55622806854558,9.26853609222018,8.93056929838131
9.87339726613031,9.18758593689794,8.92736138921637
7.84532547522109,9.15753700687768,8.95418037835466
8.22998953004564,9.1109733637121,9.44602907731769
9.46637735747172,9.16991652779647,9.5458255313103
8.97263189579965,9.36984732785468,9.6600188015567
7.746877289882,9.77092160678874,9.77981170626625
10.2111001461478,10.2482434503857,11.1672277868532
13.2976334113104,10.6318381286037,11.2782590923096
9.39951004214375,10.6598247438547,11.3850522839579
7.29484808637314,10.584078097822,11.4817292302418
8.61707228484627,10.2733142301014,11.1794129435089
9.26760660451364,10.0091907044524,11.2611229836637
9.17767879181565,9.78946657545385,11.3352949107454
10.1132431147634,9.53807583490343,11.4022122225053
7.78248371909293,9.39402890546922,10.694931768504
10.7768747796886,9.32521194212501,10.749285980798
8.81353455872701,9.36305070271277,10.7986381141309
9.08141046527283,9.52589521889152,10.8447548475844
9.2322419127068,9.80607336968624,11.2485410529865
9.10803180724957,9.94681554008073,11.2876554043824
10.2286759225707,9.99308911794609,11.3239021348539
12.0906378616089,9.93816744036795,11.3580910417111
7.55360919472338,9.82676698093067,11.0748762211653
12.2173817472678,9.92573899543044,11.104051723185
12.932121871156,10.1717546851285,11.1299513342482
7.17163060138421,10.3177575215495,11.1497152709832
9.34313267463459,10.4405396505631,12.1328961227903
9.32532617603345,10.6226025049399,12.1280813154165
7.48306502788289,10.5327305077506,12.112038984387
8.48691303856543,10.1078188927644,12.0865294483042
8.73194029644874,9.55064370105802,9.96194706354073
10.5231797376706,9.1653787574581,9.93200885944818
10.6845027289902,9.02831423381026,9.90154242192913
8.34175305215367,8.94374766896388,9.87258385577035
9.21267778130221,8.90656439870577,10.7626721417019
8.78312786301999,8.72175475018492,10.7370461864329
10.0178776972083,8.9370711555493,10.7133165708547
11.1405452746895,9.29366207777129,10.6919958562827
12.040294103818,9.87489870804813,9.60989769860123
9.37189858982445,9.76964899556148,9.59038046020448
8.8529692513218,9.61777236480679,9.59654134947308
10.1636606586079,9.34369248784761,9.62913555026029
9.38083346680948,9.04954338570195,9.10669094968266
7.94809946608805,9.00328148437614,9.20830748561503
9.17293673123809,9.12043992015703,9.32155723704281
5.04884524969636,9.41997290444143,9.43933139864529
7.43471353428183,9.76301437337214,10.033757941034
8.87847971405041,9.98324473406339,10.1441417176458
6.67430509402931,10.0507539311705,10.2487124225755
7.76129918841162,9.86470012550731,10.3431128414963
8.07254876641912,9.60059295188186,9.94909071983728
11.165084906688,9.35370644749763,10.0276778256625
10.3967784700231,9.19893052037341,10.0983492114235
9.41503822516619,9.1380149036006,10.1608932255841
7.31640529241531,9.15826489094953,10.2624115304309
9.05458105049895,9.18172201655951,10.3118715699008
8.37855142209206,9.23322351764891,10.3564098988848
8.98966235578298,9.3209431272481,10.3959437411137
10.822361138169,9.46683492035162,10.9550737340818
8.85338362301869,9.64429673717857,10.9884215302986
10.111805240606,9.81879492143533,11.0178772291069
11.7925552193417,10.0721554573917,11.0451113684601
9.62262749598459,10.4065139794799,12.3058093357066
13.8559225344399,10.8209998292528,12.3260804354903
11.5897976726152,10.9277657479574,12.3426340686125
12.3827646343361,10.7468508207272,12.3533086750025
11.8996895130371,10.5083433869168,11.5556899892584
9.7379175493796,10.3426315391998,11.5499679156729
10.7167375437011,10.2640184647444,11.5349016041555
15.3620909316284,10.2831437254677,11.5139226453387
11.2569459909261,10.3783983782962,11.7788187885206
9.66151409160704,10.3935146789074,11.7515642671167
10.5318537449664,10.273291211353,11.7236931734624
10.791978184607,9.92968823690707,11.6962300365038
7.42473647303014,9.18336740727094,10.205194192924
7.55999000717791,8.45037763310435,10.180491527852
9.76487288129855,8.45483693180802,10.157913982406
10.1080923722695,8.8332770071376,10.1372249189614
12.9925249826268,10.0803822880367,9.64337087573078
9.13608261743873,10.0314664635053,9.61532156208153
8.54531577087756,9.81539846838226,9.62220408867701
8.15654010297724,9.40590402892079,9.66682307526932
8.43228143021515,9.05515054850106,9.15675950853993
7.74373605442881,8.90859406643599,9.27087487425841
7.50428219071064,8.95793005861642,9.390492849399
5.51313159776423,9.18493385069673,9.51021054855552
4.94156939720732,9.47852333160374,10.105214835404
9.37973660169081,9.654035670326,10.2152374301482
11.8901399361528,9.65381046566815,10.3173687353084
12.9141840021383,9.45941213801713,10.4096568789958
9.09499698985062,9.19462279763183,10.013983083586
8.78291246857243,8.94207810546473,10.0900642625884
7.78337152042893,8.84542456973606,10.1557835573003
9.76327055180342,8.88053663790633,10.213539189603
6.62070136441682,8.98344479610352,10.3115187358843
8.21867296344155,9.05397288639261,10.3556718867047
8.38987484627577,9.13981031987691,10.3948194957749
7.13702526784517,9.20625223740111,10.4275755475336
11.0913754949159,9.30626838696529,10.9801507135432
8.13216956889321,9.500997791626,11.0065051721027
12.0400382255179,9.7942240504789,11.0287653607118
15.436002403035,10.2233569440336,11.0502451628771
10.4711978185139,10.8561490390829,12.3005342439761
10.4560380502711,11.339916662998,12.3146134266156
12.1084206546925,11.432490121247,12.3241842077688
14.3019967106943,11.1021751130941,12.3287835759314
11.5376513180168,10.561457078795,11.5254790922222
10.0845249191575,10.2217213164003,11.5172396737937
8.76343053005883,10.1325117948108,11.5025554336745
10.1333102518209,10.3646619601032,11.4829032839654
11.9633075721435,10.8497195066859,11.7500158469466
9.00659499393837,11.0274044373829,11.7248046890747
8.22210007595316,10.912489505989,11.6988986601545
11.3356183282038,10.4330238605351,11.673244634783
8.31531346424626,9.40246786840338,10.1838187667094
7.27888895224144,8.5165879922944,10.1606960371828
8.03871641161432,8.29798311384716,10.138772990966
9.31046506796254,8.59178666812345,10.1188965746996
11.9988387109764,10.0899150492523,9.6860160879146
9.20930489994335,10.0355278372739,9.64540317613773
7.18086464609514,9.83625179837547,9.62434969964093
9.78625279977901,9.43646228553951,9.69745896648164
11.9946736207737,9.0071173719473,9.21233095297323
11.4174560031765,8.87786463207774,9.34268672471913
7.93900478434988,8.92732317260898,9.46948529719409
7.4185228557439,9.11586083441824,9.59175278880167
6.9969643307076,9.40548677265921,10.1883426863651
10.2635304247755,9.56463045750473,10.2974381491631
12.2831748717992,9.5867781727557,10.3994386573372
12.2825612776897,9.36018380897147,10.4888881835492
10.2157036285135,9.04811364154975,10.0904461724549
8.27457955441918,8.82138264386236,10.1605189847871
4.82163528813178,8.71573070995341,10.221932479386
7.97444881320841,8.75660293781431,10.2761152070937
8.47649915241492,8.86841109673787,10.3673955477155
11.3075935003073,8.98318811083083,10.4052126256135
11.1720710879224,9.08564280344828,10.4365677802736
10.3884845926095,9.18533482619026,10.4620820106525
7.06464699742703,9.29667910992197,11.0086655425072
8.28991520376113,9.50484227370175,11.0288378144102
10.4291568969705,9.83271862379979,11.0440784351017
10.5807563515023,10.3438315124658,11.0556979977661
9.85557411869784,11.0734652491189,12.2999283501551
12.3484221525574,11.5709384505129,12.3066070365484
14.4831358056372,11.7331663235971,12.3092552022272
11.604976608476,11.3553306736789,12.3082884641652
10.3445168779599,10.6200118794945,11.5006430238756
7.92349805417589,10.112566614512,11.4894665175532
7.62547368718329,10.0198841320937,11.4738075793435
9.08772477686663,10.307474218855,11.4545038481757
13.4569374563762,10.8785878448104,11.7225154858123
10.3505916818506,11.241052231509,11.6986197947918
10.1389811241695,11.2397970454287,11.6739837917903
10.5473148601988,10.8020541104172,11.6495271391293
10.4770435655351,9.81123551919788,10.161780128922
5.70556752419214,8.85452541841369,10.1393184278938
7.79946385540304,8.67376352029681,10.1187520060783
9.79299937663228,8.85982717080008,10.0995201183886
9.99071275484158,9.87621504042616,9.75222964190871
8.15212935654725,9.74650063157564,9.70449751401546
9.60704586554886,9.62098026513744,9.63214790362694
10.5062707451809,9.33397570349066,9.74139254474545
12.7647212635692,9.02887183254222,9.29104128755632
10.5093354271832,8.91114150525791,9.43173485172446
8.7829277557888,9.01819947991158,9.56393899657164
9.79863212839641,9.24210783755801,9.68944640600911
11.0767882637117,9.53271548902629,10.2840804548123
10.9816057666518,9.71891927109553,10.3932467789409
9.54073113127384,9.70018203652845,10.4916232798052
8.59114547277371,9.46164681723575,10.578844752763
9.09459548019962,9.13247496581675,10.1756122381101
11.4583975923448,8.90147485424536,10.2412783636687
11.7735322406904,8.76921037695972,10.2972617825936
8.36152611541132,8.75767930836832,10.3445276478713
6.94865252254578,8.83820755233933,10.4291576914614
10.7178518081626,8.9345818198217,10.4602820040679
14.327234353935,9.07508369294304,10.4832196799694
8.67886312222433,9.2054205070244,10.5024346857122
7.09774294730594,9.40850100179701,11.04104785353
9.54211551884565,9.6305043100055,11.0518029377028
10.6624987584393,9.97967513684975,11.0593531925629
10.2698329444859,10.5410635536708,11.0648219161911
11.5469205648773,11.2640887590888,12.3028452582995
12.1211686694271,11.8298478427403,12.3004996777027
8.05850183562464,11.9783605856321,12.2983113953672
8.06155650122063,11.5190427079164,12.2909972610258
7.45011705025448,10.59916473156,11.4797674256201
12.0783053054089,9.91079400609831,11.4655790877146
13.3729832039247,9.76149243097312,11.4484777678229
12.8113069720379,10.1011956092275,11.4283084274123
11.1403395291533,10.6931158260914,11.6964335598235
12.2527981096633,11.1488106396662,11.6730661126907
10.5874830658196,11.3355083141004,11.6493219166399
9.05176770929437,11.0351985959544,11.6255719340116
8.82040045053329,10.5144868688933,10.1390485813371
8.46168859090168,9.81281368372207,10.1174050193262
7.31027405173148,9.57871418414181,10.097328002019
8.27558235741757,9.58603251974255,10.0790911455613
8.82359556810477,9.59991277261821,9.58909383924135
8.02799046353929,9.4143167603799,9.55738474417205
10.5883442245279,9.30129847518785,9.55796147537699
9.13651221291572,9.2023266829143,9.62661316039675
9.69237601437834,9.11734578170337,9.88477914317654
12.6582543287622,9.08257576236009,10.0175595495735
10.8054074691937,9.18644529098739,10.1451665611003
9.89439218285916,9.45478322831223,10.2677675426723
9.8149807776313,9.77806486332813,10.6423439411026
11.0956307692007,9.94115376780869,10.7482468588002
10.107211456965,9.89683805230713,10.8446292569235
7.35577432018607,9.66102356744028,10.9295904162622
10.1510190890691,9.30951979454868,10.2772421845948
10.0782449595411,9.0446610282478,10.3390366958159
11.9166735733861,8.90559940309927,10.3888456224552
9.92432761179296,8.83421851266468,10.4276859962397
9.08210100067208,8.85439392270565,10.550687977477
8.74076056201941,8.92765263927126,10.572712375323
12.2391528869493,9.06370209576832,10.5881277674876
5.22809005928467,9.26468366338873,10.5983627095994
7.52033192007812,9.52367171889631,11.2667916011169
9.47473553137809,9.8160278983844,11.2695136508498
10.6696088285219,10.1993640028485,11.2687021688655
10.7635748631708,10.8161805785706,11.266235826632
10.6852760853376,11.6439774172385,12.804969725531
10.174412931316,12.1979873727353,12.7979012707399
11.2731712311741,12.1883057241456,12.787992867254
13.1086040274449,11.6228585835011,12.7761881483428
10.2548132079621,10.5451506545225,11.3279301466476
11.7219075007884,9.77360663681628,11.3109992147172
12.7536314060468,9.53037925152843,11.2914910150266
8.52192221155934,9.85791566812495,11.2704193421624
8.80934364007067,10.5075023877629,12.0445821343913
13.7951641851619,11.0518052508441,12.0211747396899
10.9428405069601,11.2947176676694,11.99747673737
7.81444789481546,11.3141496056386,11.9741058901871
10.3460177066142,11.1913019226204,12.2248967847955
11.9686443097991,11.0538508242431,12.2035473800615
8.98645814009761,10.8597981674393,12.183725672281
9.70584324855702,10.7241991011748,12.1657612618007
9.96475569436608,9.47786247037804,9.7020846388603
10.1665245646636,9.2800661206083,9.70513915789666
10.0529272357286,9.25034797713799,9.73256546880123
12.0627808354839,9.2798058284251,9.79807749393051
11.2962763089539,9.28454138747318,10.0328029741306
12.4686340507426,9.32935056337844,10.150933148518
10.125452108363,9.44703208259846,10.2735382693821
9.52569971841483,9.69240823616427,10.3926673564204
11.8083739733282,9.98929050156918,10.7637402966126
10.0987015274911,10.073973656661,10.8672716240156
9.19562126806507,10.0140367889983,10.9607813043012
8.95892527722958,9.78063764222834,11.0414990457496
8.60699425219697,9.41648936397527,10.3859019373813
8.9422326208041,9.15724580224671,10.4403871714422
12.3221175655013,9.01860207091059,10.4810124045174
9.72343717187504,8.94741440384126,10.5128300989967
9.52655646082022,8.9517619510127,10.6261006882062
10.9364967353542,9.00418487582298,10.6390186295896
10.3229094624979,9.10628219679958,10.6456588847739
8.19563990129103,9.26927622835371,10.646574884697
7.82790316170968,9.55726027898747,11.3058532052674
12.391555297018,9.86899503714163,11.2996481026222
14.7647437439717,10.2638962150872,11.2907974146915
11.3798145275415,10.9633138749349,11.2793277802664
7.87888695894751,11.7914085369931,12.8121948549175
10.9319013709972,12.2139421412426,12.7987934196704
12.6696312954107,12.1352753854636,12.7820420599374
12.6617521022963,11.6091226233313,12.7649349178141
10.5798597341,10.6069864522378,11.3132512123662
9.61492245928656,9.89940728897927,11.2926988082411
10.256450384716,9.61707973928142,11.2712509164169
6.84432724758365,9.89154944149028,11.2482572443128
12.4845174314837,10.4915569066664,12.0212288497235
12.5035834127846,10.9361519058426,11.9970975364489
8.59913984555593,11.2508951758157,11.9730590798789
9.05830077692225,11.4161421298874,11.9497347673537
10.7388485275272,11.5563511995227,12.2006982747862
13.4553231850954,11.7059514592617,12.179791645519
9.82007010141032,11.6443867430546,12.1603789667393
11.8851041836017,11.3718781763472,12.1425903007807
10.8410566363555,9.46495406682527,9.82413093582704
9.51674854486629,9.35626531946495,9.85014811902043
9.99635988763499,9.37544695644372,9.89355006464429
11.582520610773,9.53206959281107,9.96425411549662
10.2195337945038,9.6699053707621,10.1889343295847
8.7234888590465,9.8119308808645,10.2973682153282
7.40099618953901,9.87682603594795,10.4118076756484
8.73077156349338,10.0081231260106,10.5264523608519
7.4007710972864,10.1488485869612,10.8947815953855
12.8422527893225,10.0974898197047,10.9968017348509
10.8019761544622,9.99018130123492,11.0872082806231
8.21955734054125,9.73731878375736,11.164514002946
8.63347404570539,9.38890326719447,10.5025370648169
7.59414301358414,9.15397103550741,10.5487136343558
8.95951921276153,9.02463076846555,10.5843541091145
7.83037575802573,9.03018841369576,10.6066406894018
9.66767155541026,9.13998289813388,10.7078641067691
11.1543952893753,9.20266995401956,10.7100826242751
11.3684041888391,9.25685396906201,10.7069419518146
9.69792358444058,9.30234922216803,10.6974582192392
5.15543550990921,9.47621838630374,11.3455906773176
9.33890657624493,9.70021455163917,11.3306465016751
14.2910334092798,10.0931640216169,11.3139278650763
11.2785262629112,10.6952271513855,11.2955951739868
10.9612942394912,11.5541310531536,12.8198834808091
11.7805583549125,12.0354139451099,12.7996921090547
12.9862521458654,12.0359099287098,12.7790376562691
12.5821020390468,11.5706283233546,12.7567032321866
11.5557059569329,10.7487909041576,11.3007089944175
9.48207128818103,10.1414046934392,11.2769525580906
9.8716787827798,9.95839215545884,11.2523470948786
10.9053558167953,10.0806028187325,11.2271515794744
12.6259250163797,10.4812179361152,11.9985373993385
11.2633938517208,10.7991539437013,11.9733261589504
9.7592781748627,11.0370647837884,11.9487666555634
10.9032355536295,11.2367336091133,11.9251756082939
11.7086225504269,11.4987944966042,12.1760106535441
14.9943814387644,11.7518116713404,12.1551117345541
10.9945048606038,11.752099548502,12.1356252472553
9.92485464166808,11.419624728484,12.1183767000865
11.2887125852315,9.64897702916954,9.94758652359557
8.62339049386918,9.60406320068925,9.9847360854007
7.09927801850436,9.69325914208045,10.0379325319234
7.19095865737599,9.9847188521211,10.114282743235
10.1698936848051,10.3436092799747,10.3390616961993
7.88001600973592,10.554977698256,10.4439238216979
6.36899560047334,10.6350867930601,10.5550150494604
10.4643590693884,10.4399421238288,10.6674440637536
9.12614748035661,10.2474965062263,11.0354353143118
10.3500238594004,9.99843704660699,11.1357886976873
9.18633080688212,9.80402947700444,11.2252367247907
9.21819738081253,9.51998224888327,11.2984240478148
8.26933359714523,9.20341717834614,10.6308058379642
7.83163144556578,9.01731876481234,10.6685572435207
8.3100929538385,8.99920752677146,10.6933916574393
7.32853063892701,9.17922977789022,10.7032817614561
5.24384249538977,9.45824969014092,10.7957022399765
6.99662287238077,9.58037505001296,10.7857359723807
7.24057440118424,9.54329950598719,10.7693103190231
5.18048941853735,9.3813467866469,10.7498715972639
4.92003393703375,9.28595490636704,11.3890558092968
7.72550641555569,9.29506878561631,11.3641099052265
8.74400558228744,9.55489876982764,11.3386604938504
11.0276172680628,10.1284364669556,11.3128928452646
15.4956855146176,10.8921028720819,12.8293238029919
11.4037951558469,11.3643386676749,12.8030696473367
10.4138873584182,11.5389991044471,12.7762526389755
7.98500797089515,11.4369270684811,12.7492757386374
11.5174239099225,11.0620049844434,11.289229971621
9.30400330091383,10.8098767285862,11.261981797172
8.28309894825863,10.7786313298179,11.234600272479
11.2786849299328,10.5520131436787,11.207006681561
10.1008612337433,10.5170479347524,11.9764670085451
10.2787560867459,10.4674734776152,11.9499491241717
8.55741394454635,10.4866423924854,11.9243664960775
11.534855065637,10.5583522743956,11.8999492993682
11.611616254379,10.8776228623896,12.1504162220192
13.614772479544,11.2019995382716,12.1295764124866
12.7076142049676,11.2658144217829,12.1103004083331
12.5894027852436,10.9574410189732,12.0931032278511
12.47935657545,9.93764589782833,10.7988163778568
10.506663642474,9.97716750843855,10.845517353498
7.44016856592276,10.1927474891554,10.9104417336661
9.09082813968766,10.6680401442865,10.9915410811072
9.99120296936259,11.2198635034637,12.0422253268007
9.41617139193075,11.5076194692335,12.149626596117
10.0316497412442,11.4505447738025,12.26352405641
8.46590204512583,11.006250943448,12.378382057133
8.23426792805293,10.312642784164,10.8047075243983
12.5271116847737,9.80135656274977,10.9057686327056
11.0097111234039,9.43699333731331,10.9943543009048
9.1153448029109,9.14582665217048,11.0647625450355
9.74770013293022,8.90502325507368,10.6200437006027
10.5910561778843,8.826434530665,10.6517658313372
7.16045286871855,8.95697740688875,10.6634628483884
8.79859557753997,9.35776115140304,10.6592912290337
7.48138131332638,9.84323114270877,11.5661236567779
6.49533046404361,10.0883081352828,11.5403144999412
8.80024815697977,10.0219445730848,11.5131062028595
7.64903872408777,9.6258439049139,11.4813299541729
7.86338529413102,8.94815711099804,10.2162018397506
7.15218623375676,8.67600808826547,10.182589872329
10.0871744405332,8.72186050083951,10.1476261064002
10.5091994964475,9.18698133889805,10.1150450000595
12.6753186403984,9.8833863810345,11.5350876600951
10.1657162377676,10.4288847946767,11.5029156043987
12.6699934561331,10.7636443957355,11.470721413611
8.64628284617415,11.0722034908067,11.4388481149844
10.8369260516121,11.4756491561916,12.7341217335613
11.3051895051142,11.724135279121,12.7028121950335
9.04744223453999,11.5911665913009,12.6720349863361
11.489326162483,11.2457747270238,12.6420128263095
11.1495834707725,10.4504057973131,10.7851140630365
10.9583670734245,9.91104264305146,10.757340195419
12.9531283159446,9.76786223795001,10.7309081473668
13.4210514272805,9.78446567960658,10.7060544838688
12.2575358247305,10.0546120409049,10.9984562376364
10.7694851365433,10.3696731821708,10.9773147680115
12.9044262090959,10.4625013077273,10.9584245597579
12.5228879511831,10.4528526320232,10.9414709770454
12.0445337572879,10.0904651384855,10.9039460252223
10.0328386101034,10.2402439100361,10.9631562954864
10.2430591048154,10.5363089334093,11.0344308031106
10.6949153358423,11.0726963207586,11.1198614466551
12.3894390321962,11.6735259119852,12.1769718962804
12.6807371665914,11.96993915439,12.2879776470567
14.4867904241673,11.8051545984589,12.4053951713599
12.1388043381713,11.2236258676782,12.5251217787991
7.83512866480048,10.2921481908478,10.9537740965125
10.5390181153914,9.61481893788539,11.0607698622785
5.17216094077859,9.20833379621024,11.1502610501865
8.69115782826557,8.89845011030435,11.2211449694018
8.74442906050789,8.74912952781402,10.7661483963625
10.2101854378191,8.74539908813874,10.7888837047293
10.864792758516,8.96060509011809,10.7895294393054
7.65695359128365,9.47255634430942,10.7720127349834
7.07300903363236,10.0645773577377,11.6580951930401
8.53352310536609,10.3315342809598,11.6202487290998
12.1769535772286,10.253074406721,11.5776337403298
11.6224362116527,9.75593178940314,11.5327419082459
7.81042642919046,8.89702857538529,10.2568086501711
7.85306537709158,8.21047019329952,10.2134420692285
5.71550182907732,8.12562169810145,10.17052231692
6.81165730949795,8.50868297029949,10.1295377341393
8.41605425893575,9.27040158196797,11.5437269713082
9.44973269991398,9.85423798392901,11.5054520843973
10.5790928369753,10.301226903766,11.468786312054
9.80058482858302,10.8342590046618,11.4326343027714
12.5893849534229,11.6022481125604,12.7235117894951
14.2289060026022,12.1913404613094,12.6888403179262
13.8603923563225,12.1875290019437,12.6550524942836
10.6748258893142,11.5749876863672,12.6218995026349
8.57621232644272,10.4382653225381,10.7634101248676
11.7508955756029,9.58346162217829,10.7335118200577
14.3543203890952,9.23731025523263,10.7055836986725
9.77292153168147,9.25291439046424,10.6798820810931
4.71880830549254,9.55544552670396,10.9714092712312
8.55991351437652,9.82633493421275,10.9504044419368
9.64032553508405,10.0252987698025,10.9311126067484
9.6217875358149,10.0702512921575,10.9147181835302
10.8234040052336,10.0933614132536,11.0005834164599
11.6877497530567,10.2407632588104,11.0652763127289
11.1361700324117,10.5558215898817,11.1437661813358
9.57385902636004,11.1094079264954,11.2354126193605
11.4878742698688,11.6707031319357,12.2984716556216
10.9839245125556,11.8573271226644,12.4165934912333
12.3933465727065,11.7254196380794,12.5408881581492
14.8640524659942,11.0655003829328,12.6675844426072
10.9755049057933,10.1178889255861,11.1044693808635
11.7721968423016,9.45754744181662,11.2189998539024
8.09095057883967,9.04995231257867,11.3174728625509
8.34032635642492,8.78472499237903,11.3863374788075
5.8994314013401,8.68658859637189,10.9262936847937
8.4605897644944,8.76970403041611,10.9363814355268
9.43667808983217,9.0016863022053,10.9197869405251
7.61235246669023,9.4958835088054,10.8839548098812
8.84740024277136,10.0392661919428,11.7546904600215
11.4628164558183,10.2752745406483,11.6974398952933
12.231281474083,10.2203108385379,11.6403196885141
11.8197426707784,9.78351129544821,11.5803404495541
8.45549976485554,8.93569087674624,10.2952738434728
6.82085087022143,8.23662536883858,10.2407087907905
7.47640215027924,8.02384776266406,10.1904607272844
8.64980114589832,8.30985570451897,10.1431512684937
9.16729379496092,9.00542932489118,11.5511799011234
8.41974847897536,9.59935247255785,11.5085878316956
8.03589376611932,10.0688146933251,11.4669488420082
12.3272572038898,10.6932338886483,11.4263483580994
15.2691670417949,11.6203995551879,12.7127696575384
13.5750205214622,12.2269015280267,12.674715474994
13.034838857291,12.2098716148202,12.6372174964401
7.67899454679134,11.6356373876229,12.6015128678765
6.62050770834833,10.4831465529545,10.7408732423007
9.06033113052127,9.63298422417453,10.7091729279691
7.02238911266159,9.21152957722412,10.6796574238914
5.80880215148549,9.1430404078434,10.6524226717587
5.27628071154874,9.45000396861127,10.9431424475133
6.02213393168089,9.69581568411646,10.9216245535299
8.66503308697384,9.86182528589948,10.9025883698856
8.36710101961414,9.95800146541845,10.8863639100944
8.22272731218433,9.94436510118735,11.0855783368901
10.3235457552431,10.0402695438983,11.1559871895615
8.82280973537055,10.3372377944657,11.2411805127369
7.36533800381312,10.8066603254137,11.3396405264125
12.2231796111206,11.2511023249948,12.4082932169499
13.5743383470056,11.3223980536414,12.529801385011
12.8860259058723,11.209108735609,12.6649932270685
12.9188313970713,10.6418311767852,12.802783615694
10.6058652438927,9.83582931240943,11.2516054189911
10.8419820917279,9.30492430399704,11.3796024991346
7.79058441398058,8.93899076294135,11.4897050160573
10.4209389056426,8.76358211883086,11.5662330695924
6.43973083869941,8.75294483440122,11.1035412409272
8.19858222746069,8.86735929228059,11.0929206167181
10.4570747297355,9.05075005646988,11.050365534355
8.40509774763983,9.38270642640808,10.9929925331134
12.0742258306955,9.75089171449276,11.8437613611336
13.6845363099465,9.83092634318167,11.7670179410248
12.0731433545317,9.85083368436125,11.694354770884
9.75189014604779,9.60974915819532,11.6233863219314
9.31593423635189,9.15453070860451,10.3257336842569
11.4139528481469,8.74152096603749,10.2643590408751
9.52537567803688,8.63953474360388,10.2066324693692
10.1884093619069,8.80634249223627,10.1522346521803
10.3617856063245,9.30957736568824,11.5561379976306
11.2912064065875,9.60210514255986,11.5078966963025
7.57557708204974,10.01110622922,11.4625663448638
9.08093963015133,10.615044437288,11.4183859815056
13.2313868231854,11.4150916642389,12.7015452496188
13.1934322599581,12.0203952787972,12.6596213336446
11.5272263701326,12.04291362874,12.6189308696658
8.68685052014671,11.5278910970793,12.5808645131429
9.74607162445611,10.6275397300604,10.717466992815
9.11190488429295,9.9456120236542,10.6831023215225
7.50893890516128,9.57077861226307,10.6517581385574
4.89430635980419,9.50630188184487,10.6232137092934
7.56240754066966,9.66373320729164,10.9132232081698
9.34003830191854,9.83743433479187,10.8912761881164
10.8705751642329,9.95590067949145,10.8724858912613
9.50245318002286,10.0057984194731,10.8568077212351
9.17751960148622,9.71721566603755,10.6562364490696
9.06911920609128,9.74103772731199,10.7332208757995
7.52538453716958,9.95233289634125,10.8220149239867
8.75294551092746,10.2586621910031,10.9223230400918
11.615658398576,10.5518825971318,11.2095233711236
10.0633838292469,10.6354258563827,11.3386583348959
9.69903805975798,10.5185706561721,11.4775874055297
9.93137693959866,10.0940954999197,11.6272081264625
9.97279626508078,9.57412812229617,11.2111637088124
11.6575599362435,9.11071053289471,11.3595781433538
8.2621400097086,8.90705721581606,11.4907669983266
8.28288176430295,8.9178508798587,11.5820344531688
11.1348351760029,8.96966816359996,11.8096041903518
9.2420340387214,9.00728469547798,11.7799160580347
10.2920168938346,9.08718802210583,11.7088527167611
10.2570693931127,9.17869172418397,11.617166776962
9.30791934647311,9.23211469532011,11.2695607383873
11.6877243864902,9.26033376629226,11.1742791375406
11.8445946155708,9.31344576432685,11.0839558024816
8.21123607141899,9.44118306781799,11.0024673879752
8.28562440224614,9.53796247488355,11.5979505397247
13.7653069498183,9.60985486182,11.5272899460233
10.8653109313533,9.5869097486287,11.4634841090571
8.03330382803588,9.65647287009348,11.4057408548229
10.5112904760479,9.60733314916818,11.2774596008451
8.65793211361538,9.77237574551832,11.2268357284799
6.81877969552993,10.072324060918,11.1784166228862
7.52137789979253,10.5854375928277,11.1313713670745
11.1971659308715,11.3274713158532,12.2914738927371
12.0528479834454,11.7658211677547,12.2468913975658
10.7293483541394,11.7698188093876,12.2035654015124
11.3197829922625,11.447253514275,12.1612129383874
10.9244253034158,10.8069247269876,11.3075116806208
8.10764526994469,10.3798284735641,11.2705450503017
5.48932237106414,10.1430589082852,11.2363357888696
5.86513484017069,10.0401743837643,11.2063893045893
12.5258197777041,10.0437455121475,11.0714619757099
13.3149236832172,10.0917711752894,11.0494441933585
10.4945117160689,10.1365246112057,11.0303498762244
9.64972307388302,10.1489254775782,11.0156003895261
9.18638776069436,9.61167049343509,10.7179820804528
9.84957805389828,9.55045012537351,10.7969327286687
11.6833664747966,9.64072312109984,10.888479611083
11.1072230050775,9.86459725539707,10.9928069578147
13.4402281012744,10.0926208733533,11.2831694431195
12.0547530882723,10.1532921706911,11.4167641252206
8.21700786166152,10.0291259718606,11.5653499289398
9.75939317826146,9.69837820173054,11.7282736896921
12.673248304297,9.26600636403664,11.3240199414926
9.56691660381092,9.05505838811801,11.5030258073249
7.36928206992479,9.16098422142043,11.6793717743894
7.01020507949282,9.3598064017888,11.7978366067034
9.44455742221307,9.43985463699675,12.017107255975
9.98838785271403,9.37193575196218,11.9534544656288
9.97541752778588,9.19355408180678,11.8300255363855
12.3450128785535,9.08792203483623,11.7021120807145
10.5147575355506,9.02144243139754,11.3279895068751
8.08136296458469,9.02008517268316,11.2153328180002
7.420398685825,9.07354118191553,11.1119129685872
8.99909447764932,9.36929036235171,11.0206738626588
9.02405326468733,9.83391957291261,11.6071677789364
10.96152224695,10.1141569345775,11.533971901301
9.80791730883278,10.1634479006292,11.4659161421317
8.54809562083991,10.0720815385879,11.4046002464392
8.00597226996673,9.88967355227546,11.2747876309078
8.91667085749066,9.8555977821717,11.2209417702417
10.3616723224207,10.0588236982436,11.1702593440795
11.1898155009993,10.5246474293624,11.120957428759
12.9079243240645,11.2080941151431,12.2781575967187
12.0785416657871,11.5644373886375,12.2305628663644
10.8944300977576,11.6384319135949,12.1832273983221
9.41109573269822,11.3940064046639,12.137984379653
11.2303420536375,10.9509169278524,11.2808430150784
11.4151702574094,10.5934678441545,11.2411040479568
9.9014737569803,10.4163951513533,11.2044883864592
8.73168393980549,10.3166797360817,11.1727012623643
13.2642403432746,10.2712485548564,11.0369566487325
9.33988036302139,10.2444515652234,11.0144397846692
8.78668753831245,10.2573431729194,10.9966407933873
10.2377121211813,10.2441628097859,10.9828506645863
11.9501601620995,9.66443318005798,10.763921799975
9.83954504412028,9.58051063174516,10.844738425991
8.99966204176722,9.62499253597588,10.9364681238144
10.5888073368581,9.76336657508274,11.0421005494996
8.22858646632783,9.9036273981411,11.3347448987752
7.98406346103573,9.87817001515088,11.4698416088256
9.67575151268356,9.68358504801793,11.6252167865714
9.89858224372886,9.36023128333499,11.7955191566609
9.85198567072396,9.0660377964972,11.412768628312
7.33527083622499,9.0487342243731,11.6191202098128
8.1679566161306,9.61959534358369,11.8476824329619
10.3842969426986,10.4379702614692,12.0402089230113
10.1395205371717,10.5556120704433,12.2470362927703
7.30101828360739,9.84373530689767,12.081785466622
8.48816680047344,9.39359287697912,11.9013905618149
9.17662156093765,9.16873294499126,11.7545016469246
9.10478915170443,9.02419847634341,11.3577966718169
7.71978938672777,9.00159029444242,11.229888277509
6.59760071884218,9.08907777999965,11.1210722586149
10.4597642537106,9.43584811659537,11.0240853008316
8.26561593223848,9.98333934435392,11.6065238390192
10.7184495532665,10.3166548364544,11.5293776783409
10.2411081395025,10.3689793498294,11.4594786228571
11.6033532732381,10.1634049933916,11.3965324580337
12.4240942790544,9.90306233960981,11.2656153264308
11.1896062748903,9.84167409113758,11.2120159114688
9.16765593537652,9.96069684456175,11.160138344116
12.0615273037327,10.3389479489336,11.1093178609265
13.2240309417489,10.9621552952004,12.2642010574928
10.5261251952691,11.3543115006032,12.2134138736504
10.6272767783821,11.4825966525528,12.1627594326479
11.263881994486,11.2682001837142,12.1132088670835
11.0204234703738,10.8571811239547,11.2527730118692
11.1292139075634,10.5858960438515,11.2099306406435
13.8291557773041,10.4180933182876,11.1702702049801
13.3348764490157,10.3329137356188,11.1364043068922
14.7519413388452,10.3039084485784,10.9997202564173
12.0514116961693,10.3031337313311,10.9774123907354
9.01229369368924,10.3066791271803,10.960585626673
7.80263382224306,10.289592849676,10.9479007487708
10.05218832728,9.90193933339729,10.7988965343295
8.54246660971857,9.88056186540382,10.8757708276239
7.97669194173167,9.87934099934926,10.9684550102972
9.10154562384539,9.89319741247813,11.0731819941851
7.61269958738895,9.88481192067411,11.3618197903427
8.07830575262609,9.70043674497161,11.4965409222032
10.1865406938201,9.43113866948201,11.6484497892935
9.30197321813102,9.01434157306054,11.8189683388306
9.14609067363407,8.69540192571038,11.4385366624652
7.78302705402015,8.91414517727253,11.6687933853078
10.0432215843059,9.75925469003231,11.9266914376252
12.4286620030473,11.2889935404937,12.184726928322
10.9154863712995,11.3403326608937,12.3603277228532
7.72951718021108,10.2888695631662,12.1535105501867
8.35231899713893,9.6398241339893,11.9363974225795
9.07920517972796,9.34094968469366,11.7600508005706
9.4611540692079,9.17989465723677,11.3523820500366
8.78367617242611,9.13831396499721,11.2225635360677
10.2493614232374,9.28440885760601,11.106792776667
8.91774609174693,9.61725664510224,11.0079052162524
6.08157637141008,10.1048535107133,11.5898467780768
8.78650498970876,10.3281279014132,11.5130803545284
11.4697884351133,10.3268270815231,11.4422424460358
12.9488264651669,10.0797534354527,11.3810722234403
12.3524413031144,9.75764640556364,11.251995124624
10.8286111851152,9.60291033986642,11.1989715048615
7.48574340874489,9.63305152616064,11.1473291707439
7.8568273982157,9.93412270757793,11.096684567158
12.753706026441,10.493382365328,12.2496486230393
9.51025426621807,10.9507649484833,12.1959162737811
11.4495222080192,11.1355071240829,12.1415019393573
11.497594410898,10.9416536695764,12.0872532493943
10.4062804743844,10.564603872715,11.2223494167239
8.6089392155429,10.2323756290786,11.1741507969631
11.5317022676552,10.1104918088323,11.1318970428216
11.4455965835067,10.082044932087,11.0965734710071
12.3152247426497,10.1442401975064,10.9594739849687
10.814474010785,10.2232743274821,10.9374057984203
8.96691792521781,10.2887642254314,10.9218327157325
7.46553058090888,10.2913098149553,10.9113519046003
11.7575503869204,10.2669208218239,11.3940701352702
11.6142772669364,10.3060882039171,11.468979832712
10.5870618546435,10.3208065929849,11.5566218465853
9.46840635581693,10.1962361820536,11.6558560939812
13.070924380043,9.89980531906691,10.8417978516793
9.53356422856713,9.54984046168853,10.965615204783
8.8089655980907,9.1745726545066,11.1096940206331
7.71341932533302,8.6881481759111,11.2724387963956
8.98736028744477,8.34208708493912,10.9013542214787
8.38450535979073,8.50034859057116,11.1054834740053
9.03570894871129,9.16463977959672,11.3224312764155
8.13548029379352,10.3423920569715,11.506394198705
8.06556312005904,10.5830100030116,12.5454837135536
11.4793712491347,10.1913589586661,12.3999140205929
7.69703943359929,9.7841166410657,12.2154584628732
8.37165473384042,9.57451879308442,12.0494899405441
9.29396891624493,9.44904891513052,11.5935955380192
7.20091499084668,9.4337540021946,11.465265826574
10.7115452514036,9.5289238236595,11.3534613274825
9.06068634487109,9.81642080842976,11.2581558619736
6.69008028547977,10.0917743449219,11.400296433705
5.9540193280571,10.2197821864442,11.32669182805
5.92948949394043,10.1810161445878,11.260044722607
10.3598324465632,9.88429696218163,11.2012952227233
9.18792187564509,9.45148441167236,10.5888830274689
10.7010163615405,9.21793913615153,10.5388289755278
10.7925641168648,9.19897989731302,10.489822780295
9.49207608383155,9.4106728685975,10.4402416734226
12.1786443186072,9.9464476216779,11.0625460403399
13.5799709067867,10.4102602630024,11.0067328234065
12.3453916221954,10.5698661088157,10.948054151349
9.97623798655335,10.4233887577925,10.8886542271321
11.1141808981767,10.0146426486425,10.4632252079748
8.44936993668245,9.72221668600193,10.4104097213022
6.34840204907812,9.63142870588289,10.3642408255778
6.78408706629346,9.66142415467756,10.3276138817515
10.2114915472706,9.8475665233221,10.933578568207
6.83174390743435,10.1020530648261,10.9136493535276
11.0859942750955,10.2233764533168,10.8999116070783
12.7863963998386,10.2642856280799,10.8918104612491
9.79956113973164,10.4820861335553,11.4013378984753
10.6817880629193,10.6102459789398,11.4732119644366
12.4021760388436,10.558735502698,11.5537641884702
8.11432162113832,10.3411453985341,11.6447456447924
10.9204366654261,9.88596603112691,10.8192777192255
10.8310571957064,9.47924218766182,10.9363004077141
10.1131169795462,9.07255764884468,11.0650130125856
8.23402678508666,8.59275191874015,11.2097902240495
10.0787884714479,8.27646462255887,10.8130303322088
10.282813410012,8.23424043782404,10.9761671339271
8.98598081709529,8.60944016760861,11.1318051550314
7.47211795402191,9.27345798077545,11.2383222206028
9.37569748273525,9.75960291026524,12.2842729767167
11.1746766018364,9.85550236230018,12.2023897191553
9.05638610868236,9.77526166162149,12.0716866527421
9.77331409256493,9.68323332829513,11.936913191584
7.67658877239879,9.62683560074723,11.5051536388954
6.75136281141205,9.62898958409819,11.393310548018
13.273069542883,9.67864588631233,11.2898768833365
9.35676099495088,9.83951961652537,11.2012447330875
8.03839258851036,9.99593506923654,11.3533600781455
9.6727209932369,10.063900399025,11.2844268548146
8.94955338452002,9.97197171019628,11.2237138358988
11.0790255771685,9.6459779635878,11.1716871386386
10.1772213015972,9.20303281989495,10.5645081196566
10.165741632339,8.92301949396816,10.5188702726107
8.62294837742971,8.93912958810318,10.4733508441485
8.05570601106198,9.15292928039456,10.4270691408878
11.2584705473373,9.68020520021286,11.0497965361658
11.9459602810451,10.0585732717091,10.9921303008234
10.5199903289401,10.185971096922,10.9285673576262
12.8268669586957,10.04556804778,10.8610959779184
12.4853357554787,9.72241344470095,10.4281203706748
9.82885076945924,9.43206517938618,10.3681712349406
8.54238378614442,9.29769726292181,10.3177038651651
8.38549219940197,9.40184014016163,10.2785003355509
7.57257876055691,9.69686971675496,10.8853009894093
8.12329440713004,10.0127798110986,10.8677544430416
9.86717779394049,10.2029704917809,10.8576330557644
12.8430877584733,10.2725472661945,10.8533358167493
9.20388882891212,10.5132586316111,11.3985628969437
11.2906574337319,10.6599009756074,11.46204306389
11.0261789506018,10.5961607509602,11.5371056718875
10.3181243318287,10.3061012828835,11.6187351872144
10.3651403072507,9.84121812972049,10.7807905291441
7.0835571232772,9.45277487898371,10.881955012277
9.7342848125451,9.08504582292389,10.9932570943722
8.97750002085016,8.7016829751951,11.1105340362111
9.67979825365974,8.34756124752544,10.6910224885399
7.38593441436284,8.23194706553723,10.8106632366931
9.61015995476898,8.41288925111678,10.9150900291334
8.64704204904299,8.96468476518483,10.9882429683834
8.56387872242831,9.50874083839991,12.0343596256406
11.051893496006,9.75367485201621,11.980385211845
10.7564635780739,9.84087184826767,11.8917601092269
10.5399408938754,9.77424529198647,11.7911018252276
7.33081860568302,9.68033549095791,11.3865399391726
8.32675633908618,9.60701808287166,11.2935241270855
13.8811303632482,9.61262320155049,11.204800647571
12.684927767972,9.68513921397654,11.1293520392212
10.249193409809,9.80089650780512,11.2905815183258
13.9478143925247,9.86063484253624,11.2297339730079
12.0580871847496,9.81110031790529,11.1783042604532
11.0131228776316,9.56854942069013,11.1332897373912
10.1378545799557,9.12448383018599,10.5331712421794
7.76357293652493,8.88821400502956,10.4951603594092
8.51817834960861,8.92024705296746,10.4561600657194
4.92816582641646,9.11077735274918,10.4148805042147
4.36936469497069,9.52786304975774,11.03951285369
11.6448922264187,9.80156480095358,10.9790067784906
8.05894987344962,9.89461010105252,10.9082394055192
8.57072454824791,9.80583660937271,10.8322933099779
9.25660900036123,9.532472530651,10.3870205403732
9.50984575740536,9.30991112674528,10.3186480558974
10.6150156575866,9.22480072184694,10.2644803207319
10.9053017970208,9.34553051750112,10.2253591791583
11.1735237199148,9.70703378658487,10.8324128141966
10.3330270694645,10.1207996170975,10.8189005477542
7.80812278730233,10.3176951207343,10.814914197387
13.3186056110067,10.3867067136056,10.814655415919
10.0805344864477,10.3412943512786,11.3852569344208
10.4083328090791,10.4441355648078,11.4415472994889
10.1553876428921,10.3709035923275,11.5048599224484
8.94417616884086,10.1513160206016,11.5754541823744
12.1420231150722,9.7372016281182,10.725132577499
9.80120075680325,9.42688895662328,10.8102227677393
6.39201660172639,9.14170321532757,10.9028126363183
6.88889065043229,8.84785050559795,10.9964683774548
8.24052530601782,8.54402142003149,10.5427166445754
8.54399318719783,8.4420990917654,10.6334064928764
8.11389001536991,8.62326315301784,10.7025495805978
9.37166567953254,9.09983696177301,10.7465651463302
7.49708382366428,9.71397645905338,11.794034702275
13.1062870971765,10.0240143858615,11.7631751842279
13.8432857448627,10.0853499699939,11.7046110910501
11.2497224861453,9.91037477779644,11.6292452815471
7.14966070923961,9.60292279959156,11.250840133995
10.8829537529979,9.37439416634911,11.1722801046401
12.0268267410454,9.28661493520574,11.1043213873316
11.4335001357072,9.33010946838171,11.0426780101522
11.1475197371229,9.42589807927116,11.2135230506024
12.6978426110081,9.53629584255189,11.1645711527638
9.29151133480671,9.55605558160654,11.1217859301189
10.7688167726938,9.4593644403648,11.0869955842219
11.2501022097908,9.25265636168481,10.49696142999
8.2743631491663,9.18663790277941,10.4684417357543
11.5191557639211,9.16572393732658,10.4382140172436
9.44812580387669,9.22856988239637,10.4033137491179
6.81948767331581,9.46343943733481,11.0329569099549
8.30038185834359,9.59666489959343,10.9714484952169
8.57879960212302,9.64373435832501,10.893845520533
5.35585461216739,9.58812633978247,10.802157357428
6.3526812730458,9.45981465466274,10.3436402341845
9.39189651921482,9.33806869009718,10.2643494130737
10.8673341799568,9.31057081134097,10.2015399093361
11.7422668840292,9.46736569791562,10.1620182663999
11.1670397437085,9.90483480233476,10.776603382631
10.1250609359915,10.4483197066266,10.7693846161107
8.15769217109577,10.720800598594,10.7713241232248
12.722313885897,10.742888155036,10.7776777192542
11.6146973465873,10.034309551627,10.8640139155224
8.78240739132472,10.0147100455113,10.91236510035
8.65025653941619,9.99176390409662,10.9643256710648
9.78044553658264,9.8485335523686,11.0233318921667
9.37379120257353,9.60127663248612,10.7850688404131
10.0188878964347,9.40812612378822,10.851850904571
7.75077886151994,9.21966752103986,10.9219292639124
7.68740240406234,9.02305631468048,10.9940243137465
10.1315206953593,8.84614822528236,10.9994212821405
10.1169963808731,8.79297669754639,11.0620968268035
10.4575829847926,9.00153044755416,11.1104591663113
11.7799292458066,9.47432634880685,11.1365570744572
11.2075332278875,10.1072251963861,11.9898114353562
15.2334736347609,10.4523219583902,11.9690958801081
13.1036389906714,10.4332868895862,11.9311356969265
10.1729679554615,10.0803985773065,11.8788009880265
7.74788990818708,9.36379849582385,10.791380488286
6.62921743453773,8.92351390894204,10.7328536203842
8.26914977164861,8.75339894992118,10.6808075651652
8.46145723183258,8.77834902109155,10.6358404528608
8.84258340467323,8.94151250951959,10.6386560017354
7.97585527394379,9.10382999500106,10.6020966963607
5.31832595064146,9.27424319613462,10.5728781942528
11.2113281203651,9.3667761241587,10.5474074081127
11.8243703182233,9.5328261690915,10.7742486817728
10.8774944673637,9.64000244947525,10.7546835736652
10.8307514933884,9.64356445927664,10.7357387702047
12.8353403499136,9.57522108899153,10.7095553344398
11.1388908031582,9.47594801291279,10.922107691047
5.29664530978649,9.47516249937013,10.8645876680086
9.57595513027209,9.4424486411827,10.773104165762
9.14308602716987,9.38626242888316,10.661584873349
10.8683994592182,9.42248652258444,10.6829131269505
8.76404775155024,9.45981765041586,10.5860353752304
11.6973503461414,9.54590004266147,10.5219812102053
11.8236933538826,9.81320458822392,10.4861659108799
9.1444897011651,10.3873293657968,11.7443017267119
11.7653121418078,11.0028018231394,11.7444184970012
10.5635003409297,11.3164331025752,11.7559000537086
10.9319031396915,11.2826146716938,11.7702274942575
10.0866847678065,9.85442066045197,10.8358814755677
7.80654436870834,9.76650599691501,10.8748962406364
7.99849618791221,9.68477741199578,10.9172159563662
10.906841039787,9.61902423681066,10.9629332564104
10.8213014381803,9.50605075207607,10.7086030913289
12.9263414605854,9.40223387085941,10.7597634838691
9.87891012698476,9.28314547610681,10.8114191486813
7.10091785605685,9.17889634444244,10.8591603455643
7.815982623195,9.07400191864778,10.8426425349706
9.18201347739202,9.11193123465095,10.8793977129621
9.067536057518,9.30623183496735,10.9079987117284
8.62582588492338,9.77598244674212,10.9202298328049
9.44528628762011,10.3576725841907,11.7703381214268
9.83785897032151,10.6992480531552,11.7573604156751
13.6173058111223,10.6795215804234,11.7331880724997
12.7853735289812,10.129853572866,11.7017169174305
8.27237403227373,9.20358455361321,10.6324874723702
8.05168661457946,8.5525858220581,10.5982395188571
9.4028528806005,8.48616599363489,10.5626523447286
11.9491991903612,8.57709415854945,10.5287750877685
8.58101913548595,8.79203883317051,10.5454994848543
9.34855718041003,8.92469048231049,10.5211711920348
6.4884101375168,9.09402919315318,10.5023501501797
12.297249642657,9.30496293524952,10.4895579497678
13.7270170360975,9.66335939110695,10.7263155437164
11.5067581569653,9.85941906879124,10.7182567632407
8.12943683982682,9.88073940917438,10.7085363300494
10.4611733020815,9.81089855044643,10.6953732422143
9.17088644857012,9.71072803330417,10.9219315145503
8.93095555998828,9.86279562344952,10.8810851248148
8.08064800552144,9.68814968153874,10.7721207909013
9.68756353157655,9.46319129861876,10.6292155537186
6.54314050107639,9.5007678546623,10.6167119914523
9.33862149024385,9.62569693001827,10.5033008003325
10.5091364393974,9.79438602887389,10.4344967473321
13.5572029024794,10.1494166470322,10.4137157736936
9.81552230151011,10.8800942099389,11.6844018402735
13.2663251748071,11.4802471426012,11.7001547125732
11.6270043663659,11.7583694447762,11.7200544982378
10.1649564407137,11.6525237098517,11.7427034352964
11.770018481078,9.85308276261571,10.8027545182297
9.3100861333061,9.7633899470078,10.8317635122778
7.28733397439652,9.67765611486852,10.8642776733037
9.3769578739497,9.61145428078567,10.8962866037316
9.64591357382002,9.5437183294363,10.6272373170337
11.3065389302059,9.47083531386808,10.6619700830572
8.36289824769525,9.41258393661714,10.6945765917094
9.11667778550277,9.34173193195146,10.7221984344781
8.47588746897157,9.31131848598174,10.6817234831129
7.25840471523969,9.36673013821465,10.6995248043043
8.17064460058938,9.55059198693262,10.7118071717794
10.5449934923203,9.95186853589778,10.7153852267544
9.05269004619457,10.4391638669131,11.5600938082677
6.3646810627941,10.7207969280415,11.5517723511022
12.2368543731198,10.6555274608236,11.5398516042752
11.2191168990264,10.0958062228558,11.5240620267118
9.29164357249533,9.36539957510205,10.4764030107208
7.56195737942667,8.80158678261639,10.4584073029521
8.9183580358853,8.75128193350838,10.4399862402846
9.82968822172104,8.9042996843553,10.4190245710792
12.0830810832419,9.05325337683652,10.4488338608531
11.3485533905318,9.13564458623841,10.4355378824341
8.28272141389553,9.19727538332168,10.4281813727502
9.18010056316278,9.32061753021294,10.4260694894872
12.2898101032068,9.53667347965662,10.6734274822233
9.78764575883597,9.67725514706886,10.6747165781575
6.93634535569164,9.74062162973089,10.6739754487145
6.66296576605485,9.71481414470091,10.669602185327
8.58030830320373,9.87898259819154,10.909555785604
9.85776910159539,10.596440957069,10.8947211097831
10.1614822073815,10.1635153201985,10.7556242880019
12.4473842811493,9.75306517377005,10.5839026725386
9.03285086043046,9.71134211735521,10.5491103530509
10.7190500103032,9.82543015901111,10.4068692366259
9.72570702721051,9.996285669235,10.3425545440727
10.201185231,10.3552044289665,10.348495871085
9.36865041494833,11.0229230803358,11.6360968164511
9.53795171164705,11.6209043820693,11.6638980841797
11.3818350770977,11.865392395584,11.6941883701102
10.8111582734092,11.7449432241281,11.7226165491191
9.55070609202278,9.99112763056539,10.7669978631639
10.6797741795409,9.94375053500996,10.7873843100664
9.5616813406427,9.90756784400998,10.8084870241722
10.6952733486072,9.82898210679738,10.828662444464
11.1102932022852,9.74682322066766,10.5470613319833
10.1674840333022,9.66601591785099,10.5635618117917
10.6143254350643,9.63260564963926,10.5787524174362
10.5167177309588,9.63206333570826,10.5880183698522
10.0851624942688,9.6553881526946,10.5300993118662
10.4229270680803,9.73073301801724,10.5294946113359
9.31761187071736,9.85292069471225,10.5237384250929
9.62210382362539,10.0207421954677,10.5154123285825
8.86861355622769,10.3136232688295,11.3550364151477
9.16452092547954,10.4622851091187,11.3514442259519
10.5652884767975,10.4950904378207,11.3506880842304
11.2800079586251,10.2822823164446,11.3523805380705
11.0484512392377,9.95523664262198,10.3221016841553
9.54923465406811,9.76695125719217,10.3192674458459
8.18909529306768,9.83967586036564,10.3177339100168
9.92188069107019,9.92811725270693,10.3109465598807
9.2358384428557,10.0180211767077,10.3498933782422
10.5984050794922,9.86985851208184,10.3468803484889
9.34378320513056,9.6360830067556,10.3515841278873
5.47525536576192,9.34393657903533,10.3608993297563
6.6765243219826,9.08706415813915,10.6183180797129
5.45905108552922,9.05702696191195,10.6256307993038
7.46907558616619,9.02014797100276,10.6306056809467
8.07789567682645,9.25133409889493,10.6280808783599
11.2735621337969,9.71310711086345,10.861157527414
10.4958050989598,10.3302950906471,10.8179120433576
10.9350300492151,10.4987460330898,10.705182226639
10.2407466492754,10.2377747908877,10.5380755377092
9.32346386392485,10.1124406512366,10.4951083283547
11.3182924491368,10.123018370886,10.2980883642203
9.20811811829357,10.2161587632137,10.2578768143097
8.44371432633801,10.4539433059907,10.3014565336614
11.0764545065692,10.932788180813,11.6120321927966
13.8614504143595,11.4081140246674,11.6482036843072
13.3225319832577,11.5763830363422,11.683048752675
13.5764972928892,11.3992353422856,11.7142001083771
11.4672026280094,10.2685267971068,11.3224775800442
10.6277929986399,10.335186859062,11.3334411137127
10.9368748069445,10.3453116485353,11.3451694549241
13.6712005891431,10.2401647903617,11.3556700757535
13.3972498398064,10.0924553570682,11.2032912848679
8.26648888219484,9.99346848573579,11.2081387505618
6.63098438264253,9.99266248545927,11.20776611045
11.9214554098069,10.0657820377577,11.1990036788294
12.3659398716284,10.1913810853991,11.258118667648
12.7968328527677,10.2673730501224,11.2379203987179
10.3499728026233,10.2873881836068,11.2158241672526
8.36505792601484,10.1943220072182,11.1952135691979
8.90779680498973,9.87454152014771,10.6312784080154
8.48024761777192,9.93448076423419,10.632645087191
7.97259002182569,10.0382766929268,10.6457948493447
14.6018779628924,10.5998583914254,10.6673363453353
11.7074357813569,11.2833538331886,12.8309974753494
12.0616672464234,11.4534074029362,12.8474501152512
12.0050281572746,11.7901116536011,12.856802895399
12.1055480368293,11.7605639744722,12.8618320417686
11.1520905298217,11.4410782094863,11.6995591399243
10.8122182008871,10.9984272812929,11.7017033321571
8.87721641239514,10.3794678036782,11.7197818695783
7.6032867632987,9.44892521921351,11.7414189244764
5.50637655428254,8.22268759984305,8.97056171518467
3.8750891548782,7.77581965342253,8.98413400464378
7.02189536557478,7.72069793859051,8.99022739754393
8.22514283365643,8.09485837237242,8.98398949464071
8.58408302946881,9.36983180391238,11.7478400536092
9.16152258991689,10.4952047421032,11.6928128980194
10.9640825164418,11.0192208174979,11.5947664039541
10.7977528538902,10.9862926005734,11.4539948421423
10.6586465803602,10.6523794846435,11.2246906146034
11.5359997283771,10.4224572901172,11.088597142323
10.4324470253701,10.3656652649883,11.0129830573202
7.82761257891855,10.4408170060066,11.0432875249133
10.5207042787211,10.6960219644478,10.6809310955785
10.0784198315288,10.8645678822085,10.7176373397855
11.963024827454,10.8913273497425,10.7517888259062
12.8805652890517,10.7625498421932,10.78285250756
9.82643436699163,10.4855976581259,11.2844604322081
9.60051513541689,10.6012447059031,11.2894597832912
12.489874951274,10.6320482467839,11.2927288218816
11.5237003674733,10.5302869255297,11.2930456325241
11.3683299480593,10.3373834860924,11.130571896487
6.33080430006833,10.2575891345802,11.1218612949291
5.13073678446567,10.2804031808315,11.1063888749399
10.3940852224041,10.3897047749899,11.0840171777701
11.4711826002323,10.5401749384265,11.1277174960015
12.0853101116562,10.5931341869778,11.0886926230347
8.00984043617532,10.4917841846844,11.0496280344216
8.03187678026898,10.1142256592796,11.0094601601574
10.8739715820178,9.64652811848033,10.4375482510786
7.34464578879525,9.42923151345603,10.4474666886685
6.55623806804277,9.63223588031902,10.4745344713673
10.7941686679848,10.5571185388233,10.5153936920149
9.49264624071229,12.0683640758049,12.6974944388873
12.6651052944913,12.8712229172374,12.7304773436385
11.871160423749,13.107755490775,12.7551241874523
15.0187376117584,13.0302222975285,12.7708042256397
10.9134772133981,12.4225303584946,11.6182292751889
10.7273118801963,11.8070639719663,11.6219128817278
11.2482930954644,10.9429003256933,11.6512249950155
11.3259443768962,9.65636358584383,11.684884451312
5.75013859739571,7.84951200293629,8.92104944952487
5.50578220278326,7.01504752485468,8.93866141994621
8.00618883068287,6.83054765043371,8.94321528258176
6.00042959816781,7.65031292318054,8.93764631465311
9.04232347694552,9.4817515396337,11.7006516859097
13.3814689530875,10.8872234573766,11.6490875044576
14.5490046563539,11.4370743900477,11.5669696059907
11.408059803166,11.4053599094458,11.4551448301059
8.97848465852221,11.0401706704247,11.2588628894472
11.3893217485596,10.6920443439892,11.1574028519056
10.6010664788861,10.50877109552,11.1011056413015
9.72966229044511,10.4458775865175,11.097634810264
8.34122686367656,10.4638661664677,10.7213572012604
10.6424052549201,10.4530258836389,10.7474343370748
11.5146631485008,10.3983826842529,10.7737373734583
8.50477488339828,10.3349424381161,10.800122037438
9.1500077358835,10.5307722065192,11.2491580498836
6.58247648239047,10.6973763350273,11.2467953263615
12.0423213709543,10.7300314786077,11.2430224421551
12.8471410428378,10.6084571183048,11.2348962388163
14.1895072076018,10.4460028203022,11.0635080237362
5.29795966070334,10.4048874821776,11.0432665701685
6.45795293739111,10.4160821096022,11.0200384683607
14.3217242351148,10.5170594804835,10.9866212962398
12.704619972699,10.6473147603042,11.0137175792629
11.9019623990009,10.6925100988518,10.9634253823955
9.37235091155071,10.5862361044629,10.9022673409754
7.02048809637955,10.2515014449192,10.8391835864937
8.60129232517241,9.70282644417327,10.2417124627971
7.55851221005508,9.24696078930904,10.2690134269692
8.83040168680069,9.43762769476495,10.3242352460313
11.5789117815916,10.4391831347859,10.3860613013639
9.46949555557961,12.1723987053069,12.5863348306842
12.4373271133642,13.0610733342439,12.6344288907253
16.9514631635629,13.3930738090055,12.6687308567146
17.3694929925872,13.3589583238703,12.6956204230599
11.8524518859936,12.6261884739057,11.5557186628994
12.902636213221,11.9384196621708,11.5778934462298
12.7220811815817,11.1771259579988,11.6073296622001
9.6422197750631,9.83425235473506,11.6398560233368
5.43936839646388,7.92114738999558,8.87974431155619
7.16660248081921,6.81798834875769,8.89902487759214
9.20156303926793,6.8450190266321,8.90578633086034
6.84504930680039,7.7622902269537,8.90212956680443
7.624185340122,9.62193917307189,11.666166597177
11.1347746321232,11.0354644808992,11.6227437706313
11.1912708947317,11.6049433452764,11.5591500927773
11.065031998719,11.5830226256062,11.4771041390929
10.9560515926628,11.3014504061213,11.3117703548797
11.3254261199118,10.9468263791611,11.2355106757431
11.5561935585826,10.7291818816363,11.1902561941112
11.7888103976613,10.5691775553487,11.1710122251157
9.24767197638822,10.408976253683,10.7747269488432
10.6180605503483,10.2824413862554,10.7901751102316
12.6849241750327,10.1996114423761,10.8094335475524
9.10796649538015,10.1188459218913,10.827946477214
7.50799543101465,10.4357567485538,11.2156414246231
9.96996428594049,10.5257465885788,11.2081211927366
10.0607482191599,10.5436213932799,11.1978565208687
12.4403063166001,10.4918677838814,11.1835582902576
11.8040479677841,10.4615213526344,11.0047480441337
11.4301972065876,10.4656671073724,10.9793377102707
10.0668106951022,10.4874771875041,10.9484871735572
12.473199438844,10.5069865107574,10.9052588299987
14.1281157781223,10.5207760878821,10.9260016454264
9.41822890450403,10.5108701154763,10.8645156555057
6.99643869790423,10.4552605257914,10.7876176188515
8.29040096380026,10.2530258955115,10.7006054435201
8.46380333122821,9.9615706511476,10.0721523506318
11.8737216749906,9.37030326126721,10.1297425651254
10.4174586317419,9.30342724965576,10.2161014201694
8.89853306512685,10.0556410819773,10.2905164804235
9.50088173043746,11.4447340299586,12.4976942612206
9.46639917207071,12.1815816821352,12.5540112193239
12.6212886851442,12.4420520435109,12.5997692251086
15.5666156568121,12.4515412100723,12.639012581157
13.683218528921,12.1524394334714,11.5095224127287
11.037580804065,11.7123166478383,11.5417758484188
8.84074811258068,11.1275255220076,11.5735329298797
11.8090280984899,10.0185591709936,11.6052195189827
8.30329853332814,8.29075410657679,8.84777567700336
9.27275522817735,7.36833507001174,8.86786836135315
9.29395395939762,7.49178018976629,8.87869601202987
11.0755981420136,8.32991787304199,8.87595709234263
13.0086690431042,9.79029956723628,11.6477001030498
10.2298222055672,11.1105527430496,11.6169855457488
10.8937209635901,11.6519198826754,11.5703567133586
8.36997058245623,11.7277082577666,11.5110847010816
10.050861760994,11.5310428102828,11.3661123386664
12.6945991812207,11.3484612060892,11.3087826945618
8.74558746763146,11.1866553923186,11.2691339703259
11.1416762141118,11.0023387988465,11.2460679999632
12.2201821338289,10.6114188830796,10.8386008305021
13.8565081938904,10.313100118671,10.8413285965571
7.99658262034699,10.1412991642012,10.8509049356145
6.65992281168589,10.0546006417128,10.863315439834
5.70021315919274,10.0450667177097,10.3634165458517
9.64632380556832,10.045086990623,10.352744353652
7.28018132985817,10.0359237491846,10.337803106314
8.62499060922128,10.1396294803324,10.3182228809817
13.0143429988153,10.3553378533365,10.9665291809292
12.4133780144627,10.5307012602722,10.9350406390674
9.40823104489942,10.5456358489056,10.8985033276734
10.919439484179,10.4045166308393,10.8519842418012
10.8754841768731,10.2158184273457,10.2800353925105
9.11039322924821,10.100825143197,10.2175416026362
6.27694277431729,10.0421338998886,10.1446805409081
10.8432438777715,9.97847381290196,10.0718458731434
10.2368446567426,9.76509990308436,9.80792457839032
15.4824903964003,9.48022940123254,9.82486989695913
10.7515787128639,9.29987593811994,9.90390984242365
8.48896648259785,9.57210686691436,9.97701877741654
8.74276706979791,9.73659469681257,9.38725318848974
8.79140956770253,10.0451449757815,9.44635240003888
8.22954559111091,10.3141701961037,9.49673664081099
10.9122740622942,10.5338803219223,9.54127494030641
11.3512253551797,10.9301969174732,11.0990405268663
10.6621495061723,11.0291585258789,11.1361472683626
11.8570192257119,10.7857926431322,11.1714240230824
9.12454337783856,10.0360484130024,11.2042074047047
11.1923405244622,9.10981007627817,10.9518186209418
10.1374627232611,8.67227251288806,10.9737357927123
6.1957943605872,8.7739716278582,10.987641496637
9.54280563661415,9.39083439520984,10.9917209614145
10.4604741746186,10.3465957028346,12.1422630851445
12.4177406957503,11.1394334088919,12.1226737297955
11.1869124535753,11.6219299414568,12.0938664314523
9.87780604545086,11.8226923613606,12.0522856107665
10.9945200171209,11.9004130705456,12.6992595892083
13.4336223077186,11.9476639768876,12.6544054198584
10.8729900085914,11.9519911626971,12.6186590797631
11.8792361676383,11.667476900147,12.5920366441642
9.58861724354489,11.0591053980456,10.9302028244266
11.6733774909076,10.5002475460505,10.9239752662949
9.25663747818237,10.1857072812973,10.9246375540919
7.16988227707146,10.0534843008067,10.9285600920588
11.1623512564556,9.70888244785817,10.3366011373119
10.8954500342247,9.62002383157994,10.3226970671641
10.2519114658384,9.6732557872327,10.3056640276552
11.3640001754384,9.88138097715243,10.2832468273437
12.3835088368344,10.2846847374208,10.9281174576995
12.9473414313421,10.5142457567352,10.8949039571306
11.445074725861,10.5283447630071,10.8560035890213
8.18116884392577,10.2577323223663,10.8111727771424
9.1308126563245,9.95947153034768,10.2428806115711
7.05317327016398,9.75844631514848,10.18557684718
10.7055777662813,9.67857303482992,10.1260325677491
11.0006861900463,9.67949880499877,10.0729121455008
9.98504157809892,9.6120360438001,9.82954436064895
7.4102005085214,9.47620983846647,9.84582752648013
10.4177110621656,9.25032701835178,9.89211013515256
8.00494554866728,9.00055524425233,9.9548163869312
6.23413993041388,8.50340687247971,9.35748462177135
7.5110538828248,8.38405850315325,9.41440032030835
6.24377724128556,8.46285329019766,9.46521102927898
7.32631172838333,9.02203875814953,9.51272000881117
9.49803399243317,9.97631433928873,11.0740610770407
8.05899923622897,10.5300603039587,11.1141915666078
7.30992687694424,10.6139372691694,11.1515505340139
7.6808377297705,10.3428284921265,11.1852285247618
9.72384262212092,9.94291800018691,10.9343859561714
11.049548740155,9.77730056691507,10.9574992818924
9.41214183412252,9.86198420590552,10.9747458982476
9.4581652223774,10.2131263580045,10.9858291072743
9.01501603987569,10.8358979876956,12.1458672058435
11.1643344005872,11.3726615197113,12.1390595727589
11.183192241709,11.6964071148682,12.1219684755159
12.911254658112,11.9736348093059,12.0983994196651
11.3042458886716,12.2669549702958,12.7582125116855
11.8152061432142,12.5252975321543,12.7227467121916
11.2723481699253,12.5598205896501,12.6885457190832
11.4762813961937,12.3223256034548,12.6603620790217
14.0058128923009,11.5752965893867,10.9931122336007
12.6662671768169,10.7125660711439,10.9792269918916
11.417115819706,10.2855219307358,10.9730713217906
7.73271629225004,10.0776527317298,10.9702909489073
10.0323629359487,9.51341219539519,10.3146104582858
12.3633549858571,9.38449257721882,10.2986003736763
12.1753717480438,9.4383655745548,10.2793025916956
12.2291935993714,9.71044998678046,10.2558363175223
9.18165413973186,10.1541905852948,10.8988008811405
10.2702203763705,10.426499568923,10.8659073472969
9.81763049125872,10.4420536296755,10.8288253245201
10.6378881281563,10.1398384770861,10.7862841757603
10.6339633427575,9.77113177121162,10.2220139877411
10.1878544905826,9.55702399237503,10.1747526976339
8.42908186189486,9.5064185798206,10.1296581596314
11.8310854933853,9.54159065184947,10.0928606136187
7.62064093380652,9.5819690439757,9.85910432504041
6.30860736900019,9.53521801562965,9.86937088970707
7.19263275305274,9.29769361317103,9.90390116786416
8.23819346596713,8.82858044865652,9.95110924313467
7.7265114759392,8.21827484484156,9.34755115418683
7.44658844664322,7.85115882508669,9.3990271240987
6.41286125045635,7.94528872731675,9.44876242526344
7.58187660481052,8.55316203691506,9.49540423185542
12.3756939182771,9.67260768270576,11.0579602292059
12.2025525726872,10.3780983418099,11.0990445899951
11.7729943062364,10.6577711765851,11.1373591355196
7.95412920014093,10.648877462119,11.1720757771537
8.87572673095559,10.4893514130187,10.9216210366981
11.5842449655291,10.4295291313741,10.9476065735022
11.3905038371098,10.4684248600899,10.9689220159672
12.1277495979552,10.71015703674,10.9846318398068
11.3197816101368,11.0941750093513,12.1536100160024
11.722296148533,11.4640281922894,12.1578652137736
11.4132268355101,11.6927368449708,12.1574584626286
12.005911334724,11.9956406123767,12.1470453863153
11.7298420816126,12.4324409598573,12.8174718461864
12.9150762968178,12.6780739825531,12.786649738114
12.1735924869745,12.6850722008286,12.7532996230906
13.4506720218974,12.4365192566014,12.7229251406234
12.8287150332932,11.6530088084552,11.0505478668687
10.8605381848338,10.8114611418408,11.0315407849906
8.85089218118265,10.3348416407886,11.019540614722
8.80272347945582,10.0957809884667,11.0109510521676
8.94612238340682,9.38674822893397,10.2958969716856
10.9386328650358,9.21804945025256,10.2793102627617
9.14090966272908,9.28444012562094,10.2585880506696
9.07477498122138,9.61575472310304,10.2349963144335
6.79319818288965,10.0374489246423,10.877585282774
8.2086849060924,10.2831511827188,10.8467869512644
7.73329062680473,10.3072920417485,10.8113108002425
12.7575241403497,10.0299461031222,10.7738808050754
11.4292951619437,9.68675440344408,10.2175617745391
10.5330071165712,9.50071937985967,10.1779553877724
8.12582517693,9.46449056053687,10.1436243851722
6.90968873855862,9.56876980886649,10.1198059290772
9.94133700734453,9.67704753558397,9.89042280578463
10.2819492588444,9.69569038293422,9.89845443934697
9.25116112266067,9.53812558363417,9.92420754031868
7.52831311336737,9.19075161311471,9.96243387750136
10.0850980924855,8.65793477101719,9.35131805597422
8.56088561185367,8.37289020095034,9.39657257403983
11.0150689679575,8.53620944768064,9.44300565436781
10.7270854810197,9.14292302058889,9.48817611290936
15.2003872032228,10.0133385520704,11.0488457461113
13.4135473383518,10.6926027369922,11.0903988760918
12.7739655378228,11.0117480752123,11.1292379540348
9.02563328734324,11.0660031572756,11.1642732562495
11.0932374008922,11.0133596972393,10.9141905592101
9.86793565483128,10.9708546277705,10.941030456434
11.9529050822589,10.9993799776255,10.9638429817825
11.7612326456997,11.0998513926831,10.9834107123478
12.4916970185743,11.2555413861757,12.1594309158809
14.2610527290864,11.3809354753593,12.1769301016669
11.399730534984,11.5138912378981,12.1910478420641
10.2150689660222,11.8585248530528,12.1970816723207
12.0676533141347,12.3650995439837,12.876253836113
13.7527568272475,12.5641532546156,12.84567456812
13.7272701265105,12.5128084999172,12.8110797105365
14.2083960178513,12.1824859618477,12.7782266348682
11.4912147046646,11.5378456316181,11.1007768517415
10.6604763747633,10.7792814734786,11.0787328275448
10.2611208646601,10.3207478313906,11.0620616725891
13.2243179889768,10.1090895385528,11.0495723372872
9.47934341243126,9.25543848131451,9.95127234450151
8.14111829631048,9.09086414212915,9.93335771962846
7.98787463468951,9.12442666528681,9.91330908079789
6.55907344083701,9.46653093214103,9.89035777550369
10.5169235855364,9.84567201377926,10.4021460214978
11.5958123697631,10.0537414002398,10.3729352135286
9.03556549241609,10.0901510352907,10.3419750424808
12.059131640172,9.91919628669673,10.3090483209844
10.4468769375781,9.6649355633702,10.1740947276341
12.307261152913,9.51549168882057,10.143546920318
10.7181609525039,9.51736379448682,10.1172615858471
8.54992042012525,9.66941728392044,10.0997121205154
8.99069919299874,9.86746349170267,10.5463214717893
9.02784968596183,9.94931719634178,10.5547660241859
9.7865003133904,9.89187851277519,10.5751574537356
9.76733922914693,9.77560486363324,10.606208377851
10.0417303902855,9.61913858526295,10.8945290225474
9.46400188785185,9.5192855510099,10.9363105473315
10.879410852297,9.65282207511356,10.9788952521435
12.1893681590998,10.1401050833667,11.0214451141893
14.8439007336515,10.8220973238066,12.2606713849013
12.9537290577444,11.3486221223132,12.3005605460004
8.69064212138981,11.6136745789881,12.3385307304292
10.4312311639811,11.6947427386348,12.3736724664866
10.5539265688798,11.6143828916425,12.1791048617381
7.18922135163769,11.5830281333629,12.2064225480188
8.03956805516808,11.5768342893504,12.2300197235909
13.7490179749931,11.5239979128775,12.2510290765962
12.1015841709588,11.3903103405097,11.439515812152
11.2686343676038,11.1460614597231,11.4679009366874
11.307494351196,11.0948138464978,11.4967027991022
13.7522801959252,11.4291093422466,11.517421561407
10.5402663002631,12.0006724305473,12.0601678706321
14.1868934416108,12.2265841620917,12.0236308679998
14.9511845075004,12.1049018693566,11.9853710596473
13.3201593264542,11.7968895399438,11.9504059678942
8.45732961743028,11.2397837105094,11.0964212274222
9.96014422875825,10.657112324673,11.0713992307139
9.2111609868193,10.2752181353929,11.0517343706478
8.75310180226651,10.1178896149163,11.0369544150985
9.61377796328926,9.1883929098938,9.93926165517608
9.02187252254642,9.02222776485534,9.92163032007903
8.81699208344772,9.02522281768914,9.90250824260163
8.35978675137531,9.30650615955666,9.88071652503517
14.0886214509262,9.69549927522649,10.3945678121477
12.4424839762335,9.90589111618306,10.3683637743195
6.88980296740589,9.93712408136402,10.3409620665544
11.6004692571823,9.80241315423089,10.3120129384848
10.8548050960445,9.62708253660998,10.1825743830885
10.886695263975,9.55214456186196,10.1587961429873
9.67580329670433,9.60237771235634,10.1387309268993
11.9161389680095,9.78987749754359,10.1267558104628
11.8952584059159,10.0426318558774,10.5756724625023
8.25947357810041,10.1675373024273,10.5834807766086
10.929550417757,10.2124209370551,10.6009933370696
9.53543327984673,10.1982503210636,10.6274277528522
11.5189746876978,10.1927740170146,10.9110769906918
10.2737781605437,10.2276432345649,10.9479419297462
8.19031814827581,10.4376647017857,10.986925544408
10.3514810978021,10.8935395535679,11.0265813327679
11.3668955232326,11.5617670630339,12.2623111752556
10.9969100104812,11.97088790812,12.3012614579282
11.3873623031006,12.1897528940163,12.3377597900662
11.5792902395036,12.1405597155884,12.372370656547
12.0242641461118,12.01701870785,12.1773294851561
6.65888074000958,11.8967898618227,12.2053027243852
7.59190940113622,11.9249927238622,12.2273002955905
14.8662852924197,11.9745763069054,12.2444402817703
10.5922203239947,11.5503389788336,11.4373350224363
10.4931273834336,10.9245024878846,11.4742970302389
8.36338874149924,10.6637159823663,11.5090136119233
8.82006124569638,10.9045459631263,11.5370890699625
12.2166792080563,11.4109145377744,12.0836396404948
14.1481804399151,11.7083567298569,12.0501626524697
14.2530911138592,11.7290149559871,12.0161701139148
12.8961345953462,11.4967304198592,11.9837762568441
11.4113510751394,11.0401482708327,11.1295780398263
10.6276423907716,10.5516988733857,11.1044115602105
9.53249182900233,10.2633366446043,11.0837857029702
9.84016855991812,10.1217612175731,11.0677718611129
11.7262774133093,9.19329173758334,9.92965722034993
7.61965756309445,8.9958665000718,9.91331501074851
7.86434557210907,9.00543889483482,9.89517955929588
6.8484789215683,9.27006120394822,9.87478272759215
11.4703248285091,9.62804340074523,10.3904850662823
11.2651457201107,9.82385541085199,10.367571070137
8.38846975774849,9.85885673350665,10.343320341729
9.38646397275803,9.77765869761935,10.3193448313888
10.5964849599337,9.65493368835261,10.1957457770332
9.11311371951734,9.6080646169134,10.1762314036426
8.35291271432582,9.67985653484262,10.1617434873671
8.78986642752757,9.88079647009766,10.1532837988402
11.9325303854604,10.1312312278704,10.604094319981
6.12450855458452,10.294120416493,10.6117974061729
9.090500813529,10.3750187651637,10.6273579583575
11.0175138238544,10.4250284399571,10.6499906304832
14.7107626685569,10.4863123094759,10.9297802575679
10.4274766486605,10.590296627633,10.9629414414902
10.8385234202658,10.8733318744705,10.9976091590348
9.30000256786088,11.3398907502527,11.0344748251441
12.1469148198945,11.9338823699323,12.2679955392759
13.1780352991088,12.2296085615595,12.3048264323319
13.0867723270397,12.2948017000822,12.3404716836479
12.1385825151153,12.1697734862685,12.3738860831461
11.6400418424736,12.0061827736958,12.1786478000475
7.87386351221969,11.8507916458941,12.2060822143692
10.3670754055477,11.7931263356492,12.2292172390483
12.3766390621449,11.7657085342628,12.2485739212176
13.9761411656127,11.3045208777106,11.4420612579626
11.1795466461099,10.6043074735302,11.4782595549234
9.11747315931428,10.3630063861378,11.5088278145706
10.0726929216919,10.5624559194281,11.5301366412412
12.0606939340869,11.0341001764389,12.0747126367044
11.2463315854419,11.3732208223253,12.0580896629628
11.8838658674143,11.4786597384142,12.0328923762415
13.1858069264074,11.3436639693648,12.0047106478819
9.57738040476488,10.9243628764641,11.1543884828637
10.300787252115,10.5027527158333,11.1313756412422
7.1087028909055,10.234155738797,11.1104406260916
10.4650106579724,10.1121506291522,11.0935045407209
8.33974448060598,9.21473637715886,9.92278648333674
9.36721904278926,9.05973178524003,9.90749890504154
10.1901542694284,9.10609524531128,9.89026206132392
9.68671634218061,9.30590590747571,9.87177642709855
9.56748659052432,9.6154240786634,10.3899469770177
9.28136755102905,9.80890673431251,10.369838019649
7.45153486074001,9.84254461909605,10.3491009384819
8.8296194656617,9.78971070238494,10.3299650287371
9.96813278421006,9.6930930273019,10.2096145838968
9.17246589258924,9.67815365567023,10.1943708252089
9.20022492501566,9.73267642400772,10.1830647785342
11.452150920628,9.90801613312593,10.1782979384213
11.4852610774618,10.1566335480046,10.6302019873017
11.6107170220205,10.319183654319,10.6380667616198
11.3552994039665,10.4090255109966,10.6528242111172
9.38740033382266,10.4843200880723,10.6730280296046
9.94608630098583,10.5769784879413,10.9494183309347
10.414186240446,10.7084949544196,10.9788935018484
10.378022316651,10.9814651763789,11.0106666166705
10.3138339081354,11.4620738935626,11.0447734718444
11.9927562494341,11.9795419844197,12.2757210445314
14.5901268884461,12.1107595830524,12.3106112469134
12.0220461276452,12.0418008959339,12.345003030251
11.8251220529239,11.9345154344899,12.3772850293898
12.9646244256343,11.716972482854,12.1818037563781
11.0581731083892,11.5265701423676,12.2100037620209
12.5746961025428,11.3682596835387,12.2354640944508
15.2813748189807,11.1853156214881,12.2590042843435
14.6593035888597,10.7070983414509,11.4522140721338
11.0529990206433,10.3100521582059,11.480611181742
12.1213306645492,10.1842670473945,11.5052716906606
8.82640895734954,10.3392888122031,11.5217413262212
8.34969734034015,10.7487467238885,12.0675552970734
9.03361811291159,11.0522234284251,12.0584865722535
8.60509951732591,11.1819802198644,12.0400498399117
8.20269608364015,11.0896788703581,12.0189253335652
6.79563898401543,10.7423924567416,11.1717835825132
12.5006262409957,10.3977332661318,11.1503554660848
10.1710803761203,10.1944270731609,11.1312816295734
9.62667799632957,10.0987151153959,11.114908900408
