"truesurface","",""
8.6029355260431,10.7479045030187,9.93042775245468
8.21903486075385,10.663448018748,9.9367567917323
9.10192965061313,11.5668454428584,9.84446745389718
10.3641589940467,10.0925249675341,9.99058204086123
11.3988495843037,11.0389238774847,10.1063160521108
9.93320918481477,10.6839139294438,10.1438278122215
9.08705064404161,11.1630325834149,10.1043260468463
9.19092040044823,10.6923343765446,10.174072651774
10.9993054104601,10.7534743430433,11.0350956371896
12.2898121874509,11.468250772429,10.9551486795075
10.4700052655734,10.9488528626166,10.9689012928846
9.83169309397092,11.1273001214914,10.8263422425482
10.4276114691805,10.2140261718099,10.6490346902724
11.0506319360108,11.4003183580604,10.5998312379668
11.8788761173528,12.5805084084914,10.8135288206917
13.9330158950187,11.2527805350951,11.0850497238734
11.5435103854002,11.5650931405514,11.1504488307767
12.3880862502234,10.4571286494641,11.2885805800606
10.5464519720964,11.0761058578999,11.2374446836059
10.6846385104353,11.2136783642248,11.2208035694791
12.466752710082,11.8721140748245,11.0470762610414
11.7225111413094,11.3256423625272,11.0837956742295
10.8030119596251,11.2968175208309,11.0681913024594
10.1980106490805,10.6034215930632,11.0705181827769
11.8111886771165,9.85670603746163,10.9824730728982
10.9062127301112,10.2152703888115,10.2633134975725
11.2263544351571,10.5147933089248,10.9384712059965
12.2694735454718,10.4620312170319,11.2454206130709
11.8236689616088,10.0343111989413,11.5094447197004
12.2146446609902,11.7387640492347,11.362810950874
10.8340633447539,10.4944665423877,11.4946483927045
10.6549030908671,10.2211795650509,11.5240026962843
11.8398827151641,10.5428343859018,12.0192118468908
12.0495817117319,11.1077572547832,11.8744064103325
11.9832586022335,10.9758254932588,11.542262442428
11.3612959491113,9.58267060406529,11.7871155893567
10.914294333232,10.0473500281549,12.3093236215522
10.8951311796183,10.3202845335717,12.4769030929625
10.9523915484905,10.5644121440957,12.5309839562128
10.1836729282831,10.2232098978712,12.3432361739678
10.1106283511439,10.4083829694593,9.96347349843228
9.76324337941734,10.8172609723505,9.91955141167405
8.37014663202403,9.81718418080072,10.0177524362019
8.87525116587573,11.8022897083674,9.81540702226787
10.3449796458494,11.2493283393943,10.0827520655801
10.1633796275568,11.8141734905782,10.0340341547001
9.44281348657249,11.7225705553678,10.0628319103624
9.83277978879036,11.1535664777912,10.1543336818514
12.1847028276306,11.8954695636402,10.9571165904275
11.0240884935517,11.6174791230614,10.9675053079696
9.95219358961569,11.1858985455326,10.9553286392451
9.87268530920279,11.6433622656486,10.7913504468321
10.1148177207231,10.2529478470622,10.798315837156
11.2412128341704,10.76414350318,10.4393387444318
10.9886720662717,11.947000813201,10.6207511172112
11.6185756609099,12.4537366262463,10.7825157686955
10.6870060312219,11.329977916886,11.1187761111426
11.8461345833881,10.4938406545764,11.266387777576
10.6154212201088,12.1207680933845,11.1139603117456
11.213119009188,11.8675812560059,11.1494407895457
11.3130958398665,10.1718209182261,11.2256136209726
11.4019646421364,10.5980387321603,11.1778362185078
11.6165508289561,10.0906647880967,11.2072582413656
10.1966501429828,10.3778993321525,11.1229553674636
11.7832350120497,11.0571186929515,11.0905772032513
11.4452798344926,11.3340235581971,10.8578309761654
10.1752887855655,10.5090497885805,10.9528383934507
10.5724435456742,10.6036038677773,11.159438903318
11.5490672968943,11.4564176716396,11.337072552419
12.7896460876336,10.1079715472479,11.5292074190582
11.0283152291221,11.6003727447876,11.377194284905
9.80801019269185,11.6812175917209,11.3692523756341
10.780756082387,11.2279659460467,11.951484751213
11.5951585383404,10.7621142526957,11.9036619886679
11.4500765851669,10.1992809487006,11.8090981827848
9.87306030420235,11.2775743141209,11.8316309139198
11.4554425071808,12.0724765154652,12.4417755415384
10.3620155304806,9.98619730045675,12.5862227938344
10.9479715802832,10.8776068576559,12.3569130288341
12.4307811340976,9.64029655870653,12.3708074091275
11.7855780428736,9.8827269452694,10.0174116079948
11.586898116491,10.0562388616805,9.99657533557291
10.6381287199885,10.5248826196986,9.94695055172008
9.12602687862433,10.6482436990053,9.9325625086828
9.86434004610882,10.3960264425718,10.1725297403759
9.6709525418169,10.6048919522862,10.1676077337065
10.644090536418,10.9379664665777,10.1828238168833
12.4182567457889,12.0681137228317,10.1335574888902
11.0086752051257,11.327373402957,11.1118361136367
11.4005813335795,12.2386260259326,10.954372055017
11.3246508101037,11.9482907529009,10.8918978391105
12.4334551039187,10.582554691943,10.9049052419756
11.542232913353,12.300065445078,10.7209895251054
10.4659162010901,10.2461144773469,10.6196996274602
9.68685999294087,11.4534280935822,10.4496946210179
10.5842080135564,11.1642882735945,10.6788753945412
9.66085504083628,11.5390284773794,11.0494771636855
10.5623691547032,11.7409344459397,11.1015885397606
11.1980436772764,10.4369803558405,11.2140360227444
10.4500248212635,11.3156898684519,11.1605725200249
11.248045975532,10.8056898794708,11.1763507062739
11.8543633614495,10.6630733403803,11.2150361971568
11.0836472287337,11.5533177397972,11.0953373495624
11.2495089286842,10.2173656140721,11.1844827221704
13.3327434013732,11.4190352753277,11.1784486217881
12.8341984207723,10.7489665418651,10.9228861184169
10.7724987261531,10.128715994986,10.1435191736237
9.95570532901249,10.3410053530981,11.0353233281756
10.8985982769165,10.4396408701713,11.5054792751976
11.1882175379611,10.914566405806,11.4905621675572
11.0041652537039,10.2922735996489,11.5106404164678
10.7845574774297,10.5857277118242,11.4685218637025
12.040544199648,10.3281517682088,12.0317050740793
11.1410997715378,11.4266041228392,11.9193573783016
11.3206500688254,12.2237842762464,11.8814999150661
12.1674090074268,11.2558771341361,12.3554685836963
13.4675994938047,12.5609261011007,13.2981225529258
12.0942743970131,10.468850589272,12.7792268652403
11.2272192271668,10.6149235090393,12.3587181438458
13.5684792858521,10.8276488876246,12.23598415416
9.56041352663544,11.7346108564251,9.83379619457628
10.9357225627939,11.1700916442088,9.88731202037471
11.0731327233955,11.1415741202125,9.88924355519225
8.82384066298848,10.4617561596887,9.9620165946283
10.8356145743708,9.95834436039525,10.2348791489803
9.95362386114148,11.0590200735384,10.1504239503203
11.7069464748472,10.5765377154931,10.2661846016503
10.4717186528056,10.544966232886,10.5100616758851
9.94228541549066,10.4125466685844,11.4992711968189
11.3868065229208,12.0615342354706,11.0506076103392
10.3458358087817,10.7185230690377,11.0233697550405
12.1264326351707,10.3835535763825,10.9447011674534
12.8300819694831,10.5296075591073,10.9606713273821
10.7441593970035,10.8536513814984,10.5735017616126
10.4942686136774,11.5724034992016,10.8516804460174
11.0033999715159,10.3175262486325,11.0878855479344
10.9819744568779,10.543651939968,11.2084214922487
11.4238433282752,10.451378808178,11.1650184583417
11.6166751325521,10.2865639228234,10.9937218140013
10.641348337588,10.2761790858286,11.0871733688961
10.3924909503023,10.4169081652117,11.2020737910416
9.90558921963637,10.8896593173721,11.3160909187589
10.2531268108634,9.7189677254574,11.3291599650465
10.3531232626546,11.7966069086502,11.0587015654633
11.852076431488,11.4100723016338,11.2142067037196
11.6230017584343,11.633415116201,10.9747505894375
10.4815494130407,10.9713363669428,10.7212418691332
10.105223220066,10.5089268977869,11.1122735489952
11.2145865006258,11.3476819602866,11.4012995697737
10.1884861739425,11.0476233735963,11.4594261300783
10.6428367484086,10.5431230348042,11.4653379520902
10.8639147951236,10.9953217948082,11.3742680048282
11.5597886531294,9.9574512901142,11.9998675290022
12.3234469357234,10.8445370291378,11.974056756705
13.1850801411542,11.7142243973584,12.0144744896402
14.3195655328792,12.536570495528,12.2543627499841
12.9955183922092,11.9468003373175,12.8990106888551
13.232366654752,10.5937602304512,12.5669486621287
12.9392374544249,11.9268989002751,12.2099626333309
13.4878357063919,11.7875002789657,12.1573536900986
9.12117999735436,10.0036098628681,9.93485201172464
9.19880265056437,10.4346789158092,9.88790298809346
9.76147786936597,9.9598487222216,9.94965654104014
8.82871975330442,10.1981294841946,9.92459913834239
9.76130600012076,10.8397997716894,10.1222087681297
10.9400539152451,11.2521568463637,10.0993636485749
9.81453652572518,10.4477208495818,10.2516813671036
9.87560829322776,10.7032612591183,10.5138131364554
10.7710604785202,11.7663757548154,10.5665876521258
9.1472821045369,10.0223036675986,10.2603865768645
10.9210106832038,11.427114725896,9.96214902397733
11.4310323959301,11.4573788515299,9.90175275508783
11.3945164610868,10.9872172065497,10.6837842427797
11.2761156626492,10.6718795011233,10.7323438482162
10.9789433013936,10.4319076432408,10.7906521695421
11.22168859962,11.6185601455744,10.6835968589879
11.5446558273614,12.178728633281,10.9380113139369
12.1375030958801,10.1141035803199,11.0019334058192
11.1210532542231,10.6310604339068,10.4370249227279
9.68273920295247,9.06469125200667,10.2852502422675
10.9759352354462,10.41941623212,11.6919075464677
12.4570851531371,10.4504823804081,11.693261711998
12.2974571100843,10.4561004088937,11.3995702388002
12.4335172527541,10.3710651824665,11.2495118087879
10.4676756231173,10.0478095279052,10.5735262050915
10.7553698801486,10.0723798345179,10.4898532987914
11.1149455610755,10.2101381391606,10.4195018474619
11.3400417974543,11.2982269100789,10.3793556033832
10.9682297391301,10.7363551937123,11.5792575541168
12.8414330852877,11.7926092306987,11.4987495533486
11.6521594756052,11.4949919888916,11.4692723885501
12.0185048580943,9.92001556947742,11.4528960451795
11.7652292890123,11.5703641484892,11.3790014923749
11.0206745874176,9.9611191192998,11.7087293405883
11.1364847907136,11.5541967342043,11.7752924176865
12.1271024708631,11.4487923311088,11.9200652859943
12.4239707885379,11.8042667796778,12.9158750981111
12.4395659143722,12.1345882875855,12.8576077971369
14.2584143041211,10.8194080815283,12.8995171110641
13.7453763311443,11.6048587635276,12.7705839350714
8.91101648635644,10.7085604399553,9.89885805933521
8.53190503025923,10.5597561254902,9.90910958603115
9.86338272275579,11.5463174035311,9.87750569187874
8.61548324577374,10.1058474793122,10.0021317876938
9.65960988764483,11.0531160729353,10.1219700040325
9.70943313713691,10.6801387176151,10.147095012899
10.9409047985594,11.0995946262622,10.1436851327405
10.6451993354026,10.4067968122997,10.3076663572549
10.5692230780573,10.1760652287436,10.3228512257161
8.94616935053513,10.4858288116504,10.1047719642529
10.5910771437886,9.87365534052166,10.0958606779272
10.2574601352829,10.2553598558445,10.0603799801271
11.1335147442588,10.1076624645485,10.9358767612949
10.7746125484105,11.5715467523164,11.0323573566298
10.4271089129487,12.2698621084762,10.8468681432628
10.2541573263438,10.9034365876531,10.8444013140498
10.2780124724466,11.5452605798649,11.0469345303978
11.747285413603,10.3941441184737,11.0392698987228
10.8441809758338,10.6420462953129,10.6819795237175
8.39742869569541,10.8326628679492,10.7215311624721
10.052763797631,12.0958828650668,11.2701521194674
11.0840456016245,11.7198119226214,11.6239601849644
11.3045513943766,11.3422508188902,11.4992134145689
10.2768468363141,10.1497482963015,11.3350232836343
10.7643623401079,9.36948398269588,10.6800346850463
10.5393078788175,10.2993067304898,10.5257647897979
9.17934760628483,9.7552300331371,10.5552515189364
10.7645361745231,9.67444870554991,10.5923271368355
10.7648455381715,9.86593926385937,11.6849930831331
11.4980356542508,11.9340900947406,11.4783000953493
11.2284197960758,10.6673464791723,11.5177096345577
11.1904678831453,9.93079240383942,11.22909447347
10.3952822391417,9.45843953015045,10.7737576847417
11.2752633395862,10.7867369957078,11.5848004373461
10.1738637989241,11.258048729275,11.7427499651895
10.5608848106577,10.1320122329861,11.9583356593968
11.6151641146857,10.7211594659185,12.8898048923807
12.7535138008923,10.956284911925,12.8782580977447
14.0805998327412,11.0716859203432,12.8547897633189
13.0278560575937,10.945941748268,12.8368405717241
9.97740600323311,10.3574655786129,9.92912945515642
10.6214926505911,10.7018749771804,9.88898882140664
10.1512376706673,9.85721360441387,10.091636388018
10.254354146826,11.9305385570878,9.89867566188602
8.4815720777389,11.3028640540776,10.1031918878255
9.23173955284565,11.8096198716014,10.0205653940924
12.1380559485229,11.5983057473803,10.0453109456034
10.8973236410329,10.6467988377153,10.1558045748562
8.94048375006844,10.9138287332605,10.0450942154563
9.08358611714918,10.4429944718462,10.0584907668036
9.64914705190331,9.97750408657089,10.0795596812893
9.6686991197646,10.548882108457,10.0382290058823
10.913288898509,9.78708485063283,10.9836714819408
11.1824783531804,10.9273389711976,11.0182921483728
10.6658887387284,11.7327882953975,10.904688186734
10.3581909561651,12.3135483317774,10.7663295997689
9.9717475790434,11.3940873776558,11.1166940557892
11.2940491304354,10.5382318750685,11.0954289459171
11.8830826115208,11.9759919685504,10.7770397335485
9.385526097919,11.2716617011934,10.4240034349984
10.0426608939455,9.80718127002952,10.882017256751
10.533261851018,11.7784310265517,12.2926298422441
12.3108043568173,10.4329740550148,11.7479559847689
10.3910805979885,10.1579160649145,11.4296934503966
10.3904429115035,10.3662248656347,10.6365778160474
11.503314451185,10.4790742990197,10.5398112557113
9.97248676573386,9.64171025193881,10.6013803209738
10.0463686754223,9.85488920666374,10.5928780094209
11.977161556966,11.3054293122926,11.5503314723229
10.7398806996976,10.3382818701282,11.6488216811747
10.8513785613963,11.9025978116484,11.4245691472545
11.3576892686555,11.6231397973044,11.2399723010049
10.4335200247038,10.7431889665218,11.4164573387601
13.2968749487844,10.4399243757396,11.6921172781518
12.9678056421889,10.200820159945,11.8593536811534
10.0834888881824,11.4285845454355,11.7903911299929
10.0531800168122,12.3126619312884,12.6784179559945
12.3356330796401,10.617130122923,12.8738034383799
13.4223830360554,11.6840699313419,12.76156706664
13.2781091744957,10.3560263165327,12.8756631982327
9.39636424720771,9.66682855549829,9.95077486809902
10.4191941899896,9.82167894122061,9.94124688194253
11.6924927684603,10.3353102037602,9.91806326937104
10.1120634582833,10.6134188013586,9.91561368973953
8.73561382501259,10.4186824806264,10.1619090392807
9.19451363228162,10.6329139325609,10.1402908522274
11.1246489644932,10.8189767627414,10.1204881125085
10.116227695526,11.5704221469649,10.0275015495571
9.60248614303893,10.3906484167711,10.0538822090074
9.73637094336379,11.2294598390304,9.96399849918519
10.8757769001255,10.9929727443721,9.99730090267078
9.96096257626878,9.69596357911345,10.1511504485868
10.075402910329,11.778179867617,10.80656143808
10.9980783955418,10.3426391618649,11.0956912659494
11.3783831126818,12.08876890045,11.1372701218543
10.8882516525657,11.7059292864332,10.999629100521
10.3686089679809,11.8209799602385,11.137263507166
10.4872850002232,11.986847463274,11.0138197213156
11.8239034056,10.5511616637135,11.0268590483332
11.7142599421066,11.1312800023798,10.8119348923803
11.3007173405344,10.6265230762735,11.0673383967701
11.5625924090928,10.938464590147,11.4985935904315
10.1565542970098,11.8022743755724,11.3996084467094
10.8976427161092,10.5605456190293,11.5341948559322
11.1297099287879,11.0605618544322,10.6931425743957
10.4637383169493,10.1525560096031,10.6173182375304
10.4381521823993,10.4492252948685,10.5396437334715
7.45762313975775,9.98748980958113,10.5961936017102
9.19128484112273,10.3163823866911,11.6657615813966
10.4298256718165,11.1693253850322,11.5889042406443
11.5773535752817,10.667242699253,11.6150566966231
13.2702777463977,10.8047251518417,11.5513985985995
12.6681614147944,10.2063400559558,11.8111572038234
12.2249970594931,11.1546007974417,11.7513674087764
12.769465835225,11.8806721827397,11.7037247808186
11.713779063395,10.5226824930951,11.8392757620851
11.2366611356415,11.4165937984415,12.7302451706292
11.3935951164231,10.440751242496,12.8434768328138
12.026898209565,10.987307632892,12.778257721876
11.0563778622092,11.109014629347,12.7565540433328
9.37864354349444,11.4134525925116,9.25306421198325
10.0571816988041,10.760233133622,9.30474545893841
10.4780670444093,10.7616197067618,9.30719286441653
9.49298323524787,10.2131653725906,9.37914593958158
8.54965438306553,9.91180171595128,10.2639461260866
8.41516371211108,11.0932119332055,10.1837468726866
10.5947130036642,10.5871389235743,10.2590152965017
9.83166240717174,10.1191575114382,10.2600268129358
8.28763853656103,9.68700615852753,10.4283379930871
9.44906925739354,11.5486429282443,10.2565945307468
10.3096193878948,10.404607319608,10.4202702913267
10.4520012770278,10.1293763142055,10.4668116180338
10.33846385511,10.4775900550955,11.302869377365
10.86403590513,11.4579074329256,11.4418902574394
12.8779487305368,12.8590756937053,12.304475884137
13.3231860963279,10.9039682290305,11.7901341195352
11.1462307098735,10.7999014272515,11.3632777435487
11.2701431320436,10.8045409332373,11.2177371628838
11.1451969041837,10.8355407983325,11.1751991592453
11.0025193221108,10.673233498559,11.1848615819742
10.9863864405166,10.5004364574277,11.6017321733522
11.8151350476088,10.9521801073368,11.6839919929108
10.8506204513686,10.1235953731933,11.8558229814171
12.1034977922375,12.2743746438208,11.6992777969788
12.1122191965357,11.3146470091691,11.0169558048946
10.2424876319997,11.3214819416148,10.8795146410505
10.3356515041786,11.0589580305645,10.8637855123433
8.38048606710167,10.4820867943041,10.932365238673
10.055689281619,11.4143341432089,11.9354076160967
11.0712458499167,11.3218281090219,11.9652842831765
10.9927516029379,10.9380499829507,11.9995896328399
13.1102355187634,11.3071462331494,11.9489493320558
12.3463210419549,10.0522137293157,11.9881828048409
13.1714665254441,10.749645081249,11.9154333391224
12.21149920757,11.4291204919395,11.8506146396904
12.5794618256736,11.9153999167733,11.801634829772
11.0046913595613,10.829449995716,11.5980658627241
10.3548360469644,9.89945519471507,11.6821234003947
12.5478281820296,11.4970721990779,11.5166292700543
12.3409793941686,11.3075485564216,11.5366696413247
9.02503824514566,9.66314597465811,9.4202200311658
8.02342223076143,9.99872828442412,9.35756379988527
9.7177893873312,9.45758812236026,9.38662360991456
10.2550198028595,9.82804694359954,9.36140838397105
9.41428269435061,10.7333735058502,10.1437026366933
9.5440057466416,11.3524989670189,10.1950284426923
10.4474378368963,10.5930271874942,10.3339429167277
11.0104294732905,10.3805633317515,10.2339539914335
10.1121123279577,11.2058230142952,10.2729541920963
9.61629888902019,10.0325599570362,10.4215982089019
11.0762525765194,11.8450654414283,10.3806676170556
10.5175740237856,11.8067665528001,10.3915386569145
10.0843153897878,11.1544236363725,11.2275188383516
11.1859655283218,11.040642245282,11.4668708269914
12.0234478957581,11.1793233843265,11.8356589754775
10.7101616933659,11.8852629979017,11.3207987985114
9.6319257873007,12.1144403256329,10.9524589962412
11.8299359783594,10.2659630631324,11.0464396637345
10.1615799428103,11.5505885267891,11.0801870087675
11.958409635384,10.3103914210678,11.2660464534515
10.8013604776342,10.1123769707301,11.7041225267984
11.4639799693803,10.2957772579294,11.7623440709145
11.358660026191,10.9577087956848,11.7982682716156
11.0323174752084,11.2311046562822,11.8335095862815
10.3825773311293,10.4764186205703,11.1005662506997
9.40007357638004,10.1762155589841,11.0072609149249
9.95295616462742,10.3420399664944,10.9466432517631
9.66057555329593,11.5147249796829,10.8348734748494
11.338717220375,11.0120243571201,11.981529173144
10.7790585430707,12.0948236188855,11.8967117131491
11.3154967589839,11.8669054639267,11.9243313907755
10.0273138615962,10.398218676972,12.0646247930429
11.6695127389652,12.0767280736802,11.8102443254119
11.162111783585,10.1965663510704,11.9893928611788
9.93254871359483,11.479761861066,11.8531297922569
10.9579868219491,11.0776622349372,11.8836047586514
10.4908634234198,11.007887980816,11.5614832169272
10.0870858494717,10.9707160916759,11.545314871756
12.5146431629996,9.6478833009617,11.6737306312463
12.2628085650677,10.6444229013395,11.5837895951038
9.21297190993413,10.2836751667864,9.36982771416124
8.63532611421154,10.1561468234899,9.33176686699876
9.42856018249357,10.9328521887691,9.16905539948693
9.77677813918583,9.48649194396599,9.26348044730964
10.381982365675,10.8428809989627,10.0382364553216
10.0666250122553,10.7799078774824,10.1663727097925
11.2681986960535,11.2944416761022,10.1619493328904
11.0072689314541,10.4940006285386,10.1913517900927
11.0970785510978,10.2157362005992,10.3524870863718
9.60095158276282,10.8568597418587,10.3050207664562
11.6876419170171,10.3814957451006,10.3929514798987
9.19563192974766,10.6725185393448,10.4039726221243
8.70622829049298,10.2671751272774,11.2635945287591
11.9860057894639,11.3907295832167,11.2085015535638
10.8779055212115,12.2074029786771,11.1364387340395
9.82108659510189,10.6152995710567,10.971616146605
9.63451421113324,10.4645320891167,10.1212090718448
11.6862418954028,9.85428536687325,10.5537050199796
12.3789446343012,11.0371606279842,10.9521940629837
11.7326555156638,11.4011033497488,11.136773077371
10.5006349352024,12.0146660116281,11.5296522085457
10.9044912794131,11.630357371049,11.7368043463362
11.0638355262594,11.9594751960835,11.9293126566036
11.8904448675108,11.4395589728962,12.0797609495005
10.9651049588872,10.1845941254464,11.215476531541
11.3495081046656,10.7377909042974,10.9766331156065
10.5100362338237,10.146886683699,10.9850570761038
9.84930436374424,10.122390050198,10.9859683310933
11.8849989898736,10.4701109596683,12.040756364387
12.7602527671358,12.2854656463573,11.8853422167649
11.9723973908507,11.0217869209947,12.0146434479703
12.2625386029781,10.6064301849473,12.0501247914359
11.9513075947063,10.6680044713588,11.9570739618052
11.8928724272491,11.1437655299294,11.8972959106838
11.1831695355517,11.3102319149215,11.8637842190081
10.5294348198404,9.84947124727893,11.9890188852312
11.4236699512914,9.89177937568405,11.6421669737624
10.7138022527599,9.72922286868724,11.6502306530186
12.5014122725757,9.77699366000047,11.6550609920471
11.2758276755695,9.90067014914522,11.6625351361047
9.10174372213215,10.3211744188703,9.38907901255812
9.65760775580204,10.6595498213968,9.30281771221332
8.54280053983491,9.50612449449314,9.29520498728638
8.85887653681207,10.8374204366453,8.738444472663
10.7281804618054,11.1301696792908,9.94388674382467
10.6278124956579,11.9823021255238,9.99470404639661
10.6544387030689,11.8826242711884,10.029116268515
10.9190996839677,11.0042263816013,10.0838586945215
11.3163908089585,11.442292724581,10.1775535212334
10.0286543391282,11.1485805538479,10.2184232300282
12.0705359909494,10.7649954804561,10.3183577366492
10.3065086243174,11.2541102682759,10.3083722438228
10.4733013192474,10.1840422007993,11.2408407068057
10.7589690725455,11.0244540785477,11.1680499849185
11.3921245920791,11.7194011023589,11.0510801650274
10.0769716794826,12.0897383279833,10.845237012689
10.3709714276227,10.7326438393273,10.7030752487556
10.9087594176093,9.76731673961135,10.5770329388408
10.9016688530138,11.7944889754489,10.7561577668936
10.8564193660542,11.7941255755627,11.0448149010873
10.655507747142,10.1577928804537,11.7112958215334
11.6871400049258,10.8844402542351,11.8604067068591
12.8671648353378,11.230833459502,12.486208861728
12.5463990961304,11.2606921831209,12.2525980281289
12.7832888356153,11.1895303441333,11.1167101027036
13.679483043108,11.3099254200289,10.9573631893901
12.6261292976981,10.3673738174556,10.999013110882
10.501905977746,10.527093777406,10.9774067590005
11.7617254486595,11.7400382838826,11.9311207513365
14.1763291122279,10.6032192673181,12.0547149456691
12.7343368201353,12.1348571284577,11.8995912290606
13.6848180321039,12.0538717567124,11.9015980892397
12.5762330422228,11.2930067269036,11.8923667138541
13.1397751987505,10.7322095439966,11.9331349635641
11.4264963974223,10.2805905574821,11.9533553921987
12.7321078990542,11.2449866203241,11.7905236264597
11.2687160742272,11.5904118184741,11.3802330127051
10.9308642419985,9.62597532761671,11.6255725950174
11.7162768851753,10.7018173399322,11.5745153610864
11.0686257742339,9.63990179788174,11.7100715485094
11.0823448102849,10.2651461531121,10.6433893155473
10.4365423739659,10.462295475241,10.5960841358028
10.1052631942393,10.8774415942228,10.4924992371645
9.67117945200971,10.8182649536667,10.3859075335857
10.1507972613924,10.6303785440776,10.3955946982503
10.2546107588152,10.9273477801733,10.4312025976774
10.3678327638922,11.1615388424117,10.3735225537806
10.5789103164064,12.0731299111213,10.1911466942052
10.63626734868,11.111109484873,10.7721745578951
9.80676521576724,12.1397980621701,10.7621771365004
12.4647896164369,12.0779792987516,10.9549931011433
10.6086245196759,10.7386101612219,11.1612385272516
10.7824302758686,12.5061370475706,11.5237923490756
11.709314301348,10.7345742721774,11.697734375471
11.5266120535639,12.0858059291508,11.5383237748303
11.2301200471036,11.6207645615686,11.5041136845793
11.8645684766311,11.4246980768118,10.835243385328
10.0220030055082,11.3399434820214,10.6894547708062
9.78327057897032,9.92368285250903,10.6714450673721
9.682091105435,11.107355962229,10.9111495797552
9.63752922596353,10.5928672761306,10.8601138956583
10.0637683234838,10.5705644413588,10.983927463652
11.3503134421645,11.8347949136492,11.0652251158921
12.631327235765,10.4449248907436,11.1325069434767
12.9701407080112,11.5044065844048,11.9678973090744
14.2265305045242,11.1501066480753,11.9190974149023
12.8789501370079,11.5678845177881,11.8450649489534
11.4996748459378,10.9031891841956,11.8992886144092
12.4140168078225,10.6820657944288,11.892745631883
11.6257502230753,11.2590331631762,11.8271576536287
11.6097591099409,10.6837546115132,11.8815302968947
12.72351471738,10.8644457043252,11.8579735739803
11.9714853954409,10.3420746508001,12.0191506086305
12.1658761383578,11.3048030058925,11.9022894057293
10.9222977764572,11.9934756740915,11.7889279340376
12.3313634160656,10.5324173417939,11.8017090263988
11.7929979714468,10.8778176560412,11.7096656697357
11.4903680410768,10.1020819530491,12.2202704387835
12.3499790203528,10.8254266025283,12.2340638622585
11.9326487607152,11.0872751135636,12.2298986158622
11.6812791424644,12.3074798071323,10.4514596869943
10.6061179995339,11.9140730997929,10.4899005044081
10.1454214885367,11.9253148730625,10.4760626123135
10.2229875892351,11.0841684995386,10.5327706267515
9.57937176807406,10.3938493285629,10.5153851422207
9.45958525262919,11.3817904014151,10.4017642587402
9.42471068452108,10.7940066473024,10.3831199995061
10.332983519322,10.3207495952097,10.1479889374186
9.37568692874598,9.40486308322469,9.87307464149784
10.1518752060811,12.2364313526609,10.5876641150065
11.3623725745761,11.4329378065457,11.068233364959
11.6996725901757,11.1469337600229,11.1694956361905
13.1262784302641,11.2403399799364,11.6670180010127
11.382069073712,11.8098433510695,11.603120955364
11.2332263338095,12.04634328357,11.5670067783824
11.3569984993154,10.5854351073429,11.6841743479473
12.8740036703349,10.538646844155,11.0667513429239
11.2629469627697,10.3576975389346,11.0138662439698
10.1785719124996,10.3443519636412,10.9898091776079
10.6060694619276,10.2866509714112,11.0460658504081
12.1027646274676,10.1961898556427,10.8886435944052
10.8736781291086,10.4957720884556,10.8901213239794
11.1576233355431,9.60262634024116,11.0274096949493
10.8478569092854,11.8257670467644,10.8058742419739
11.8663987811475,11.6392681565976,11.8617275642229
11.9720616075027,12.4424122054229,11.7780661415812
12.2822842661579,12.3336685351208,11.7808342939123
12.2040692693465,11.4501327168293,11.8575974898315
11.0222148008623,11.7345576343238,11.7911803353934
11.2439405765088,11.2699424792747,11.8244289799304
12.1541395108302,10.7897728309827,11.866572644064
11.3863907966812,11.1962799507769,11.8218957059864
11.7828597473957,10.053755003155,12.0451760560817
10.8743991523636,10.8242443313363,11.9451682354056
12.0664302441014,11.5004561410701,11.8245946983832
12.0408511150089,11.9351035661663,11.6780661497115
11.9236484417634,10.9602237051568,12.0355419827016
12.9470400380387,10.3776773803885,12.3493315292749
11.9637465609923,12.0922151510421,12.2159002820374
12.3122372576775,11.8512954334608,12.1873113636574
9.64684069261885,10.6128101100729,10.6235234691782
10.4866739320442,11.2639808319646,10.5683385438888
10.4506902644243,10.7930693128215,10.6126521819075
10.7112888582935,10.8834473211412,10.5938137821792
9.71802634351229,11.2761801022129,10.4617505193036
11.1270490572471,11.5597069525092,10.400090765803
11.5261318768501,10.6376951541326,10.4183180077269
11.0924199623099,10.4489255235636,10.211191718742
9.51908772381439,11.2462280736053,10.3261851625087
11.3920602394019,10.8200175114272,11.0490020736832
10.8505178346952,12.7270169663788,11.2192836459797
10.2933952979983,12.6944016592694,11.0931239332305
10.1805628556348,11.9709827700198,11.6202618270475
10.4556397605933,11.4862579563157,11.652233503272
11.4831271991061,11.0873703920057,11.684051668204
12.2608487322206,12.0535352957421,11.5661151301446
12.0097940700431,12.2710202625183,10.936525518941
11.1247310183364,10.1915629266301,11.1106849060757
10.126752506827,11.1548462705612,11.0009635268649
9.74865061843945,9.82966888837441,11.132115418637
10.5913361869829,9.61351860472774,10.9370193990761
9.57242720508873,9.6813310190819,10.9272118751756
10.4535805690164,10.18518234921,10.8888868872278
10.2683998408844,10.5958972524182,10.8706359395664
9.77969078873313,10.7562010655892,11.9142446108629
10.8706259976391,11.1592236484032,11.8879655223891
11.4210346169251,11.4662329881887,11.8592876081801
10.4603676901897,12.3134652310252,11.7668406422734
12.2348195214495,11.152712873317,11.8467537981178
10.8476356489448,11.9166379678005,11.7565947579851
12.6883456951286,11.6288766179937,11.780266148187
11.7440743749982,10.2325863415476,11.9181209155106
10.9580691068834,12.0386790112179,11.8453261064141
10.8370740014578,10.2574400765154,11.9934279615696
11.8542057599559,11.5101827024168,11.7755986187623
11.6392307334399,11.0810672042453,11.7069051558518
12.8101772399117,11.2766405832566,12.0277806551082
12.8490947222169,11.7368179379209,12.2416046284098
11.1250578692771,10.5487182395378,12.3769038611622
10.6817577315289,11.4082623970131,12.2410394738395
11.1210707333471,11.1033805979239,10.5540177317836
10.4929746790477,11.1749421115888,10.5581372735401
10.6225059568135,12.1265160299079,10.4684417361128
10.6511698415999,10.5572480225783,10.6321794277474
9.24693982067965,11.3801922727803,10.4834926363173
11.2406067459533,10.9332640675946,10.4932161155834
10.474775278575,11.2585791874298,10.3976349086001
11.9949689578026,10.5281963394877,10.410095375337
11.6357143490104,10.4744970464144,11.0109892699389
10.5566957260878,11.5245983789675,11.203708165452
10.8606999883118,11.3501579455218,11.3857183339605
11.4655720422001,11.5074849563082,11.2031727887653
10.2877396200148,11.083033032599,11.7228052749175
11.0006040999215,12.1858023059241,11.6095427005278
12.6838601151526,12.884457434343,11.5306208967321
13.3159975740039,11.3705197858746,11.6572001057996
11.7933499059691,11.6432499312316,11.0219849468092
12.462039154871,10.3961264390462,11.117337666821
11.4739717050465,10.9262686681024,11.0479966721394
10.6307392841009,10.967485932965,11.0292830884922
8.58992664393075,11.4863636234637,10.7435143546114
9.83015364260044,10.8558335863985,10.8010605810544
12.3238163104855,10.8082996396606,10.803967898138
12.2879983051652,10.2388259172203,10.8755210749146
9.61753844361278,10.0599357736925,11.953174520861
10.5755731295872,11.3289818926979,11.8445078730449
10.88835818675,10.8381531582934,11.8945923211972
10.5403636930724,10.5260073015935,11.9249102990274
11.7112633944135,10.1817390771513,11.934187911157
9.39218164157579,11.9534517034308,11.7469225925293
11.1002942910967,10.7165209484601,11.8696952122276
12.0287138323888,10.4367299034993,11.9013372560242
12.0542575412422,10.6928020361957,11.9882953186134
10.7406942486211,11.2650938903854,11.8864695324288
12.8706588487311,11.3171920998009,11.7061231253582
11.4184820456977,9.56319342058727,11.4947143690777
12.0977695237569,9.84432917877414,11.7484178599073
12.2146407878639,10.3289665138413,12.1793193265034
11.364752203385,10.5818042244553,12.2982014418167
11.8070521481994,10.5669765859464,12.3067542988056
10.3328030102596,10.5515454664358,9.97360900266601
9.67891353732712,11.0284845983022,9.91963559528742
10.1722005441969,10.0718971471352,10.016054082308
12.2218891646624,12.0383312125728,9.84456250067342
10.1914091204782,11.4504060087213,10.0167208764255
9.93518134569288,11.9047309449634,9.90284288287545
11.0774245058741,11.6449838283359,9.88619415228558
10.6046036582319,10.7704107434515,9.95325613033761
9.49085976540903,11.2723291910527,10.1636504923134
8.8626098978857,11.1333224620709,10.2610912788809
11.5706188163077,10.9388681146122,10.3492511457006
11.1242005237373,11.4765168630253,10.2634364571028
11.7861255506593,10.7674227920328,11.9667085338237
13.5728120733042,11.8244618996501,11.9022642303482
13.8710862017539,12.5645742076898,11.8467826305164
11.2364173369023,12.8637137462818,11.7695280950159
9.53475132783108,11.4387411442235,11.1109430903859
10.3460579204768,10.3992123036016,11.1769413387858
11.023263461642,11.930748284075,11.0040758119866
10.1717566000425,11.5706283475933,11.0220066003758
8.33475036074356,9.81458813181125,10.8694357019123
8.64592114219535,10.2099683387557,10.8207072127709
10.9298613107039,9.69715886820006,10.8699267131483
10.3622092176261,9.93567824288104,10.8488967312069
9.42506150724106,10.692735564751,11.1724228100641
10.1946914707935,11.2474277361145,11.1332272585461
12.1086832665714,10.4088684671331,11.2153793140579
10.8450569945518,10.417595525876,11.214772814575
11.2401381458149,11.3942771750966,11.5138106349512
10.0655487579529,10.2134104642187,11.6343995621899
11.4350988679897,11.8186257662688,11.4796485723649
11.1080148146388,11.9238780086985,11.4876533633883
11.8611118243295,11.4881314770367,12.3456885057285
12.2747231402561,11.0621592032084,12.3568468309423
10.9734697586298,10.5431566978067,12.26874813909
12.1545652822076,11.2409294034965,11.8602503561405
10.9997427122148,11.8271279900347,11.8788114918852
11.3161595397748,10.2797534511722,12.4696706431527
12.167375117202,11.2452755680005,12.3205536348667
11.5907085820443,10.026710538321,12.4327188035523
9.5917775276086,9.92724648421242,9.99939224578192
9.29976674600612,10.0607631888068,9.91626736962018
9.03623876937848,10.5559694751832,9.87907749995533
10.9270232514697,10.7267049612583,9.9188185705922
10.0770963777626,10.4585827640458,10.0207176272549
10.5774126887599,10.5483777484478,10.0189400059024
9.69276153702207,10.6887763231564,9.97947129447827
11.1136532400084,11.525703085063,9.88436326373859
9.82618334639769,10.537701792292,10.238165988052
10.8378926501076,11.492182630591,10.1612138834935
11.2743262687532,11.4258034632334,10.2002556804797
11.7176952322315,10.3008399238203,10.3415111839921
13.5752663322527,12.6741589954098,11.7685853159359
12.7850539909202,11.3187932891828,12.0200222819168
12.8006378682188,12.8999900737217,12.0742602771395
11.3008802431569,12.1602129128821,11.908490510374
9.70323057600317,11.7712353233204,11.0952777667304
9.762281473977,11.6656550649422,11.0543569417731
12.3202483711821,10.3082165972046,11.1701778487544
11.5775320989135,11.1170855299728,11.0744100500328
10.4273886313592,10.5281529168357,10.805935140989
10.4046725018872,10.3462175402209,10.8118722411815
10.1573187754898,11.2266252112467,10.7192722693418
9.13303243619961,9.78545486807582,10.8643235501528
10.2389452066035,10.8471027785027,11.1486559764152
11.6161910185848,10.5720777957291,11.183330536901
11.2046649801197,11.023133252937,11.14053742999
9.12451116259061,10.3038572304619,11.209081054681
10.2824849390051,10.1934905063421,11.6215998690609
10.3305205650424,10.8833039447975,11.5602240510554
11.828195443568,10.4132692562321,11.6242682252399
12.5596653703739,10.8316811560999,11.6296968581079
12.6662829963184,10.6955236075438,12.5153602625245
13.3670042086626,11.816366698482,12.3807492583368
11.1749398314104,12.4366782074065,12.2129189736546
11.7350431055871,10.9532996321209,12.2629167978271
13.1812387775519,11.6127742628942,12.3416512743264
13.1554691982146,10.4759049354345,12.4848386655776
12.6319868332854,10.9977999627509,12.3649456776178
12.9989528590908,11.1494821388681,12.3182932978641
9.25005537358396,11.7513517578071,9.76410495747624
9.59020051333098,11.0219994557292,9.62126132092678
10.3586777017056,10.9810777820163,9.61426776697305
10.4839283894304,10.425877606561,9.90597032255155
8.16976422596635,9.86133717478817,10.0517291336836
9.54360396482742,10.8746633000961,9.96991107154579
10.2399610258937,10.2757267203874,10.0253447757705
10.1111149105514,9.89207478634786,10.0538654295043
10.7455359688606,9.5856507038184,10.3290334839874
9.43846609934492,11.4799553869482,10.1440853020003
9.55228991872699,10.4054287311038,10.2707232738824
8.91631365440742,10.3922829705212,10.3122349911261
9.69318916157053,11.1177572950029,11.9060014090594
10.1630230122024,12.0569886232595,11.9163602581444
12.0178293054059,12.4858647234621,12.0576738014151
12.1035345823967,10.792367808616,12.0473369372919
11.6158300686844,10.5841966181196,11.2079491933303
11.7028647910854,10.3803858554283,11.181586226915
11.0255056270004,10.377492371549,11.1628668452687
11.1281503478729,10.296882574474,11.1590590186261
12.2188505695695,10.2570564102377,10.8406494502453
12.0515138561381,10.5994689515098,10.7956168062876
9.6761371259502,9.56228305047935,10.8924441543595
10.1664721196213,11.6053919119098,10.6876617751141
10.8586519103263,11.1480743914651,11.1213816829376
12.2629385916287,11.7361779988298,11.0655291410441
12.3972348657139,11.5582360571823,11.0825989443537
10.2079164759809,10.6762964547716,11.1664509303407
10.0387768570568,11.1504799776766,11.5176919222399
10.9978505378541,10.8290156754516,11.5561477767441
11.9801298609415,10.4698361501029,11.6139239794848
12.7218884255301,11.1016342541637,11.611614524475
12.981424914194,10.5833321732703,12.7204474577665
12.8961497440624,11.523507738064,12.6216321431952
11.5830960035232,12.0274245090335,12.3700175125808
12.5973192049268,12.4643003789971,12.2687422978639
12.2941062205404,11.3686926656677,12.3689775124241
11.8052336705342,10.4298532040339,12.4409716540697
11.5637215373423,12.0032722506095,12.248582515217
11.8482102871688,11.7738281067314,12.2551499683644
9.76162627483832,10.1105036870082,9.94774516231961
9.11370026620236,10.4574554569361,9.76031616748724
10.0650611168022,9.90883160438363,9.78667585624996
11.3992370221582,10.2228783493224,9.93610124747929
7.70712276597689,10.7988213420389,9.97626113940815
8.20353094629292,11.2045591447309,9.97966702420393
9.89891033766082,10.2877440872236,10.0640245861432
10.4162816545873,10.1509465028172,10.0492282603843
9.73008656221927,11.0131278672884,10.190649468156
11.495055508185,9.78176917075131,10.3057446925309
10.3780943979336,11.4710926331243,10.1494081579658
7.77315091376899,11.7349771037323,10.1575203681316
9.49667116226601,11.4629272165442,11.8322703366505
10.668546450376,11.2078868976675,11.9087122817567
12.1154993683927,10.7919864677834,11.9798738373404
12.5076916845015,11.7220769651288,11.8459094117384
11.0530936962233,11.9522972625191,11.0387307828473
10.3131810146595,9.93376817694758,11.2147292205009
11.2472705434204,10.9421382351728,11.0985520858838
10.9887937238341,9.72725364952451,11.2135971693485
11.2722005208706,9.73115102641079,10.8994437783054
13.2166783385148,9.94557771455397,10.8757445406377
10.8424410871663,10.4501859089473,10.8233220363964
10.5090904919428,10.631229876597,10.8036780570454
10.8390026737119,10.447467416194,11.206964344424
11.2994589968443,10.6346823780622,11.1878789012484
12.4820817298064,10.8330909477844,11.1649982151318
11.4352832493171,11.6223583950522,11.076134983566
11.7741472661046,10.5419344906641,11.5725452077525
12.5148382705894,11.2889218409525,11.4862094171491
11.7597614928681,11.0873897321823,11.524336001576
12.2563269268648,9.89289010652522,11.6947972093034
12.3104947187267,12.0790669371677,12.386691735939
12.9653634858975,10.4517654803719,12.5495401234918
12.3063531198929,11.7927372804709,12.3558663329825
13.1547653390338,11.5159316792811,12.3758084120189
12.6119602035824,11.5972225099519,12.3284640069121
12.0722382572744,11.7470471400976,12.2891529036737
11.8772393539162,10.4642743039793,12.4009212199207
11.8466403849345,11.3493060953422,12.3016493324174
9.15630628415514,10.9167611564033,10.1718999176336
10.3354392924333,10.8508219086581,10.1461095152787
11.8514745412583,11.7548428653401,10.0580026969
11.3187013922698,10.2804618773471,10.2519057333197
9.3598711794498,11.2701887716574,10.5234209530797
9.92730142984594,10.9711072336892,10.6207757009283
10.020027500505,11.375403483657,10.6034433670453
10.4167264632478,10.3932531046815,10.6027907726629
10.3527922383927,9.98827366622578,9.87591559993104
10.9531571642633,10.4922948039429,9.80326191140824
9.17500025771027,9.98733118764467,9.85770173995282
9.17251104337051,10.38046992589,9.84202255646573
10.4624106495691,10.0586050800427,10.656518938602
8.75568453415955,11.1705922216046,10.5783016308734
9.09851244477635,11.9081494255793,10.5169159039083
10.678868535144,10.5107344517568,10.6534841491051
10.1866150860652,10.9687917968502,10.7218476633705
11.6536505109935,9.81940349740102,10.8095606787597
10.611877546675,10.455141211188,10.7360083035561
10.6299122623394,10.7077289032639,10.7134927923131
11.495315503348,11.7106975459936,11.5211564108168
12.3131048643895,11.3513086306236,11.5716605207819
11.324750133122,11.403440768461,11.563133294013
11.9046872644868,10.7349698531542,11.6248969791549
10.4190514302743,10.2312822551965,11.9191755508215
10.6554860373093,11.2878064230468,11.8098578237091
11.2933685647535,10.7209198876629,11.860389491341
12.072276928237,10.2281071327261,11.891599451059
11.6884946242974,9.54342188356418,10.9212351721742
9.91442692640435,11.1228765858464,10.7359358726469
10.1169806762457,9.84343604717693,10.8637119532197
10.640704996146,9.67172473936975,10.9083747314697
11.694845640381,10.0993473308305,11.5143621528532
11.9723966903922,10.7895094705818,11.4559075538014
10.9961625031677,11.1050531587545,11.4193136359021
9.83574879606588,9.88820816115308,11.5496015844162
11.8589688258445,10.4156458116608,12.6466921241014
13.0442983745776,10.6099184881209,12.635198335689
13.770298239797,10.7661872798327,12.6194360022871
13.0760443034722,10.705597805343,12.615666499186
9.88230609007502,10.6796443749129,10.2397776789092
11.497416183832,11.1589210216727,10.1861183158821
11.2310546330566,10.1758273632542,10.2868740218589
10.992896219094,12.1778384808709,10.1136111986816
10.4719365516429,11.687945624992,10.5324688941035
9.88655935016422,12.4653650191219,10.6287355770942
10.9773447935692,12.2439376823443,10.6508919775532
10.4670956428244,10.9325166925181,10.565908299239
11.5264881938656,11.0798209840707,9.7728925099617
11.0851661995883,10.5397709736472,9.79744404293728
9.97606137420595,10.0683320452226,9.84145575037586
9.80273571597502,10.563041833437,9.80831965755448
10.6638126814353,9.56801214136637,10.7048089325178
9.07407906672548,10.4828312147666,10.6694519026426
10.4924683128041,11.2741421945848,10.6248039800141
12.1527509908341,11.8524247501284,10.6032735607665
11.2890625728789,10.678910906847,10.8038696060206
10.3195271464188,9.72743222276317,10.8446455143165
9.65021064057913,11.3758066425247,10.6689139119464
10.0892222872062,11.285202004085,10.6898345260174
11.575281127486,10.1203151688169,11.7511971685045
10.8264662256724,10.8793919873047,11.709418334582
10.253395393475,10.4407411115876,11.7233596136494
10.798542953636,10.6570235162321,11.667215474225
11.4316487467502,11.2772965515009,11.839613921265
12.2643204659463,11.6774047376278,11.7925807515649
12.2247673709852,10.7976291159178,11.8726213296633
11.9043270640786,10.5543525700156,11.8709521835508
11.2798214142502,11.0007263943295,10.7751865017201
10.6389343078571,9.45483285899974,10.8948133293127
10.3728205309623,10.9119837217735,10.738794963406
10.2177423276191,10.9493883737639,10.7453868507466
11.6413845210134,10.467399126153,11.4224620919466
11.3473125691217,10.0952673025223,11.4733724507122
11.4666180285719,9.82780873417079,11.5110854807661
11.0463871747716,11.0731360116945,11.4012706759508
11.1983703550668,11.9369227508263,12.4717158418384
12.065983996401,10.3388853521766,12.6598665169386
13.7929802492092,11.5418653707596,12.5498768648347
13.2665857491741,10.3206063913612,12.665871944276
9.22691125023554,10.1471527365556,10.3212643974594
11.263288168741,10.3873427057616,10.287544467106
9.93537546709142,10.8629035035575,10.2331618524152
10.183681209277,11.0790917160243,10.2525344608895
11.443083984324,11.0351764941889,10.7173208970492
11.8378360124372,11.1581194149973,10.6099480021968
9.67095136830598,11.1904086049491,10.5231695580469
9.4757053274211,11.7921927760865,10.4306902953142
10.0075081514567,10.4656037325768,9.81857288195879
10.088632733399,11.1730461478724,9.72633175184585
8.14679938815417,10.8823926302965,9.75163940108622
9.95811938653748,9.52057222079944,9.90183532163552
10.7458794923521,11.5027200751116,10.5208791925394
10.0893779216081,10.1283212535819,10.8728427843663
11.3023804996364,11.602736228188,10.7979537793835
11.9520932833141,11.2693483470374,10.7987523984234
10.1186371356978,11.2246749951015,10.8941939501128
10.3885793261438,11.1406416451782,10.7799084600205
10.2417175013918,9.9669223976368,10.9225926582781
10.3383450831905,11.0298559979466,10.8270438350116
11.7626188197118,11.1209283531459,11.8306473552271
11.7619332371136,11.4622240961619,12.0046800736442
11.9790188148126,12.1664786142626,11.6726931033145
11.1761414881926,10.6074255738205,11.7063733178695
9.51465737646935,11.6248380110968,11.8226214535604
11.1485677833343,11.2979326557983,11.8450857005707
11.5525731425028,11.6725220070905,11.7978269551049
12.3675735473195,10.7407655398839,11.8640507526034
11.5615625107847,10.1019849395642,10.8783777141339
10.7072871719464,10.375796818186,10.8126881784763
9.89877637523547,9.67900133264999,10.8663310144104
10.2123540965081,9.85603640989971,10.8474489103068
10.7935456437229,9.48219542349264,11.5040808533303
11.8388261857805,10.5761431569216,11.4081413007807
10.466229924045,11.4628464073495,11.3361833623495
10.340196261202,10.2989912164139,11.4716439099478
10.8572605801692,11.2212890197435,12.5409980472865
11.3877214507321,10.4838427169132,12.650092904889
12.9634277752732,11.2773912318578,12.5859028002529
13.2462042018284,11.4707520354884,12.5620817733426
8.13024084812279,11.8559242176656,10.1949046146796
9.35170694329129,11.2773971138144,10.2099034990353
9.47370205902797,11.2239043599731,10.1655955713075
9.60638083262522,10.7013056640416,10.2517638980393
11.001299579108,10.6321207059022,10.7626627169162
11.4547516178194,11.9145724948895,10.8103155847628
10.7796342357784,10.9041625823196,10.5680443960175
9.82035900571787,10.2058177755552,10.5737003515981
8.36568903919908,9.55677320527326,9.90233930913162
9.14255563927238,11.1849154615574,9.71622976766155
8.91121665031248,9.89327691764476,9.83380096539263
8.21536269377436,9.66254733479591,9.86372988086657
9.32152672173746,10.093241382453,10.6127482977066
10.6580345750431,10.9301525349661,10.6440522833374
11.7677013921837,11.2615728601434,10.6621038809584
11.8939212558732,9.86701290634668,10.7880050990121
11.3553530881671,10.1502385283381,10.9481152955042
10.431058395279,10.2742595508896,11.0116270213682
10.4954280618915,10.6467660852238,11.1361128736511
10.5966215438137,10.6953629061287,11.0612118859483
13.4720573143604,11.1192238322516,12.026283676209
12.5066382912914,12.1463636627311,12.3377880039367
11.859494593717,10.5631913473769,11.8994041021452
11.5721030587995,12.4053340659775,11.5386042932441
10.5202665933913,11.9539938963613,11.7979241864632
11.5349687245862,12.5734315437526,11.7245461672544
11.8110672154694,12.3710667723413,11.737945360583
12.4283729045208,11.357238380125,11.8197166339401
12.0731907413507,11.3914568676519,10.7702777777257
11.6657885488769,10.7452862870927,10.7914491994284
11.2731052859417,10.1279040547308,10.8310655682282
9.61502396323154,10.4610153390364,10.792464639641
10.5948673073989,9.33070027439457,11.5236966469979
11.69197670289,10.1620276295069,11.4531732429921
11.5926394838235,10.9724642243198,11.3852238120662
11.1838570432991,11.6764216653076,11.33757697173
11.8660174824249,10.9779114053094,12.5731094371973
11.672551661621,10.4438909947057,12.6724258822138
11.3088845920738,12.2531973047272,12.5182561169561
12.9034127685401,12.0644089030121,12.5327998594511
8.77796763537598,9.8771994214775,9.49363078142323
7.90996566219586,10.1106798645584,9.28777855569028
8.37103851679084,9.47380166473758,9.22192073482605
9.00592622326191,10.0699071705139,9.09596523677361
10.5214822076214,11.3180993212395,10.5662603420147
11.0336442670518,12.0147399401214,10.6236420862211
10.2672124547522,11.0179538700468,10.7662876340894
9.58484101319863,10.4242751348196,10.7815899283338
9.02644887148613,10.7945937065109,9.333459524483
9.97255830468567,9.30556304909852,9.45599105453194
9.81483231458814,10.8233050637517,9.28020625763889
10.4627513584745,11.04878227119,9.2356835978167
9.80369128115729,10.7264268422841,10.4000682494387
10.7585193078586,10.4146425241668,10.4356944720612
11.2360715720903,10.1557999715884,10.5389864810058
10.7884248795549,11.3315049330634,10.4928137193112
11.8852086874585,11.9865036953997,11.4604498417371
12.0536906648455,10.6823130882267,11.967233991269
12.7741929314328,12.7458849216993,12.5961908278097
12.4442613221723,10.4988677284453,11.8452242055144
11.2505752337599,10.400203136377,11.9303070329757
12.3682574183638,10.6400971664326,11.8824618514807
11.0716308536585,11.0931602582401,11.7674106675645
12.6784624301969,11.2738154505412,11.7082853661828
12.6232174912996,11.1990768110239,12.4465032178169
12.6642453564029,11.4938803239648,12.4053117899578
12.7757410744715,11.7815679065788,12.376797850163
13.0521863091098,12.5274213690099,12.2992084912924
12.4483378673342,11.2259474030853,11.7391609313689
11.7688160438048,11.7926618528248,11.5905508932585
11.8684567365762,11.3468133921972,11.5843982167816
10.4832856040107,9.8530142462935,11.7654723547137
11.0174077777332,11.5930164239676,11.4033064605129
12.0662695313025,9.74533628142263,11.6016749022012
11.23007384737,11.1206308284174,11.4760391574869
11.0708914394744,10.932167432607,11.5173612827311
13.299281396303,11.2605063416679,12.4436972522929
12.8023388850514,11.6824326702586,12.4823963451145
12.2451717560697,10.6940417598523,12.6939673720399
12.2343803871641,11.561470571426,12.5617344195985
10.5034986925213,10.441956661919,9.58903038386914
9.47210889063394,9.89164964412495,9.27863448212223
8.81991567410564,10.7296911496186,9.04237781861624
8.70556920558661,9.65706206644304,8.94708537056571
10.3988165924824,11.2614775836345,10.1212375666662
11.3644991106324,11.5288547665342,10.5732755538975
11.1378219747811,11.8705285574347,10.639270962488
12.2673283257749,10.530193467472,10.7756708314521
9.84475814777118,9.68071876980283,9.49125069073062
8.12559552929489,9.96158806709903,9.44529101529393
8.92568952773564,9.31802785213956,9.42083663655725
7.63592893314694,9.76247518286329,9.28467548875928
8.51277354909232,9.57666108560187,10.2913003272831
11.0045798296008,10.6607193378864,10.0636884722725
11.412411925885,11.7281749436384,10.1733043554893
11.1352872113623,10.7074432640733,10.5027664125086
11.3765601441868,11.4411085919615,11.4646319699483
12.5498179781452,10.718851642804,11.7257308788329
12.0389254905022,11.581565393209,11.7404909324761
12.2776319909488,11.3390445492438,11.3860119476318
11.0383534726751,11.9332784584964,11.414352751523
11.1968364363307,11.5323612041512,11.5534803922429
12.8804993404337,11.6726801445751,11.6464460879438
11.7907504252653,11.0782431111103,11.7355358816142
11.4960441485051,10.7927643382596,12.5155278216465
12.5042335518824,12.0141122109349,12.3441220122459
13.5680771429171,11.4659604836182,12.3654945082952
12.0663719635761,11.0638474642224,12.4917562812053
11.7708381344212,10.5562542620455,11.91556358872
12.3665647410107,11.9200644237706,11.4458544628162
11.7192919844926,10.4370021932005,11.4389709902298
11.1394944976125,10.2505064514797,11.6749399847256
11.4853732383583,10.3646612191785,11.5257022354688
12.6899406939353,10.8183713784307,11.4998749039902
12.0782889894924,11.0190445318619,11.4935158334401
11.6913154615871,9.7371747185753,11.6450441230291
11.5997896606863,10.1711416587432,12.5694542546692
12.5411929283232,10.5100427261445,12.6829950283349
12.9031147305895,11.2727790617271,13.1297854175877
12.8739875789916,10.968263652786,12.8418523086679
11.5778387352692,9.796215554753,9.37368261651383
8.4321576192747,9.93647650922499,9.21183933416225
9.40400226299872,8.96839747615039,9.21652657696968
7.95551169176146,11.551521354027,8.86289049869376
10.4160891122398,11.5438861638292,10.2319135861078
11.5346185128786,12.5934541697744,10.3940625967548
12.2241624156476,12.3942295715137,10.508041945726
12.0456767973635,11.0416140562414,10.657705318523
9.88854710204923,10.9738378501109,9.56158286572269
8.98430819780936,10.17978497203,9.60577614086529
9.96191659534663,9.53061424331187,9.43507974040761
7.16150798810364,10.0645334534252,9.22950087727327
9.06362322299172,9.09936529296136,10.0379910961484
10.5675327662202,9.75288925520684,9.64927598978956
11.4781474548736,11.2780127382327,10.202623268157
10.5955658697169,12.1756174608681,10.3507605083187
10.1237374723169,11.3125741624669,11.4391250139541
10.900568980051,10.5325972239663,11.509509668898
10.4346474809041,12.0213297332054,11.1467715076988
10.4937420777388,11.1214009858587,10.3966501221118
10.2909236838921,9.77995677861402,11.0958650688756
11.7560054609075,10.6129781990696,11.2784738618806
12.6193090675693,10.619748463265,11.8194750230929
12.0090443655388,10.9628480334345,11.8556614518672
10.8368297051316,11.7659868261167,12.5161996174504
12.0881258729433,12.2293059820383,12.3381444283128
12.1430189178086,11.3271115222254,12.2974671123708
12.3813618916924,11.3005316517407,12.55089041074
12.3797779699616,12.2610339481008,12.1792518560101
11.0788466508498,10.285307032304,11.6119169278917
11.3111398528265,11.3568299680399,11.0299517575868
12.2003382994538,11.7811970499166,11.4959436574234
11.4353586680009,11.0403805747177,11.4556796013791
11.108778704613,10.3643971430761,11.5433526904224
12.1128827130613,9.91300408383474,11.5966425495872
11.2715392408371,11.0687150162311,11.5022683421215
9.93687681151293,11.7874910467782,12.4022111548543
11.5269438932165,10.2906937526055,12.765300693545
13.3420318528013,11.8660675530338,12.9532118786141
12.3683057567348,10.4657862806829,12.8845804588235
7.88887201048719,9.29179425104919,9.30830882975949
9.50167177231256,9.28209334040086,9.25233015448
10.0337123173628,10.0178959587674,9.15192267720799
10.9066759665262,10.7493667488345,9.03969531636904
11.7475538352343,10.8651816123769,10.4117083946164
10.2251018663022,11.3576587755318,10.5251149638289
10.1142159693351,11.3660416704861,10.4220823009007
10.4790389635353,11.5382630075033,10.0318752913027
10.283917930611,10.2252284283554,9.36320708138512
9.70937677468262,10.8400511595135,9.46492817127221
9.03143442907066,10.4465426828002,9.34839008938265
10.1079214396763,9.21493620503262,9.36301462796497
9.42349233680124,11.3179885394707,10.1235068944564
10.6074026555969,9.84233732801011,10.296046538398
11.3977310360083,11.5795242757287,10.3323686087742
10.4699626655083,11.6720694160012,10.4877063587644
10.288980918675,12.0208950945303,11.438002151203
11.3888661167436,12.0702858012771,11.3425671202619
10.6107058824054,10.5790277492264,11.2758021132297
10.3642927588573,11.1376594416321,10.9256788970063
10.7938479432115,10.6709331728795,11.1156428488528
11.6288708834344,11.3667637477392,11.7588256420564
10.7734820427966,12.790927953835,12.2205441056973
11.3927281335967,11.1067343196149,12.1829496774634
11.655229843962,12.0524486888644,12.5455607229502
11.3450798805797,11.7328709264094,12.4384845517415
11.4532883924379,12.1115780674509,12.361472962355
14.2500195042209,11.3207044235442,12.5267774121269
11.6146068429678,10.9866290321185,11.9987598308255
10.9902793805929,11.198370026311,11.6623084945442
13.1415270586963,10.4885377736875,11.6329668614128
11.0589333038349,10.6753331058288,11.6763917650021
10.4867754474849,9.99596618758745,11.5667144467342
11.2831059924644,10.7718769040188,11.4891235926047
11.3333577867056,11.4250123487416,11.4253139768476
10.8826626210088,10.2045692378515,11.5654610056463
11.4885569919302,11.0221125201031,12.4372072126113
11.0995596106926,10.2440542892014,12.5854864144066
12.04234573069,11.0892282587705,12.573458887608
13.2388292384192,11.3241357865473,12.5432713379261
9.16078915249818,11.5882199646497,10.3831841711206
8.76252149139673,11.0917002293853,10.4253158549946
11.2616501284285,11.332777749211,10.4057352352167
10.8815047663273,10.9352967151952,10.4451818013832
10.8095006195666,10.6150865228099,10.8316538606186
10.4007499577222,11.7458400137524,10.6794148010668
8.90849020002589,10.8375724535519,10.5097902735341
8.8103003430909,9.77743685172306,10.1317768409417
9.66056461582927,9.34049192967648,10.233636684104
9.05814795577776,11.1031449809109,10.2374105119722
10.0531973198131,9.98835656046992,10.3846650747331
10.4334856443856,9.7569625155541,10.3471439362214
11.2739382883364,10.1866396358435,10.8702674261047
12.1203902739526,11.0584855604419,10.8580547737738
10.9296703549158,11.6412029528915,10.9348557682579
12.0341489879139,11.0448657130756,11.2263004229296
10.8633135402673,11.6595839349824,12.6993155173327
11.1943510043326,11.4673564952338,12.5452091973475
11.1140282483015,11.3463895671368,12.4306015076642
11.9499512229662,11.107245169169,12.3410621998076
10.9705250769708,11.0800929984494,11.7559158195314
12.1680528444885,11.6396613143796,11.9311569607347
11.9456233671449,11.0213295774858,12.3600015658268
12.711017634997,12.8138890146739,11.9278863832237
12.3074689918572,12.3301310955389,12.1715705128004
12.116240701503,12.8841223632469,12.0164581162668
11.1059120995417,12.6441556668454,12.0130709433933
12.8779188313485,11.652043922525,12.119521959295
12.6468772821437,11.849791552181,11.8952381339687
11.9976520863827,11.2876036936276,11.8936091454295
10.8764125829265,10.693602174624,11.8923278310637
11.3099046866383,10.9267799041721,11.853295251352
10.7339314733039,9.4831039669987,10.9133143009836
10.2881540681975,9.90286187554742,10.840303486053
11.2040733969784,10.6254642207606,10.7703805734387
10.2354294504599,11.2945006153247,10.7148754214184
12.173033832512,10.7377330680967,12.1138091494599
12.0010685270824,10.1542117877794,12.161557490107
12.4138414700868,11.9316842768678,11.9807909975286
13.3835700908616,11.8396968575438,12.0447907093224
10.3074375455859,10.3506213456238,10.560136640959
9.21121355377437,10.9499233172003,10.5229603275305
10.8025935575844,10.5217921038129,10.5557713720147
10.6462949562883,10.8494859649444,10.5650612921897
10.8440060102926,11.590783518426,10.8540464944261
10.8102220526435,12.0078358631205,10.8109286307518
10.9865404355436,10.8357546773897,10.755992314251
10.3502634527415,10.3681738445189,10.7087742413779
9.68845581491144,11.0067164611436,10.1927038928589
9.99185988227094,9.92493932146959,10.5110927033263
9.79260262094569,11.6991670364646,10.4547457180919
10.135878627656,11.7412458002758,10.3476914725148
10.160620733473,11.12018520786,10.8046340250502
10.3096553270647,10.8428944325598,10.8747644839712
11.0588999591156,10.7052985152933,11.1033992789012
11.7063405981169,12.5169164046785,11.1289659028492
11.725309035245,13.6403203153948,12.6441064617249
12.1202044097642,11.539595685094,12.6264679391004
12.9788702744082,12.5027936336434,12.4242614106013
12.8680874708834,11.0858913623521,12.5201438881042
12.1633392527986,10.7281972065617,11.8546421178643
11.1879869955071,10.8042072570847,11.9093529537021
11.9944515416779,11.2964387320821,11.9040415844656
11.2657011064926,11.5063347632466,11.8645322837537
13.7015987209704,11.3862856401558,12.1563464766087
13.3120102054649,11.579910184855,12.1074300306679
10.7774404924071,11.7856168024332,12.0796077151969
10.3298506326407,12.5625337378027,12.0153729033303
11.6517808041928,11.3252893266347,11.9675086193176
11.8027225230807,12.0247552080184,11.8777674691436
11.2244005379247,11.5730304060745,11.8677777358189
11.1858488662601,9.88255037562652,11.9821250985927
10.6887260329673,11.1016722150719,10.7285517218766
11.2088963252622,9.02099654230967,10.9041096308498
11.3700036251736,10.41396670771,10.765832722523
11.705775709445,10.3742025208695,10.7872481695693
11.5811901378548,10.9441881927884,12.0347054136699
12.6731371015308,11.2736335592259,11.8760508063981
12.4606671781114,10.0258636736897,11.8638537851683
13.355276824921,11.284115524743,12.0134488947492
10.9958154392261,11.226697800627,10.508669790782
10.1256133894325,11.3260168132678,10.5560234761476
9.76088300807021,12.1541712922818,10.4085573334902
10.6428236074864,10.7480304521356,10.5750471547037
10.1621888430929,11.7966234885047,10.819327249821
10.6296687651404,11.4429713904587,10.8491856548282
11.0766143705193,11.647309613921,10.7712584650184
10.9894144615375,10.6108013249884,10.8443864856224
9.0642595443234,10.1544883231647,10.405174304842
10.0544476773742,11.0004881640905,10.5889048478343
11.5720723189446,11.3826523837801,11.4214312712635
11.8212882307825,11.0201431267609,10.7148285012416
10.060367624553,10.2890085420146,11.0763381699268
9.45226406602581,11.246455727121,10.9046364083667
10.8271035424465,12.1183110489488,10.864345712576
12.5128675549954,11.2433076077522,11.0507729152727
12.4693932281405,12.3693049183114,12.5009992939912
12.642546865426,11.4915410978509,12.5560837260785
14.1228193355714,12.1681471029968,12.4562359658615
14.2072095030845,12.2217495196361,12.422662763681
12.163060956959,12.5657990684414,11.6573852219607
10.6446063270584,11.8033897097102,11.7102147999597
11.43274556796,11.6942611020821,11.6927600405186
10.4109180179712,11.0056311372213,11.7533842589355
12.3760339802729,10.6397127121028,12.1420452246775
13.4962450985425,11.7684639392362,12.0395546176447
12.8022211419812,11.2401555947369,12.0634511914257
11.7254250446279,10.8325450585848,12.1495886242898
12.4032395365846,10.5285929286465,12.1473506940183
11.6369939148148,12.3601633268719,12.0279098338645
13.0157830977007,10.8173085642807,12.015549992063
12.5397334591806,10.1165200106357,11.9858319035683
11.8438173398629,9.68476461554569,10.8771023269268
11.1205125880614,9.96789609936971,10.8131903589272
10.6270150127362,10.2054378166742,10.7840726829767
10.268865960162,9.11958425356017,10.9072417337255
10.3127380019016,9.87832542715121,12.1424895832433
10.4404155953944,10.0408436270682,11.9843116308887
11.3197409967559,10.0930245818074,11.8060441847632
11.3791915446312,10.4569761024531,12.0681611668482
11.1610998132297,10.8094195242926,10.4525251552264
10.3484917941623,11.3779316672021,10.4517843560245
10.9501876936157,10.4270716344782,10.5483777728946
11.365072859076,12.5532706489117,10.3128538937091
11.2697328680317,12.1262273083683,10.7430265955107
11.8494026369319,12.6341724623436,10.7063817799915
11.121732190066,12.2823664368272,10.7327159153854
11.3055263449802,11.1021147594465,10.8331606476533
10.5364549213412,11.3218959362548,10.3211345821299
9.17719249691041,11.1702317018574,10.5976792972011
10.8877851218744,11.3144100018031,11.1204768204323
10.5702231004987,11.4096982460963,10.711968747902
9.8073425047774,9.90787488673584,11.1621097951511
10.5456836724761,10.6283627470187,10.9846860987828
11.1887086877333,11.4435231344037,10.913247560082
10.7593251764849,12.3392754177665,10.8637342832906
12.0098855722793,11.8265552302971,12.4651529586985
10.6718475098891,11.252345057856,12.5314825116274
11.6907268182184,12.9906728477052,12.345590844534
11.9858157155476,12.5855563649473,12.3503303311407
11.3244872497392,10.6408346333689,11.8061185848162
10.8847694237406,10.8476697181287,11.7131443263404
11.2324219504895,10.0858923144345,11.6277147657576
10.8673514936518,10.1724596173531,11.5587859230247
11.0270456052907,11.0816346710132,11.9937642416884
11.6098647662323,11.6250343961,12.0350799503081
11.0025130985711,10.4906731601628,11.8680609075479
11.3773749669884,10.5079370317927,11.9887853430555
12.5949930240764,12.165964351903,12.272799419177
12.447679229743,11.1885327567112,12.5334350650692
11.5075238432991,12.1924299624876,11.9538349750345
11.2795901141895,11.7775075537503,11.8457691088976
10.6588854056285,10.6415353892133,10.8163805308866
9.09130981469461,9.79063899056785,10.856446815197
11.1941999712666,9.44563982749816,10.8901384133518
10.921759753523,10.6788735780947,10.7717040979937
11.1171181361299,11.5770833385066,11.9966054165513
12.0341268497891,9.91918277606273,12.1519593599717
11.9512566523735,11.0933777581591,12.0166686836474
12.4375259660045,10.0319920293479,12.1769905706343
10.746192864976,10.1020891715225,10.1849032371616
10.1580431324629,10.4456471035802,10.3303159353998
10.2867696359477,11.0222154582325,10.3047038917948
9.98226442489972,11.3833872809917,10.2724764165179
10.7958314997017,11.428933601596,11.0667333568017
11.7482379417036,11.5913365730332,11.0769023630785
12.0508016627646,11.6576794723531,11.0677945417478
11.7475061842966,12.129623856373,10.9971734510584
10.7607341098625,10.8377383119232,10.3836061930875
9.90528742227407,11.6848761575874,10.3614215456749
9.40380848607987,11.4978674048729,10.4306282788617
10.3129531458745,10.0525507674706,10.5547182634253
10.7215429913585,11.7466152314511,10.4627162171603
9.75020831013874,9.94759308672989,10.5977107709627
9.76505328178209,11.3444975995383,10.4496674274757
10.6915325759623,11.2495528479877,10.476254463631
10.6899659267412,11.6800401268025,11.1045037984341
10.7348490606078,12.141635497316,11.0750548861036
11.2569342604746,10.9563287034778,11.179622272774
11.0935865424586,11.7775230535843,11.0644307904953
10.4402278120526,10.9881488854287,10.8154475421039
11.2716283997,10.6741765940922,10.7753268685828
10.619442203397,11.2012325786585,10.4946746736847
9.87770329144803,9.02118846220633,10.1328828367514
11.6200113574961,10.624665773461,10.5923706660924
11.4076978991659,10.8443922600318,10.9968040079361
9.31971817345112,9.58208914672572,9.60980819630252
10.7391022233388,9.93732391661073,10.5054666435556
12.0555265315891,10.6144064459682,12.4084948703101
10.8113271958137,11.6830645561748,12.3640324602178
11.0853118462443,10.9956819075034,12.3041761675871
11.6372671343704,10.966456919954,12.227080057249
12.1288267863678,10.1851235927953,12.2634267203773
9.9674921927212,11.0599297490522,12.1567936743783
11.1651989165454,11.7956537071796,12.0782086552668
10.9384260570599,10.4722557795132,12.2052497084822
12.7713118658011,11.1330028557961,12.0120925096951
11.3182988104865,10.0995518144223,12.1046324566579
11.7063675560828,10.7892174726779,12.0347418996564
12.5627615618077,11.0728970833015,12.0210631996337
11.5825958531549,11.8573192142363,9.90706962422043
11.9558381918988,11.4787822527863,10.1845102770927
10.7172338120412,11.6002436380162,10.2399328436051
9.78291029076353,11.1436810893826,10.324486199256
10.4449908037742,10.8964237632848,11.1409575810916
10.3668862120494,12.0454213093937,11.046973295422
11.0602125342745,11.3806914772223,11.1080152010973
11.3408424284767,10.7061398422358,11.1469419315445
11.0032961817371,10.0062421809608,10.4377211755
9.13036442426761,11.7423064046063,10.2526795731114
9.46796181875061,10.482257242863,10.2904928055102
10.684883752804,10.1089213431826,10.4074480997474
10.4528894243736,10.2529709409645,10.557340002367
10.3319924253589,10.8169117387647,10.492583411691
9.97958318260913,11.0856280854113,10.4622372070171
10.4581270773127,9.86526117272377,10.5930256278743
13.7105450738172,10.3798964653986,11.2033036634314
12.5001416724525,10.5644501499053,11.1787422950285
10.0457133387996,10.6675331929389,11.123696358797
9.7842980053192,10.5337576674638,11.0790164428353
11.4075236975959,10.4219054421965,10.7865856950268
11.6688913353739,10.7059538600676,10.7370943446593
10.1895210830679,9.46691355002289,10.7544423706412
10.7822306025338,11.1790038190884,10.5271715405155
11.3105275015687,10.5520098320662,10.6363055250139
11.0025819126701,11.394548615283,10.8887888070511
9.61707219508108,11.0097553350355,10.7144622733521
11.5016176952385,10.2142886605242,10.6162226646127
12.246719983592,11.4156896917831,12.128939423581
10.9411124131161,11.577346612097,12.1867502910466
11.6815513581714,11.2833400622163,12.228834197384
13.70878967283,11.6061912066147,12.1737450137041
13.4385198582439,10.3364124929226,12.2882730802594
12.6886874487511,10.9839775971347,12.2062526869721
11.9247351529162,11.6549938619913,12.1317255324211
11.747741662141,12.1216486867991,12.0765818008993
10.7323333287827,11.0145983402755,12.0482099376419
12.1709807941163,10.1000051468209,12.125002249079
11.4902163361153,11.7442811861271,11.9540609437215
11.3214205633129,11.5912960717707,11.973358337411
8.96591129520642,10.223304658318,10.306398545648
10.8816717648941,10.7806506392007,10.2914163408266
11.5562203545039,10.3959103340908,10.3720526069133
9.49722220387087,10.7934070859373,10.3646525601678
10.2997490939246,11.6431105451901,11.0681279474569
10.5733712501736,12.1066707058684,11.0375279900369
11.6992963494476,11.1892591164536,11.1261919053253
11.1248054067626,10.8900670216142,11.1281694967586
10.4969762148834,11.479206596408,10.2832305735124
7.5760434802876,10.1010582544793,10.3945449778253
9.73346815273057,11.6080655320286,10.2196928117446
11.1119365149771,11.5485092844946,10.2339081624491
10.9725465696393,10.8509605144768,10.4753115487197
9.76827445684982,10.3510395471133,10.5261694753388
9.23696275021129,10.0012594474808,10.5635878028863
10.2624733169982,11.1939102293039,10.4500195388666
12.4177254047638,11.9432232028962,11.0329140277064
12.5013554439144,10.1527302289441,11.1940346486692
10.5217907981157,11.1821830608223,11.010245496375
11.0565347780304,9.6879218025993,10.8559280178286
11.9105318113146,9.7570390629449,10.7673943100687
10.6164287141146,9.91713686572082,10.7950490477557
10.6888526528859,10.1931504049786,10.6772677981611
9.75951046436293,10.172990522518,10.7610111303749
9.66599118976901,9.72190833762345,10.7494197580909
10.5656087884102,9.86696988067172,10.8106930180986
10.7751305928884,10.1489035631113,10.744188143685
11.5251524113001,11.3026459917152,10.5572109674116
11.5793911461274,10.9706181186544,12.0601408957951
10.3912257782184,12.2586789560606,12.0240879708775
12.1215238346983,12.0944695447817,12.095794775401
13.9831084768146,10.6960219309036,12.2530359624832
12.3253092498649,12.4181261277715,12.0848766711037
13.4442021484594,10.5338622933777,12.2652006388464
12.4945697142408,11.8152176277456,12.1314691706034
12.5181417603991,11.4341669381231,12.1629824206475
11.3594983363248,11.4074036836458,12.0261870762683
12.2941055282398,11.4313210608906,12.0055296378551
11.4684596458219,10.1454367814126,12.1259027280526
11.691601444325,11.0758884207211,12.0301830017164
8.22158935581191,10.9939195287167,10.3001936790485
10.5021405286722,10.993517386227,10.3174448493195
10.7913659065135,11.9744071420436,10.2354102325307
10.3176830365712,10.6210995975303,10.3902715645893
12.4856483570411,11.7365611586706,11.0561742806202
12.4515213082672,11.3792278865455,11.1076083223441
11.8613100848135,11.787098393171,11.0737713259855
10.4983790898446,10.9302101193592,11.1416112949829
10.97961519682,10.4040463686666,10.400223235002
10.2856457801824,10.8369928034689,10.3239370999226
10.4558512906556,10.21295094015,10.3706057311287
10.0313263678197,10.372744870515,10.3492318302247
10.6390667871656,9.87919203194983,10.565608066876
8.98154376245038,10.8624230387893,10.4671244118679
11.0713224255676,11.6362942761511,10.3913565874097
12.0191406845086,10.4316138388267,10.5214784455105
11.5612444080693,11.243844054752,11.0997561398869
9.82562365262104,10.313105636212,11.1796641796212
10.4826013184722,10.9383056141069,11.0484820718431
10.608222247915,10.9329574848716,10.8637384071113
10.7493214206928,11.6684987518223,10.5762929134117
10.7211882203501,11.143002920512,10.6945093026318
10.4797568324499,10.8831611162081,10.5663877015391
10.9822233336387,10.4279327580881,10.8741052391057
9.51658808226754,10.0483773064786,10.9774996953499
9.38242226262023,10.8738962039154,10.8563207419468
10.2310588386138,10.0784417933941,10.7807455218497
10.3573964856651,9.83059263711421,10.6821170459619
11.7836071014955,10.1977808768116,11.9721272605819
11.9581938743282,12.0622890629576,11.9284858176832
11.2534260566235,10.9252855621964,12.1445562535926
14.7223693253053,10.6797654391203,12.2173075550466
13.0469410980588,10.8628599915998,12.2223938759042
12.5703379250167,11.3626040023172,12.1731929866811
11.7577515010815,11.5844405904651,12.1558863334856
12.3210918091953,10.1794414315725,12.2965521862814
12.068820348737,10.3654245352772,12.1497457108687
12.0205899201814,10.2701634670532,12.1427572258849
12.6631258331413,10.3325097752877,12.1247142152645
11.8869379311675,10.3274827525955,12.1169309933476
9.32624596097919,10.92156670014,10.8397977244069
8.75241679854831,11.4686528904997,10.7991320712245
11.2078159614345,10.510261508771,10.9021730397005
10.9568796999332,12.501967899796,10.7073870963625
10.4333463314302,11.6660624118522,10.0580228464164
10.588888670481,12.0802928809978,10.0414678603286
10.3248267326515,11.9686443510113,10.1060513560342
10.4830072641484,11.1515419076702,10.1613547170162
11.0582736294848,11.340405916741,10.1090946288996
10.4486296236841,10.8477322430507,10.123991096092
9.06894342424591,10.326414807738,10.1582429218907
7.84281316339755,10.6646652686366,10.1139373642575
9.18312698764842,9.44981286595304,10.3000859887645
9.8568216924907,10.2365513480308,10.2209913449279
11.7497820032079,11.0358172760138,10.1465641523623
11.7184363413991,11.7188407938822,10.0907502630652
10.1740368296097,11.0506255053664,11.2110085539607
9.92922517509792,10.3956084901817,11.2772452757077
10.5379017367488,12.0579785906625,11.0725721110738
10.3162774095925,11.8003031684104,11.0657837978064
9.72370150271948,10.1772759910968,11.5086360671845
10.5812355427191,10.6249294322972,11.4731164924491
12.2085288401136,10.2765982418858,11.5841060131962
13.7052751262437,11.1169754676556,11.8150525616568
12.6338639787828,12.8223343443385,13.6585412985114
12.1003385665007,12.4395008980683,13.1699242442209
10.3010335980544,10.769977174628,12.9453582925953
9.90907408646837,10.4000103813916,12.7311603353221
10.2741177506344,11.1442957284035,10.6513964847354
11.6193021607747,9.6526104391831,10.7251378315791
11.4935393213215,11.490659309675,10.7639302317452
11.2770065078562,11.689574511593,10.8243150215342
10.9565217004154,11.1248330191866,11.9476734473373
11.3948778554599,10.7230137131544,12.0098064975313
11.6160651191616,10.3662247420532,12.0624061424684
10.965101813457,11.4680395344131,11.9699870489019
12.2681220013299,12.0757045236912,12.5029738502881
13.705974866428,10.1800991163235,12.6794369539629
12.4768656895832,11.2120671458466,12.5472106770561
12.1632087438015,9.99063192720071,12.6467559348685
10.1580752102629,10.5801205588285,10.8981726506217
10.1882470086788,10.9635701744401,10.8774110164219
11.7631719667498,11.3919631211627,10.8317560512003
12.3643918454034,11.2932368193521,10.8264024422447
10.2339978808645,10.5574487585055,10.1564906564641
10.2462301272548,10.6529459123147,10.2453789357487
10.8214639491062,11.2880957400518,10.4881099944309
8.68334051683975,11.8479974621393,10.1552017106722
9.47094312391669,10.7093153150862,10.1924315408264
10.7833092778511,11.505987648876,10.0616714578688
9.32142869681952,11.1642642411,10.0731363386719
8.7373134918719,9.63676752301223,10.2105786835301
9.88538483871903,11.3457655133863,10.1020429134547
11.1089991431113,9.591590904591,10.2798559100843
12.0430882659293,11.0322010363274,10.1432191888888
12.6707563387873,10.9127780152174,10.172331854175
11.0227314892459,11.3669297339528,11.1826066642438
11.6319512367887,11.7378858093734,11.1569860755645
11.8766127617498,10.5473839807206,11.2699666808486
10.3261575258263,11.4319536996588,11.1659948898501
10.8982346333637,10.9421048077496,11.4949191212272
12.1978044587975,10.8527103057465,11.5064321014071
12.0332676809554,11.9225727775509,11.4416853969704
13.3709266585419,11.0734757941467,11.7745154113796
14.596463146179,13.0893727107236,13.321850278425
13.2860748289774,13.0174832725993,13.6215764584535
11.0578602724465,12.2747110116446,12.9467943685101
11.7697426285847,10.8598664641831,12.7526264736672
10.3995494326729,9.93983432385577,10.8287201341359
9.88678940209386,10.1838688062605,10.7494465261485
11.895197551416,9.73562320558685,10.918052426657
9.9563798281733,10.1232683224967,10.9389835420962
10.6006377630509,9.86979750720142,12.045228895219
9.97912272768558,11.0853398511161,11.9646753579866
11.2451325874363,11.9783888326238,11.9197227339601
9.95505557257596,10.8066045574013,12.1070749740273
13.1345235713274,11.6937997824385,12.7317871277342
13.4645482236934,10.6497493925443,12.798527480229
12.4426757759787,11.146432211578,12.625851669249
12.4954948506899,11.2418609687538,12.5473355119151
10.9609686813652,12.5119755154569,10.7100600286221
10.6965586789445,12.1403953252645,10.7628013167923
11.1860596513843,12.071790264039,10.7663689234699
10.7797219904696,11.0021446482129,10.8486944297944
9.84587014553018,9.89190383659877,10.2061490133887
9.69042255379206,10.8904876538281,10.1835955078429
10.2632302613995,10.6530441058676,10.3872409861016
11.4093426427277,10.286979934863,10.3566091935866
11.3981198980465,9.80758212053391,10.2774669550391
10.9121422698591,11.596636417106,10.0484345363375
8.31433842781878,10.2830460982314,10.1593551467754
9.36776270769339,9.83607432899879,10.1899922679471
10.0912256704566,9.94000349979396,10.2430336010687
9.26858111306078,10.5116333856235,10.1855611344098
9.50244093128613,10.8414806949591,10.1613888286438
10.744964422788,9.68835767908579,10.2957493131783
11.0393345780367,10.2956494655948,11.2924612351944
10.6039429919828,10.5191978082222,11.2853591314091
12.2347046589328,10.679992507492,11.2708573162663
12.5907033394434,10.668264759198,11.2653428501973
10.6699932819706,10.6597347446625,11.5427647125508
9.17769424409827,11.0590439265828,11.4867941760625
10.91021050882,10.0864273431182,11.5120803580282
11.7335146613328,12.4706544610162,11.3801718686362
14.3499224010761,12.8095219851439,12.985372422135
13.2936324537066,13.8058592670473,13.1657900396685
13.082544819118,12.9586120879757,12.828359349654
11.8737734716142,11.4847395857808,12.7499286378744
9.73472807614661,11.2346056054497,10.8543856447707
11.1290262672697,10.426647377246,10.8799949892115
11.4936291965118,9.82600457424143,10.9358917977108
11.2460597318586,10.354511520842,10.9141786730213
12.5375862577526,9.55343710495747,12.0820856198413
12.160505891639,10.5581564943001,12.0313406506259
12.8145055657586,11.4860566685997,12.0227169871762
11.1167448890736,12.2769966063473,12.0707491134497
14.0831593711175,11.8695038372542,13.0444078223079
12.3591378769392,11.0818479804579,13.0649350468784
11.1844308935706,12.2789867070535,12.5652231068186
12.0394933009401,11.9072476721068,12.4915807890755
12.8673355740585,10.7449431823815,10.8831604661415
11.2559717822536,11.3813690802363,10.8338827200069
9.5329886050055,10.8262668971298,10.8848967203434
9.52414486018219,10.6849570353037,10.8705365215272
8.34684887541253,10.7737524761576,10.1063177793651
9.645949457869,10.9860475498096,10.0935179854017
9.53412310840406,10.2488450073455,10.2178307100133
10.4950927988179,10.2504441858672,10.1982487808498
12.9713568643594,11.2127797230023,10.1051959546452
11.0538224064129,10.0076424734771,10.2050094368841
9.63124653190294,11.518782176376,10.0395703732098
10.1825260039352,11.4196099929167,10.0388074470216
9.09503115673757,10.6664325381173,10.17776049596
8.75745528805531,10.1375704254526,10.2272941338136
8.68053880830331,9.79023909495995,10.2662315217917
10.3207545428173,11.0930141067746,10.1565689249197
10.5723112367583,11.9274860003333,11.1275053092485
10.0941268601675,10.2179909893879,11.3148571245133
10.8471067213362,11.3627449633013,11.2039164670207
10.0846385449831,10.1694285659952,11.3188378161491
11.9055554311383,10.1353943018991,11.600609380716
11.0275108167675,10.3149922976775,11.5658224286074
10.214303658697,10.8221851426497,11.4860667320341
11.3739506082108,11.2083481428486,11.50396220275
13.1677375895374,11.4510392842295,12.8319106107307
13.6144849998213,11.8013859734199,12.8469289716762
13.6802375060716,11.8660478640994,12.7839338106704
12.5097762517286,12.3412452034542,12.6385714871366
9.65771013464317,10.7005108671866,10.9360609786069
10.8358474340759,11.231026766179,10.8401430848495
11.6711014386772,10.8647391401228,10.8666076447094
12.4419827547358,9.50378618323752,11.0172706709116
11.8486628876258,11.5416893074237,11.8917651132607
12.539575742417,9.99562049096661,12.1076234023271
11.8577203290411,11.6038523526242,12.1021347074279
12.0290872348831,11.7400725744088,12.450216631449
13.4185127393515,11.8647952535514,12.8254370406725
13.2304006513664,11.994909540977,12.6899453480606
11.5067182448066,10.5896365792795,12.6872677556189
11.0309232506577,11.4039628694179,12.5367899507585
